frame,visibility_0,visibility_1,visibility_2,visibility_3,visibility_4,visibility_5,visibility_6,visibility_7,visibility_8,visibility_9,visibility_10,visibility_11,visibility_12,visibility_13,visibility_14,visibility_15,visibility_16,visibility_17,visibility_18,visibility_19,visibility_20,visibility_21,visibility_22,visibility_23,visibility_24,visibility_25,visibility_26,visibility_27,visibility_28,visibility_29,visibility_30,visibility_31,visibility_32,x_0,x_1,x_2,x_3,x_4,x_5,x_6,x_7,x_8,x_9,x_10,x_11,x_12,x_13,x_14,x_15,x_16,x_17,x_18,x_19,x_20,x_21,x_22,x_23,x_24,x_25,x_26,x_27,x_28,x_29,x_30,x_31,x_32,y_0,y_1,y_2,y_3,y_4,y_5,y_6,y_7,y_8,y_9,y_10,y_11,y_12,y_13,y_14,y_15,y_16,y_17,y_18,y_19,y_20,y_21,y_22,y_23,y_24,y_25,y_26,y_27,y_28,y_29,y_30,y_31,y_32,z_0,z_1,z_2,z_3,z_4,z_5,z_6,z_7,z_8,z_9,z_10,z_11,z_12,z_13,z_14,z_15,z_16,z_17,z_18,z_19,z_20,z_21,z_22,z_23,z_24,z_25,z_26,z_27,z_28,z_29,z_30,z_31,z_32,tug_subtask
1,0.9991282820701599,0.9989954233169556,0.9989684224128723,0.9992225170135498,0.9987392425537109,0.9985068440437317,0.9986897706985474,0.9989060163497925,0.9983475208282471,0.9990699291229248,0.9991684556007385,0.999607503414154,0.9996241331100464,0.24955971539020538,0.8594059348106384,0.2664046585559845,0.7570253014564514,0.2651642858982086,0.7218601703643799,0.26824235916137695,0.7157434821128845,0.2644500434398651,0.6855190396308899,0.9995049238204956,0.9990290403366089,0.4658069908618927,0.9457074403762817,0.6378921270370483,0.9459621906280518,0.7109137773513794,0.9216541051864624,0.7217310667037964,0.9411687254905701,0.8667325973510742,0.8726531863212585,0.8747456669807434,0.8772696256637573,0.8690694570541382,0.8687431216239929,0.8682799339294434,0.8856231570243835,0.873381495475769,0.8720990419387817,0.8680683374404907,0.90215003490448,0.8595997095108032,0.888166069984436,0.8413926362991333,0.8644693493843079,0.8288110494613647,0.863641083240509,0.8266026377677917,0.8560225367546082,0.8268094062805176,0.8553403615951538,0.8282961845397949,0.8655885457992554,0.8434733152389526,0.8007079362869263,0.7881399393081665,0.8104107975959778,0.8256577253341675,0.8220468759536743,0.8314672708511353,0.782037079334259,0.8091532588005066,0.4232545793056488,0.41406118869781494,0.41411691904067993,0.4142841696739197,0.41347306966781616,0.4131951928138733,0.4128016233444214,0.4206641912460327,0.41849327087402344,0.4356056749820709,0.43545323610305786,0.48677879571914673,0.4838024377822876,0.5775924921035767,0.5456483364105225,0.630096971988678,0.5769004821777344,0.6480268836021423,0.589024007320404,0.6432470679283142,0.5812773108482361,0.6406736969947815,0.5786569714546204,0.6506249904632568,0.6379122138023376,0.7009206414222717,0.6900089979171753,0.8205987215042114,0.779438853263855,0.8374010324478149,0.7691395878791809,0.8515438437461853,0.8202289342880249,-0.088099405169487,-0.09874029457569122,-0.09879368543624878,-0.09883439540863037,-0.07625140994787216,-0.07625328004360199,-0.07631625235080719,-0.11315145343542099,-0.012910434976220131,-0.0912364274263382,-0.06229596212506294,-0.165169820189476,0.07118447124958038,-0.1964489072561264,0.10909797251224518,-0.19170847535133362,0.05393458157777786,-0.2131291627883911,0.04732374846935272,-0.21408386528491974,0.030634764581918716,-0.19065847992897034,0.04465440660715103,-0.07911594957113266,0.07910427451133728,-0.07656853646039963,0.06911606341600418,0.04428938403725624,0.1947903037071228,0.05573155730962753,0.20709724724292755,0.0205354206264019,0.18970230221748352,Sit-To-Stand
2,0.9990689158439636,0.9989659190177917,0.998943030834198,0.9991633296012878,0.9987158179283142,0.9985026121139526,0.9986892342567444,0.9989128112792969,0.9983946084976196,0.9990944266319275,0.9991005659103394,0.9995569586753845,0.9995923638343811,0.3138020932674408,0.8004185557365417,0.30952897667884827,0.7131016850471497,0.3063828945159912,0.6822704672813416,0.3093205392360687,0.6762388944625854,0.29625171422958374,0.6484272480010986,0.9995208978652954,0.9990962147712708,0.5164623260498047,0.9237577319145203,0.6683698296546936,0.9300575852394104,0.7307816743850708,0.9052821397781372,0.7429758310317993,0.9281977415084839,0.8671879768371582,0.8734930753707886,0.8762226104736328,0.8790340423583984,0.869123637676239,0.8687403798103333,0.86822110414505,0.8876038789749146,0.8733206987380981,0.8736974000930786,0.8684174418449402,0.9154230356216431,0.8662587404251099,0.8874415159225464,0.836087703704834,0.8420551419258118,0.8207381963729858,0.8290198445320129,0.8143573999404907,0.8328750729560852,0.8180279731750488,0.8379658460617065,0.8217999339103699,0.8860130310058594,0.8545816540718079,0.8024954795837402,0.7923059463500977,0.810671329498291,0.8056252598762512,0.822860598564148,0.8132564425468445,0.7804592847824097,0.7710041403770447,0.42842575907707214,0.4153035879135132,0.4152523875236511,0.4154587388038635,0.4153183102607727,0.4150901436805725,0.414950966835022,0.4210425019264221,0.41964617371559143,0.43931907415390015,0.43926435708999634,0.4890323579311371,0.4841718077659607,0.5719805955886841,0.5419360399246216,0.5506609082221985,0.5451884865760803,0.5483362674713135,0.5464767217636108,0.534709095954895,0.5396129488945007,0.5375490784645081,0.5409759879112244,0.6597797274589539,0.6400059461593628,0.692179799079895,0.6720142960548401,0.8109405636787415,0.7926132678985596,0.8285807967185974,0.8117744326591492,0.8378964066505432,0.8203130960464478,-0.13554999232292175,-0.14546014368534088,-0.1454913169145584,-0.14554744958877563,-0.11968006193637848,-0.11973506212234497,-0.11980234086513519,-0.14362865686416626,-0.027350738644599915,-0.13211572170257568,-0.09850875288248062,-0.17726173996925354,0.06126195937395096,-0.2656953036785126,0.01819666102528572,-0.30464795231819153,-0.15685449540615082,-0.3340010643005371,-0.18166930973529816,-0.3279738426208496,-0.19013886153697968,-0.30219537019729614,-0.16645129024982452,-0.07909353822469711,0.07908564805984497,-0.24858061969280243,-0.06663370877504349,-0.12156252562999725,0.025975480675697327,-0.10895244032144547,0.034214895218610764,-0.15429025888442993,-0.01668376475572586,Sit-To-Stand
3,0.9991214871406555,0.9989915490150452,0.998973548412323,0.9991783499717712,0.9987586140632629,0.9985579252243042,0.9987455010414124,0.9989241361618042,0.9984415769577026,0.9991298913955688,0.9990889430046082,0.9995861649513245,0.9996018409729004,0.3771255910396576,0.7606045603752136,0.3671620488166809,0.6989802122116089,0.3615483045578003,0.6681220531463623,0.36358433961868286,0.6636608242988586,0.3473454415798187,0.6379109621047974,0.9994706511497498,0.999099850654602,0.5537717342376709,0.9005541801452637,0.6908798813819885,0.9092203974723816,0.7384539842605591,0.8912420272827148,0.757533609867096,0.9144808053970337,0.8652141690254211,0.8718684315681458,0.8745859861373901,0.8769629597663879,0.8683282136917114,0.8682205080986023,0.8679611086845398,0.8868806958198547,0.8738791346549988,0.8712131381034851,0.8672198057174683,0.9142158627510071,0.8655503988265991,0.8998878598213196,0.8387238383293152,0.8533974885940552,0.8242892026901245,0.8296761512756348,0.8172332048416138,0.8432504534721375,0.8218549489974976,0.8491166234016418,0.8259251713752747,0.8843300938606262,0.855084240436554,0.8464599847793579,0.8294073343276978,0.8510940670967102,0.8461071252822876,0.853090763092041,0.8558709025382996,0.8208195567131042,0.8184905052185059,0.4281311631202698,0.4153250455856323,0.4152612090110779,0.4154515564441681,0.4153623580932617,0.4152236580848694,0.41517800092697144,0.421089231967926,0.42007550597190857,0.4392074942588806,0.43909451365470886,0.48564738035202026,0.48432430624961853,0.5537230372428894,0.5461372137069702,0.5612832903862,0.5810438394546509,0.5680195093154907,0.5930406451225281,0.5569618940353394,0.5872962474822998,0.556158721446991,0.5837441682815552,0.6444535851478577,0.6346571445465088,0.7193337678909302,0.6902276873588562,0.8090875148773193,0.7993792295455933,0.8321866393089294,0.8148759007453918,0.8400000333786011,0.8296365737915039,-0.07554304599761963,-0.08690894395112991,-0.08694971352815628,-0.08696108311414719,-0.06453311443328857,-0.0645102709531784,-0.0645633265376091,-0.10105209052562714,0.0013109997380524874,-0.07755732536315918,-0.048125699162483215,-0.13284121453762054,0.06580214947462082,-0.19314797222614288,0.09453873336315155,-0.2929967939853668,0.037668824195861816,-0.3295334279537201,0.025043446570634842,-0.284044474363327,0.010981729254126549,-0.29741063714027405,0.02917104959487915,-0.07069480419158936,0.07070902734994888,-0.0980798527598381,0.0021946527995169163,0.003452910576015711,0.1087663322687149,0.011991978622972965,0.11871733516454697,-0.05654548853635788,0.08653537929058075,Sit-To-Stand
4,0.9989635944366455,0.9987350106239319,0.9987562894821167,0.9989733099937439,0.9984939694404602,0.9983253479003906,0.9985896348953247,0.9986587762832642,0.9981926083564758,0.9989691972732544,0.9987667798995972,0.9996046423912048,0.9995785355567932,0.4231942892074585,0.7125722169876099,0.3862701952457428,0.6632620096206665,0.3798014223575592,0.6332701444625854,0.38013002276420593,0.6294415593147278,0.3604593873023987,0.6061725616455078,0.9994920492172241,0.9991056323051453,0.5960361361503601,0.8785653114318848,0.7200385332107544,0.8914727568626404,0.7592158317565918,0.8765088319778442,0.7789978384971619,0.9055989384651184,0.863998293876648,0.870834231376648,0.8733854293823242,0.8760286569595337,0.8675028681755066,0.8675441741943359,0.8674705624580383,0.8868594169616699,0.8743270635604858,0.8702092170715332,0.866537868976593,0.913659930229187,0.866961658000946,0.8973091244697571,0.8501118421554565,0.8620370030403137,0.8436393737792969,0.8528215289115906,0.8404375910758972,0.8555342555046082,0.842190146446228,0.8577983975410461,0.8450440168380737,0.8840097188949585,0.8603913187980652,0.8307586908340454,0.8209781646728516,0.835475742816925,0.8402609825134277,0.8425756692886353,0.8471015095710754,0.8170068860054016,0.8163954615592957,0.4278859496116638,0.4162265360355377,0.41627299785614014,0.41640228033065796,0.416073739528656,0.41600850224494934,0.41597703099250793,0.4215488135814667,0.4207891523838043,0.43910494446754456,0.43907099962234497,0.48250141739845276,0.483743816614151,0.5563554167747498,0.5519155263900757,0.6073543429374695,0.6171396374702454,0.6234010457992554,0.6337146162986755,0.6185568571090698,0.6283732056617737,0.6117951273918152,0.6232109665870667,0.6407307386398315,0.6302246451377869,0.7172207236289978,0.6745246648788452,0.825035810470581,0.7661920189857483,0.8382378220558167,0.758704423904419,0.8520196080207825,0.7905001044273376,-0.09833381325006485,-0.11388375610113144,-0.11393028497695923,-0.11395714432001114,-0.0888901874423027,-0.08888794481754303,-0.08896049857139587,-0.1369992196559906,-0.024137869477272034,-0.1033107191324234,-0.07044710218906403,-0.16461093723773956,0.0490172877907753,-0.19445662200450897,0.08404453843832016,-0.19993259012699127,0.028151890262961388,-0.22018305957317352,0.01656421460211277,-0.2192419469356537,0.002100072568282485,-0.20139482617378235,0.01918194070458412,-0.07120554894208908,0.07122276723384857,-0.0955532044172287,0.06205923110246658,-0.010913871228694916,0.17325234413146973,-0.004837046377360821,0.18406149744987488,-0.06416542828083038,0.16155867278575897,Sit-To-Stand
5,0.9989867210388184,0.9987646341323853,0.9987857341766357,0.998981773853302,0.9985547661781311,0.998400092124939,0.998660683631897,0.9986408352851868,0.9982993006706238,0.9988656044006348,0.9986043572425842,0.9995824098587036,0.9995434880256653,0.4715149700641632,0.656440258026123,0.4097782373428345,0.6097106337547302,0.4019511640071869,0.5836422443389893,0.40139496326446533,0.5801419019699097,0.37919196486473083,0.5594430565834045,0.9995275139808655,0.9991652369499207,0.6295825839042664,0.8338120579719543,0.7420387864112854,0.852400004863739,0.7766284942626953,0.848331093788147,0.7935473918914795,0.8693424463272095,0.8614185452461243,0.866736888885498,0.8683927655220032,0.8700626492500305,0.8655179738998413,0.8662247657775879,0.8668401837348938,0.8829768300056458,0.875458836555481,0.8660585284233093,0.8644159436225891,0.9021633267402649,0.8722018003463745,0.8696643710136414,0.8554879426956177,0.8396698236465454,0.8470087051391602,0.8316590189933777,0.8455974459648132,0.8346850275993347,0.8462039232254028,0.8382050395011902,0.8477314114570618,0.8765702247619629,0.8578476905822754,0.812002956867218,0.8131238222122192,0.814911961555481,0.8311935663223267,0.8264650106430054,0.8421626091003418,0.7983055114746094,0.8109100461006165,0.4277189075946808,0.4163517355918884,0.4163426160812378,0.4163981080055237,0.4162892997264862,0.4162386953830719,0.41617611050605774,0.4211268126964569,0.42076775431632996,0.4391859173774719,0.43906787037849426,0.4720732867717743,0.4830229878425598,0.49759021401405334,0.5514971613883972,0.489639550447464,0.6023393273353577,0.4899064600467682,0.6169382929801941,0.48395994305610657,0.6109516024589539,0.4859119951725006,0.6061118245124817,0.6309705972671509,0.6261320114135742,0.6927579641342163,0.6767407059669495,0.82379549741745,0.7724303007125854,0.8370388746261597,0.789732813835144,0.8516436219215393,0.797326922416687,-0.0038190516643226147,-0.018372807651758194,-0.018411260098218918,-0.018412521108984947,0.004463269375264645,0.004453710280358791,0.004387529566884041,-0.05097109079360962,0.052396010607481,-0.013376982882618904,0.016528576612472534,-0.10439150035381317,0.10513047128915787,-0.1715468019247055,0.1298145353794098,-0.18355493247509003,0.08195813000202179,-0.20385047793388367,0.07728748768568039,-0.1946045458316803,0.06220605969429016,-0.180176243185997,0.07429616153240204,-0.07233219593763351,0.07232670485973358,-0.12896543741226196,0.05521400645375252,-0.0864935964345932,0.12415426969528198,-0.08121785521507263,0.13025997579097748,-0.10724373906850815,0.11370714008808136,Sit-To-Stand
6,0.9989283084869385,0.9986782670021057,0.9987015724182129,0.9989027380943298,0.9984703063964844,0.9983014464378357,0.9985984563827515,0.9985124468803406,0.9982560873031616,0.998714029788971,0.9982569813728333,0.999571681022644,0.9994868040084839,0.5223683714866638,0.6127299070358276,0.46075308322906494,0.5771889686584473,0.4507543444633484,0.5537296533584595,0.4496748447418213,0.550936222076416,0.42480504512786865,0.5322917103767395,0.9995299577713013,0.9991776347160339,0.6589534282684326,0.7963005900382996,0.7597821950912476,0.8181545734405518,0.7860615253448486,0.8213980793952942,0.8040926456451416,0.8381307125091553,0.86090487241745,0.866439938545227,0.8683336973190308,0.8703230619430542,0.8644688725471497,0.8648691177368164,0.8652426600456238,0.8827496767044067,0.8743191957473755,0.86573326587677,0.8631536364555359,0.9022468328475952,0.8706310391426086,0.8724592924118042,0.8524999618530273,0.843854546546936,0.8465466499328613,0.8339580297470093,0.8413884043693542,0.8358432054519653,0.8414384722709656,0.8397901654243469,0.8440674543380737,0.8729680776596069,0.8573424220085144,0.7987781763076782,0.8069733381271362,0.8142150044441223,0.8174436688423157,0.8265231847763062,0.8298394083976746,0.7898303270339966,0.7917134761810303,0.4292517900466919,0.41898736357688904,0.4189406931400299,0.4188869893550873,0.4189801812171936,0.41896840929985046,0.4189188778400421,0.4242728054523468,0.423780232667923,0.44123315811157227,0.4406887888908386,0.4738977551460266,0.4840792417526245,0.5157004594802856,0.5494474172592163,0.49092477560043335,0.5908277630805969,0.4868435263633728,0.6017711758613586,0.47718527913093567,0.5972989797592163,0.48034051060676575,0.5926551222801208,0.6317080855369568,0.6272801160812378,0.7053423523902893,0.696072518825531,0.8230923414230347,0.8086462020874023,0.836993932723999,0.8241216540336609,0.8509185910224915,0.8226795196533203,-0.03260496258735657,-0.04509945586323738,-0.045133449137210846,-0.04514769837260246,-0.02196415700018406,-0.02198466844856739,-0.022058775648474693,-0.06787382066249847,0.037171199917793274,-0.03843718767166138,-0.008107010275125504,-0.11741797626018524,0.09833959490060806,-0.20467405021190643,0.13476090133190155,-0.2499014139175415,0.08558677136898041,-0.27706873416900635,0.08000708371400833,-0.26247677206993103,0.06242335960268974,-0.2448176145553589,0.07640021294355392,-0.07384414970874786,0.07376724481582642,-0.13111507892608643,0.035241786390542984,-0.057843565940856934,0.10626979172229767,-0.049795251339673996,0.11300955712795258,-0.07853448390960693,0.08846478909254074,Sit-To-Stand
7,0.9988120198249817,0.9985749125480652,0.998637318611145,0.9988309144973755,0.9983217120170593,0.9981752634048462,0.9985029697418213,0.9985045194625854,0.9982248544692993,0.9986472129821777,0.9980863928794861,0.9996086359024048,0.9994720220565796,0.5657166242599487,0.5607825517654419,0.4969005286693573,0.5328125953674316,0.48458465933799744,0.5128337740898132,0.4823955297470093,0.5104362964630127,0.45503848791122437,0.4942898154258728,0.9995359182357788,0.9991567134857178,0.6914801597595215,0.7571539282798767,0.7817996740341187,0.7919934391975403,0.804315984249115,0.8104862570762634,0.8198909163475037,0.8182277679443359,0.859613299369812,0.8644318580627441,0.8660025596618652,0.8678088188171387,0.86326664686203,0.8639546632766724,0.864559531211853,0.8803887367248535,0.8743107914924622,0.8644543886184692,0.8626397848129272,0.8950481414794922,0.8770424127578735,0.8767603635787964,0.8603836297988892,0.8610763549804688,0.8510343432426453,0.8604719042778015,0.8464101552963257,0.853007972240448,0.8426658511161804,0.8532243967056274,0.8483898043632507,0.8675079345703125,0.8611850738525391,0.7902936935424805,0.8116731643676758,0.8119952082633972,0.8180121183395386,0.8255159258842468,0.8320863842964172,0.7824028134346008,0.794861912727356,0.42865121364593506,0.4189586639404297,0.4187760651111603,0.41847288608551025,0.41879910230636597,0.41877785325050354,0.41871216893196106,0.42334654927253723,0.4231705963611603,0.4395867586135864,0.4393601417541504,0.47482672333717346,0.483495831489563,0.5481675267219543,0.5588223338127136,0.6130674481391907,0.6114881634712219,0.6269515156745911,0.627007782459259,0.6247183680534363,0.620102047920227,0.6224835515022278,0.6213942170143127,0.6328694224357605,0.6281648874282837,0.7106741666793823,0.7137442231178284,0.8239415287971497,0.8127889037132263,0.8390067219734192,0.8203719258308411,0.8507413268089294,0.8335786461830139,-0.033514056354761124,-0.05057050660252571,-0.05058886855840683,-0.05061323568224907,-0.025179516524076462,-0.025180067867040634,-0.02528269961476326,-0.08326548337936401,0.025958245620131493,-0.04429633170366287,-0.011383532546460629,-0.13619481027126312,0.1011379212141037,-0.18704523146152496,0.1348176747560501,-0.18387264013290405,0.0845375806093216,-0.20567896962165833,0.08324892073869705,-0.20283326506614685,0.0634077936410904,-0.1816658079624176,0.07460024207830429,-0.08390972763299942,0.08388952910900116,-0.09610122442245483,0.11462950706481934,-0.03858913853764534,0.18571914732456207,-0.03163648396730423,0.19077149033546448,-0.06383414566516876,0.1740381270647049,Sit-To-Stand
8,0.9987002611160278,0.9984626770019531,0.998552143573761,0.998755693435669,0.9981471300125122,0.9979991316795349,0.9983828663825989,0.9984769225120544,0.9981289505958557,0.9986138343811035,0.9979578256607056,0.9996392130851746,0.9994447827339172,0.6057912111282349,0.5189803242683411,0.5333263278007507,0.5037199258804321,0.5188308358192444,0.486696720123291,0.5157015919685364,0.4852171540260315,0.48719391226768494,0.4708392024040222,0.9995402097702026,0.9991133213043213,0.7212259769439697,0.7323665618896484,0.8020405769348145,0.7792201638221741,0.821408212184906,0.8085461258888245,0.8349128365516663,0.8085302710533142,0.8569122552871704,0.8614202737808228,0.8628106117248535,0.864272952079773,0.8606451153755188,0.8614811897277832,0.862373948097229,0.8765290379524231,0.8736349940299988,0.8612152338027954,0.8598741292953491,0.8948040008544922,0.8746461868286133,0.8836790323257446,0.8568323850631714,0.8726173639297485,0.8467211723327637,0.8735052347183228,0.8428581953048706,0.8695756793022156,0.840904712677002,0.8681071996688843,0.8454634547233582,0.8654095530509949,0.8599230647087097,0.7947437167167664,0.8194805979728699,0.8154605031013489,0.8292975425720215,0.8289262652397156,0.8393963575363159,0.7832059860229492,0.8183448910713196,0.42697879672050476,0.4175400733947754,0.4172617197036743,0.4168839454650879,0.41745898127555847,0.4173251688480377,0.41716477274894714,0.421184241771698,0.4212222695350647,0.43769505620002747,0.4377044439315796,0.4757637083530426,0.48074987530708313,0.550561249256134,0.5569220781326294,0.6235536336898804,0.6107431650161743,0.6360582709312439,0.6146221160888672,0.6361756920814514,0.5970820784568787,0.6314182877540588,0.5985938310623169,0.6325847506523132,0.6272270083427429,0.7102383971214294,0.714085578918457,0.8240602612495422,0.8093214631080627,0.8395257592201233,0.8120000958442688,0.8499574661254883,0.8309327960014343,-0.03695109486579895,-0.064458467066288,-0.06441803276538849,-0.06443776190280914,-0.03648877516388893,-0.036494094878435135,-0.03667145594954491,-0.10703393071889877,0.006220163777470589,-0.05788711830973625,-0.02196800522506237,-0.15223899483680725,0.08969613909721375,-0.18670853972434998,0.12556713819503784,-0.19129493832588196,0.0766628086566925,-0.21255040168762207,0.07449588924646378,-0.21154876053333282,0.05524347350001335,-0.18974867463111877,0.06713078916072845,-0.0832960307598114,0.08328241854906082,-0.09645821899175644,0.13065657019615173,-0.03981025889515877,0.21342730522155762,-0.03467201441526413,0.2202969789505005,-0.06831058114767075,0.20361880958080292,Sit-To-Stand
9,0.9987661242485046,0.9985592365264893,0.9986410737037659,0.9988328814506531,0.9982643723487854,0.9981123805046082,0.9984749555587769,0.9985663294792175,0.9982665777206421,0.9986647367477417,0.9979891777038574,0.9996669888496399,0.9994291663169861,0.6435380578041077,0.4814493656158447,0.573246419429779,0.46529731154441833,0.5572896599769592,0.45196768641471863,0.5538528561592102,0.45046377182006836,0.523063600063324,0.4371277689933777,0.9995796084403992,0.9991666078567505,0.7417377829551697,0.696212887763977,0.8170956969261169,0.7381148934364319,0.83396315574646,0.7817907929420471,0.8454017043113708,0.7726290225982666,0.855439305305481,0.8602170944213867,0.8616425395011902,0.8632124066352844,0.85930997133255,0.8601177930831909,0.8609896898269653,0.8742318153381348,0.871886134147644,0.8598061800003052,0.8583276867866516,0.887370228767395,0.8770705461502075,0.8729909062385559,0.8706721067428589,0.8396091461181641,0.8605225682258606,0.8295127153396606,0.8601024746894836,0.8316540718078613,0.8528679013252258,0.8360252380371094,0.8585110902786255,0.8625361323356628,0.8590252995491028,0.7981724143028259,0.8152374029159546,0.8178561925888062,0.835468590259552,0.828882098197937,0.8468794822692871,0.7892783880233765,0.8195581436157227,0.4285842776298523,0.4190218150615692,0.4186488687992096,0.4182303547859192,0.4190497398376465,0.41882285475730896,0.4185665249824524,0.42189154028892517,0.42171159386634827,0.43810319900512695,0.43811485171318054,0.4710943102836609,0.48115915060043335,0.49394258856773376,0.5561957955360413,0.4730527698993683,0.6112197637557983,0.47007134556770325,0.6208178997039795,0.4617971181869507,0.6175876259803772,0.4653397500514984,0.6146952509880066,0.6286675930023193,0.6245519518852234,0.7010370492935181,0.7082709074020386,0.8199206590652466,0.8087266087532043,0.8394825458526611,0.8080403208732605,0.8498944640159607,0.830061137676239,-0.030926112085580826,-0.0468023307621479,-0.04681416600942612,-0.046808622777462006,-0.025091981515288353,-0.025103192776441574,-0.025170166045427322,-0.08023214340209961,0.01651618257164955,-0.0407932810485363,-0.012234472669661045,-0.13167957961559296,0.08709651976823807,-0.2402915209531784,0.1276998072862625,-0.30462536215782166,0.10845451056957245,-0.33389517664909363,0.11093709617853165,-0.31547942757606506,0.09093676507472992,-0.29867446422576904,0.10011468827724457,-0.08136957138776779,0.08122926205396652,-0.10019894689321518,0.10947331041097641,-0.06942589581012726,0.19252729415893555,-0.06583496183156967,0.20063893496990204,-0.10067574679851532,0.18815827369689941,Sit-To-Stand
10,0.9988391399383545,0.9986469745635986,0.9987230896949768,0.9989067912101746,0.9983552694320679,0.998192310333252,0.9985432624816895,0.9986625909805298,0.9983441233634949,0.9987255334854126,0.9980500340461731,0.9996964931488037,0.9994345307350159,0.6770590543746948,0.4410307705402374,0.610496461391449,0.4306246042251587,0.5939992666244507,0.4205661416053772,0.5905799269676208,0.41907840967178345,0.55990070104599,0.4074656665325165,0.9995917677879333,0.9992021918296814,0.7569803595542908,0.6534712314605713,0.8270472288131714,0.6999078989028931,0.8440850377082825,0.7560968995094299,0.8527158498764038,0.739888072013855,0.8524968028068542,0.8566826581954956,0.858047604560852,0.859286904335022,0.8558985590934753,0.8566223382949829,0.8573075532913208,0.8684291839599609,0.8671137690544128,0.8562137484550476,0.8551052808761597,0.8784248232841492,0.8764980435371399,0.8638908267021179,0.864534854888916,0.8447564840316772,0.853718638420105,0.8316575884819031,0.8519355654716492,0.8347058296203613,0.8478003740310669,0.8398901224136353,0.8537729978561401,0.855706512928009,0.8571135401725769,0.7993712425231934,0.8169547915458679,0.8251900672912598,0.8329917788505554,0.8391885757446289,0.8409595489501953,0.8074380159378052,0.8138736486434937,0.4264167547225952,0.4176968038082123,0.4172936975955963,0.41678184270858765,0.4179399609565735,0.4177953004837036,0.41768303513526917,0.41997238993644714,0.4207693934440613,0.4334240257740021,0.4333045184612274,0.47094297409057617,0.48088181018829346,0.5214181542396545,0.5559046864509583,0.5942964553833008,0.6157408356666565,0.6128931641578674,0.6322370767593384,0.6106124520301819,0.6306400895118713,0.6048998236656189,0.6249359250068665,0.6231731176376343,0.6222349405288696,0.6983115673065186,0.7057615518569946,0.8035368323326111,0.8146820068359375,0.812807023525238,0.8258830308914185,0.8495567440986633,0.834666907787323,-0.02826681360602379,-0.043584421277046204,-0.04361194744706154,-0.04362073168158531,-0.02194155380129814,-0.02193427085876465,-0.02198312245309353,-0.07928092777729034,0.016818370670080185,-0.03868705779314041,-0.01064255554229021,-0.1302463859319687,0.08596248924732208,-0.19012819230556488,0.12223438173532486,-0.22185885906219482,0.089923195540905,-0.24234113097190857,0.09319944679737091,-0.23387110233306885,0.07383272051811218,-0.21831580996513367,0.08132833242416382,-0.07386818528175354,0.07379041612148285,-0.07998538762331009,0.09275360405445099,-0.0385466068983078,0.13335952162742615,-0.03395576775074005,0.13667255640029907,-0.039062753319740295,0.12175861746072769,Sit-To-Stand
11,0.9988987445831299,0.9987223148345947,0.9987911581993103,0.998966634273529,0.9984393119812012,0.998279869556427,0.9986205101013184,0.9987543225288391,0.9984591007232666,0.9988081455230713,0.998173177242279,0.9997225999832153,0.9994670152664185,0.7074994444847107,0.40143778920173645,0.6426716446876526,0.39705389738082886,0.6250383853912354,0.3902522027492523,0.6212124228477478,0.3891269564628601,0.5906055569648743,0.3795853555202484,0.9996042847633362,0.9992401599884033,0.7804917097091675,0.6166002750396729,0.8409144282341003,0.6813386082649231,0.857227087020874,0.7505638599395752,0.8626332879066467,0.7240034937858582,0.8448919057846069,0.8492125272750854,0.8507435917854309,0.8523089289665222,0.8481313586235046,0.8488079905509949,0.8495279550552368,0.8630577921867371,0.8611003160476685,0.8497503399848938,0.848225474357605,0.8737777471542358,0.8761152029037476,0.8638381958007812,0.8619839549064636,0.844218373298645,0.8422339558601379,0.8383074998855591,0.8361194729804993,0.8370125889778137,0.8311106562614441,0.8424580693244934,0.8352181315422058,0.8553576469421387,0.8582736253738403,0.7860481142997742,0.8177744746208191,0.8186289072036743,0.8295424580574036,0.8351299166679382,0.8369345664978027,0.8044673204421997,0.8064787983894348,0.42722100019454956,0.4176787734031677,0.4172729551792145,0.4167740046977997,0.41793137788772583,0.4177670180797577,0.4176369905471802,0.4197305738925934,0.4207615554332733,0.4340570271015167,0.43421226739883423,0.4679242670536041,0.4797701835632324,0.5482483506202698,0.5554022192955017,0.6256786584854126,0.6124033331871033,0.6457028985023499,0.6277123689651489,0.6438198089599609,0.6216771006584167,0.6365911364555359,0.6183280944824219,0.6238594055175781,0.62315434217453,0.7014167308807373,0.7152819037437439,0.8042859435081482,0.8185145258903503,0.8139531016349792,0.8335150480270386,0.8495380878448486,0.8393306732177734,-0.030581960454583168,-0.04711537063121796,-0.0471176877617836,-0.04713763669133186,-0.023923153057694435,-0.02391332946717739,-0.024005312472581863,-0.08391360938549042,0.015939300879836082,-0.04253358393907547,-0.01284158043563366,-0.14286068081855774,0.09025974571704865,-0.18778525292873383,0.14104221761226654,-0.185792475938797,0.12358764559030533,-0.20643499493598938,0.13158610463142395,-0.20103473961353302,0.10828673839569092,-0.18288595974445343,0.11354856193065643,-0.07698969542980194,0.07701735198497772,-0.08974124491214752,0.12018641084432602,-0.03870543837547302,0.16996130347251892,-0.03281421959400177,0.1709824800491333,-0.038946572691202164,0.15496841073036194,Sit-To-Stand
12,0.9988943934440613,0.9987747669219971,0.9988324642181396,0.9990029335021973,0.998501718044281,0.998331606388092,0.9986693859100342,0.9987742900848389,0.998540461063385,0.9987914562225342,0.998127281665802,0.9997434020042419,0.9994693398475647,0.7341591715812683,0.3726096451282501,0.6738280057907104,0.3719503581523895,0.6574216485023499,0.3705001771450043,0.653698742389679,0.36958426237106323,0.6225423812866211,0.3606981933116913,0.999640166759491,0.9992952942848206,0.7990700006484985,0.5744607448577881,0.8533382415771484,0.6536983847618103,0.8682392835617065,0.7279027104377747,0.8718108534812927,0.7046425342559814,0.83263099193573,0.8378615379333496,0.8392346501350403,0.8407589793205261,0.837904155254364,0.8392372131347656,0.8407469987869263,0.8530837893486023,0.8531707525253296,0.8362606167793274,0.8362888097763062,0.8619400858879089,0.8715900182723999,0.8301111459732056,0.8606241345405579,0.7902458906173706,0.8399697542190552,0.7806258201599121,0.8362194299697876,0.7836467027664185,0.8345168828964233,0.7852760553359985,0.8354137539863586,0.8502910733222961,0.8579815626144409,0.78502357006073,0.8162782788276672,0.8147649765014648,0.8211970329284668,0.8296539187431335,0.8326414227485657,0.8000892400741577,0.8066363334655762,0.4275207817554474,0.4179591238498688,0.4175258278846741,0.4170389771461487,0.4182928204536438,0.41815614700317383,0.4180764853954315,0.42042508721351624,0.42193180322647095,0.4348132908344269,0.435818612575531,0.46410465240478516,0.4861126244068146,0.48173198103904724,0.5609316229820251,0.4601838290691376,0.6105270981788635,0.45401710271835327,0.6243505477905273,0.4462323784828186,0.6239823698997498,0.43281927704811096,0.6149993538856506,0.6245822310447693,0.627619206905365,0.7023032903671265,0.7114884257316589,0.8101332187652588,0.8141190409660339,0.8245337009429932,0.8291839957237244,0.8536809086799622,0.8383291959762573,-0.016373466700315475,-0.03156441077589989,-0.03158985823392868,-0.03158707171678543,-0.01033124141395092,-0.01033703237771988,-0.010383633896708488,-0.07135586440563202,0.024584468454122543,-0.027941156178712845,0.00011291694681858644,-0.12913529574871063,0.09018068015575409,-0.23663118481636047,0.16057521104812622,-0.3043433427810669,0.17377345263957977,-0.3349095582962036,0.1855194866657257,-0.3156227171421051,0.16381746530532837,-0.29830434918403625,0.16611053049564362,-0.0770249143242836,0.07703493535518646,-0.06620863825082779,0.1492358148097992,-0.01848851516842842,0.1878197193145752,-0.011189411394298077,0.19106927514076233,-0.010654209181666374,0.1833469569683075,Sit-To-Stand
13,0.9989084601402283,0.9987725019454956,0.9988422989845276,0.9990098476409912,0.9984691739082336,0.9983029961585999,0.9986448884010315,0.9987859725952148,0.9985285997390747,0.9987949132919312,0.9980857372283936,0.9997616410255432,0.99946528673172,0.7568720579147339,0.3479151725769043,0.6925564408302307,0.35809242725372314,0.6746498942375183,0.3608829975128174,0.6706163883209229,0.36081889271736145,0.6387014389038086,0.35282260179519653,0.9996120929718018,0.9992614984512329,0.8135324120521545,0.5512677431106567,0.8637493252754211,0.6342501640319824,0.8765425086021423,0.7174111604690552,0.8794006109237671,0.6912481188774109,0.8315965533256531,0.8368541598320007,0.8385775685310364,0.8397951126098633,0.8356424570083618,0.836323618888855,0.8367235064506531,0.847691535949707,0.8452829122543335,0.834205150604248,0.8323817253112793,0.8618336915969849,0.8498125076293945,0.8463187217712402,0.8334420919418335,0.8249489665031433,0.8196884393692017,0.8236433267593384,0.816855251789093,0.8275915384292603,0.8153907060623169,0.8252547383308411,0.816489040851593,0.8498484492301941,0.8467632532119751,0.7889126539230347,0.8153713345527649,0.8169652819633484,0.8228244781494141,0.8304742574691772,0.8333203196525574,0.7940253615379333,0.8072120547294617,0.42823588848114014,0.41903695464134216,0.4187341332435608,0.41841575503349304,0.4191848635673523,0.4190436005592346,0.41897520422935486,0.4217197597026825,0.42278623580932617,0.4349176287651062,0.4358471632003784,0.4715743958950043,0.4830304682254791,0.531701922416687,0.5426880717277527,0.6003589034080505,0.5631538033485413,0.6089859008789062,0.5698524117469788,0.6148967146873474,0.5650784969329834,0.6129223704338074,0.5633537173271179,0.6247566938400269,0.6233302354812622,0.7008611559867859,0.7060517072677612,0.8121392726898193,0.8129021525382996,0.825019896030426,0.8276235461235046,0.8500091433525085,0.8364475965499878,-0.02323383279144764,-0.038285043090581894,-0.03830111771821976,-0.03830009698867798,-0.016147363930940628,-0.016155622899532318,-0.016215667128562927,-0.0734175369143486,0.024699097499251366,-0.03330640494823456,-0.004727968946099281,-0.12453870475292206,0.0935855582356453,-0.16417668759822845,0.15475213527679443,-0.17139670252799988,0.14217312633991241,-0.18967077136039734,0.14604045450687408,-0.18814267218112946,0.1272576004266739,-0.1700076460838318,0.13389131426811218,-0.07700404524803162,0.07701152563095093,-0.0932617112994194,0.07078761607408524,-0.06986488401889801,0.10671798884868622,-0.06655484437942505,0.10930599272251129,-0.09077905863523483,0.08935055136680603,Sit-To-Stand
14,0.9989649653434753,0.9988478422164917,0.9989127516746521,0.9990684390068054,0.9985612630844116,0.9984111785888672,0.9987357258796692,0.9988361597061157,0.9986283183097839,0.9988173246383667,0.9980634450912476,0.999771773815155,0.9994252324104309,0.7775173783302307,0.3403412699699402,0.7174046635627747,0.3678397536277771,0.7000442147254944,0.3686927855014801,0.6961456537246704,0.36902886629104614,0.6639804840087891,0.36142396926879883,0.9996219277381897,0.9992714524269104,0.8304447531700134,0.559090256690979,0.8750281929969788,0.6338849067687988,0.8842087984085083,0.7129138112068176,0.8881973624229431,0.688834547996521,0.8242260813713074,0.8271762728691101,0.8284798860549927,0.8296157121658325,0.8259065747261047,0.8263923525810242,0.8268874883651733,0.8397914171218872,0.8387097120285034,0.830608069896698,0.8290368318557739,0.8675920367240906,0.8533024787902832,0.8485332727432251,0.837374210357666,0.8179261088371277,0.8055328130722046,0.8101903796195984,0.7973580360412598,0.8134657144546509,0.7968389987945557,0.8163889646530151,0.7989693284034729,0.8633458018302917,0.8482861518859863,0.7991305589675903,0.8004597425460815,0.8192766308784485,0.81846684217453,0.8317556381225586,0.8302993774414062,0.7915874719619751,0.8021896481513977,0.44507792592048645,0.4343334138393402,0.43344730138778687,0.43238624930381775,0.43462151288986206,0.4340752363204956,0.43338626623153687,0.4314844012260437,0.4334953725337982,0.45261508226394653,0.4539394676685333,0.4741307199001312,0.49552804231643677,0.5340115427970886,0.5591461062431335,0.5218930840492249,0.5538743138313293,0.5155479311943054,0.5512503385543823,0.5060294270515442,0.5447549819946289,0.5098084211349487,0.546241044998169,0.6282277703285217,0.6287108063697815,0.7056185603141785,0.6912629008293152,0.8191333413124084,0.8052984476089478,0.832635223865509,0.8182790279388428,0.855673611164093,0.8339792490005493,-0.003158108564093709,-0.017931990325450897,-0.017956523224711418,-0.017950639128684998,0.004182546399533749,0.004156796727329493,0.00408492237329483,-0.057269174605607986,0.042582474648952484,-0.015475881285965443,0.01355694979429245,-0.10692932456731796,0.09986351430416107,-0.15735825896263123,0.14661920070648193,-0.17123447358608246,0.12242380529642105,-0.1890619695186615,0.12784253060817719,-0.1840055286884308,0.10568752139806747,-0.16882048547267914,0.11382593959569931,-0.07559134066104889,0.07558745890855789,-0.09849917143583298,0.05075275897979736,-0.07114661484956741,0.10036520659923553,-0.06735739856958389,0.10497969388961792,-0.08862501382827759,0.09504126012325287,Sit-To-Stand
15,0.9990060329437256,0.998921275138855,0.9989756345748901,0.9991281032562256,0.9986493587493896,0.9985007047653198,0.998814046382904,0.9988823533058167,0.9987156391143799,0.998850405216217,0.9980683922767639,0.9997875690460205,0.9993186593055725,0.7970397472381592,0.3258315324783325,0.7408786416053772,0.36854249238967896,0.7242990732192993,0.37010031938552856,0.7203761339187622,0.3706902265548706,0.6883271932601929,0.36305591464042664,0.9996508955955505,0.9992527961730957,0.8460233807563782,0.5393201112747192,0.8860784769058228,0.6035639643669128,0.8932550549507141,0.6862291097640991,0.8970896005630493,0.6683318018913269,0.8211000561714172,0.8235206604003906,0.824343204498291,0.8250899314880371,0.8234478235244751,0.8242653608322144,0.825114369392395,0.8328282237052917,0.834850013256073,0.826137900352478,0.8258727192878723,0.8549063801765442,0.8545834422111511,0.84107506275177,0.8399444818496704,0.8102181553840637,0.8086422681808472,0.802534282207489,0.7989038228988647,0.8037009239196777,0.7963430285453796,0.8073090314865112,0.7982044816017151,0.8565276861190796,0.8517042994499207,0.8051115870475769,0.8075886964797974,0.8213098645210266,0.829330563545227,0.836054801940918,0.8403986692428589,0.7915635704994202,0.8089650869369507,0.45120981335639954,0.43922948837280273,0.4383365213871002,0.4373530149459839,0.43962007761001587,0.4391629099845886,0.4386233687400818,0.43644779920578003,0.43880826234817505,0.4585309624671936,0.45989352464675903,0.47570380568504333,0.5000136494636536,0.5268269181251526,0.5636349320411682,0.5093846917152405,0.5545380115509033,0.5054150223731995,0.5498825907707214,0.49631041288375854,0.5452629923820496,0.49959596991539,0.5467917323112488,0.6322824358940125,0.6322728991508484,0.7134501338005066,0.6842527985572815,0.8227605223655701,0.7627557516098022,0.8377298712730408,0.7744051814079285,0.8553066253662109,0.785297155380249,0.00841597281396389,-0.005587298423051834,-0.005596601404249668,-0.005589656066149473,0.013471992686390877,0.01344186533242464,0.013379773125052452,-0.04596230760216713,0.04105959087610245,-0.004128537140786648,0.021073009818792343,-0.09671369194984436,0.09682805091142654,-0.16265714168548584,0.14295996725559235,-0.19363674521446228,0.12287326902151108,-0.21472331881523132,0.12386631965637207,-0.20809289813041687,0.10649678856134415,-0.1908150464296341,0.1145845428109169,-0.07232681661844254,0.07229522615671158,-0.09864947199821472,0.12710580229759216,-0.09953168779611588,0.21071569621562958,-0.09946351498365402,0.21918705105781555,-0.12812364101409912,0.22754058241844177,Sit-To-Stand
16,0.9990612268447876,0.99897700548172,0.999025285243988,0.9991719722747803,0.9987220764160156,0.9985820651054382,0.9988849759101868,0.9989006519317627,0.9987829327583313,0.998847484588623,0.9980520606040955,0.9997929930686951,0.9993034601211548,0.8152798414230347,0.3234099745750427,0.7620739340782166,0.37235793471336365,0.7455583214759827,0.371245414018631,0.7416027784347534,0.3715212047100067,0.7093865871429443,0.36451104283332825,0.9996430277824402,0.9992523789405823,0.8579766154289246,0.5359077453613281,0.8930587768554688,0.6002614498138428,0.8983643651008606,0.6796548366546631,0.9028864502906799,0.6659740209579468,0.8085294961929321,0.8104581832885742,0.8118683695793152,0.8132239580154419,0.8091779947280884,0.8098726272583008,0.8105727434158325,0.8230698704719543,0.8221845626831055,0.8169309496879578,0.8151112794876099,0.8558241128921509,0.8458202481269836,0.8439067602157593,0.8310049772262573,0.8094161152839661,0.802660346031189,0.8012748956680298,0.7920915484428406,0.8021392822265625,0.7920554876327515,0.8055976629257202,0.7942149043083191,0.8598445653915405,0.8515517115592957,0.8040705919265747,0.8065557479858398,0.8212682604789734,0.8193541765213013,0.8356698751449585,0.831869900226593,0.7930729985237122,0.7903579473495483,0.46120303869247437,0.4492156207561493,0.44821521639823914,0.4471789598464966,0.4499201774597168,0.44948306679725647,0.4489947259426117,0.44605013728141785,0.44796842336654663,0.46882113814353943,0.4694858491420746,0.4858826994895935,0.505993127822876,0.5283724665641785,0.570400595664978,0.5107389688491821,0.5502364039421082,0.5049170851707458,0.5449966788291931,0.49741610884666443,0.5401032567024231,0.5007821321487427,0.5408486723899841,0.6324275135993958,0.636640727519989,0.7148023247718811,0.6970392465591431,0.8224784135818481,0.8035210967063904,0.8375878930091858,0.8181837797164917,0.8583499789237976,0.8326213955879211,-0.0010110343573614955,-0.0137559799477458,-0.013767731375992298,-0.013755092397332191,0.006041225045919418,0.006015072576701641,0.005960850976407528,-0.04619946703314781,0.04288503900170326,-0.011185355484485626,0.014882752671837807,-0.09163803607225418,0.0953512042760849,-0.1651889979839325,0.14128459990024567,-0.19650578498840332,0.12204200029373169,-0.2154567688703537,0.12195008993148804,-0.20603600144386292,0.10704325139522552,-0.1928977221250534,0.11445243656635284,-0.0699218139052391,0.06993730366230011,-0.09884993731975555,0.021843256428837776,-0.08099350333213806,0.04958890751004219,-0.07788766920566559,0.051353566348552704,-0.09668560326099396,0.032813362777233124,Sit-To-Stand
17,0.9990555047988892,0.9989867210388184,0.999023973941803,0.9991694688796997,0.9987444877624512,0.9986141920089722,0.9989150166511536,0.9988934397697449,0.9988245964050293,0.9988301396369934,0.9980147480964661,0.9998082518577576,0.9992710947990417,0.829544186592102,0.29996049404144287,0.7769721150398254,0.34909701347351074,0.7599630951881409,0.3509182929992676,0.7559334635734558,0.3511281907558441,0.7216678261756897,0.3443284332752228,0.9996196031570435,0.9991232752799988,0.8695001602172852,0.5308606624603271,0.9011204242706299,0.5894296765327454,0.9046944379806519,0.6686490774154663,0.9089348316192627,0.651846170425415,0.8029472231864929,0.8039715886116028,0.8047536015510559,0.8054006695747375,0.8041254878044128,0.8050823211669922,0.8059705495834351,0.8140853643417358,0.8168323636054993,0.809228777885437,0.8095170259475708,0.8288485407829285,0.8484454154968262,0.8443208932876587,0.8466829061508179,0.8125585317611694,0.8102107048034668,0.8037630319595337,0.8022767901420593,0.8031404614448547,0.8005426526069641,0.8101528286933899,0.8026087880134583,0.8530410528182983,0.8557183146476746,0.800693690776825,0.8063438534736633,0.8218784332275391,0.8200693130493164,0.835061252117157,0.8320626020431519,0.7899332046508789,0.7929425239562988,0.45996853709220886,0.4480888247489929,0.447092741727829,0.44603297114372253,0.4485715627670288,0.4480360448360443,0.4474342465400696,0.4441623091697693,0.44595950841903687,0.4665288031101227,0.4672926366329193,0.48412129282951355,0.49493709206581116,0.5531786680221558,0.5676712393760681,0.5430983304977417,0.5533201098442078,0.541618287563324,0.552348256111145,0.5280189514160156,0.5476592183113098,0.5516851544380188,0.5476187467575073,0.6301245093345642,0.6286869049072266,0.7169020175933838,0.6975908279418945,0.8245409727096558,0.8109018206596375,0.8386977314949036,0.8264079689979553,0.8577196598052979,0.8392642736434937,0.037983488291502,0.02000277116894722,0.020013218745589256,0.02002616599202156,0.04020892456173897,0.04019118845462799,0.0401235893368721,-0.03570407256484032,0.05431646853685379,0.019435914233326912,0.04573685675859451,-0.09847456961870193,0.10343156009912491,-0.1685989797115326,0.15381988883018494,-0.20027312636375427,0.1611076444387436,-0.21911945939064026,0.16852974891662598,-0.21234747767448425,0.1521250307559967,-0.19494956731796265,0.15370649099349976,-0.07552643120288849,0.07552371919155121,-0.09820259362459183,0.045241307467222214,-0.08094044029712677,0.0740039199590683,-0.07836802303791046,0.075334832072258,-0.09536782652139664,0.060377031564712524,Sit-To-Stand
18,0.9990629553794861,0.9989844560623169,0.9990235567092896,0.9991652965545654,0.9987401366233826,0.9986132979393005,0.9989163279533386,0.9988853931427002,0.9988236427307129,0.9987942576408386,0.9979164004325867,0.9998127818107605,0.9991933107376099,0.8443429470062256,0.2966841161251068,0.7925898432731628,0.3424132764339447,0.7738077640533447,0.3417998254299164,0.7695432901382446,0.3412835896015167,0.7340325117111206,0.33521589636802673,0.9995679259300232,0.9990572929382324,0.8795045018196106,0.5444992780685425,0.9077064394950867,0.5994300246238708,0.908038318157196,0.6704166531562805,0.9145867228507996,0.6597643494606018,0.7897364497184753,0.7899820804595947,0.7912484407424927,0.7924972772598267,0.7890879511833191,0.7897781729698181,0.7905998826026917,0.8034440279006958,0.8024012446403503,0.798676609992981,0.797493577003479,0.838821291923523,0.830135703086853,0.8428522348403931,0.8216543197631836,0.8055394887924194,0.798758864402771,0.7924708724021912,0.7908243536949158,0.7964535355567932,0.7912117838859558,0.8011513948440552,0.7930647134780884,0.853565514087677,0.8477811813354492,0.8041437864303589,0.7998402118682861,0.8230579495429993,0.8186527490615845,0.8349195718765259,0.8313938975334167,0.7927702069282532,0.7959538698196411,0.4778681695461273,0.4661383628845215,0.4649271070957184,0.46355384588241577,0.4664844274520874,0.4656330347061157,0.4646665155887604,0.45648103952407837,0.4601658880710602,0.48437055945396423,0.4848150610923767,0.4876415431499481,0.503261387348175,0.5558469295501709,0.569522500038147,0.5398480892181396,0.546799898147583,0.5322091579437256,0.5462524890899658,0.523828387260437,0.5401855707168579,0.5323585867881775,0.5405120253562927,0.6352041363716125,0.6331988573074341,0.7215631604194641,0.70241779088974,0.8251060247421265,0.8148342967033386,0.8387849926948547,0.8308621048927307,0.8603861927986145,0.8514938354492188,0.014326008036732674,0.0033622216433286667,0.003437009174376726,0.003513474017381668,0.01911271922290325,0.019076760858297348,0.01904621347784996,-0.044014669954776764,0.04485083743929863,0.004353580996394157,0.02564910613000393,-0.0978585034608841,0.08860360085964203,-0.143988698720932,0.12835803627967834,-0.13538889586925507,0.12113460153341293,-0.1450260877609253,0.12048476934432983,-0.13787192106246948,0.11889679729938507,-0.1307210475206375,0.11784309148788452,-0.07043464481830597,0.07051505148410797,-0.10285836458206177,-0.0016667312011122704,-0.08953730762004852,0.023921411484479904,-0.08790577203035355,0.024742821231484413,-0.11345453560352325,0.0010154577903449535,Sit-To-Stand
19,0.9990489482879639,0.998992383480072,0.999041736125946,0.9991753101348877,0.9987190365791321,0.9985865354537964,0.9988905191421509,0.9989064931869507,0.9988174438476562,0.998748242855072,0.9978083372116089,0.9998208284378052,0.9990803599357605,0.857230007648468,0.2764107882976532,0.8023701906204224,0.31443047523498535,0.7816238403320312,0.3145875334739685,0.7772730588912964,0.3141080141067505,0.7406861186027527,0.3090898394584656,0.9995584487915039,0.9990217685699463,0.8860678672790527,0.5372063517570496,0.9119178056716919,0.5986089706420898,0.9079639315605164,0.6661191582679749,0.9178770184516907,0.6600546836853027,0.787941575050354,0.7867439985275269,0.7880192399024963,0.7891155481338501,0.7859293222427368,0.7864809632301331,0.7873620390892029,0.7981507182121277,0.7976090908050537,0.7961242198944092,0.7953265905380249,0.8320881128311157,0.8269709348678589,0.8217149972915649,0.8219414949417114,0.7923746705055237,0.8034363985061646,0.7842038869857788,0.8087531328201294,0.7866979241371155,0.8067829012870789,0.7904452085494995,0.8052770495414734,0.8520674705505371,0.8434501886367798,0.8036729097366333,0.7962751984596252,0.823504626750946,0.8190633654594421,0.8350024223327637,0.8307420611381531,0.7926599383354187,0.794345498085022,0.48272591829299927,0.47067922353744507,0.46959829330444336,0.46850496530532837,0.4710859954357147,0.47037407755851746,0.46967554092407227,0.4631538987159729,0.4658038020133972,0.4890351891517639,0.4893217086791992,0.4918819069862366,0.5070913434028625,0.55813068151474,0.5798585414886475,0.5375440120697021,0.6001023054122925,0.530097246170044,0.6081833243370056,0.5220041871070862,0.6019337773323059,0.527035653591156,0.5987342596054077,0.6353174448013306,0.6343969702720642,0.7166487574577332,0.7048438787460327,0.826235830783844,0.8130767941474915,0.8395078778266907,0.8336082696914673,0.8612508773803711,0.8485469818115234,0.0016184409614652395,-0.010118682868778706,-0.010070551186800003,-0.010055736638605595,0.007010114379227161,0.007029773201793432,0.007056003902107477,-0.04986902326345444,0.03837021440267563,-0.007665723562240601,0.015215389430522919,-0.10260822623968124,0.08255361765623093,-0.13560858368873596,0.120131716132164,-0.09800203144550323,0.10431846231222153,-0.10727278143167496,0.10288095474243164,-0.09963759034872055,0.0940924733877182,-0.09322652965784073,0.09902246296405792,-0.06910689175128937,0.06918662786483765,-0.1102025955915451,-0.003944641910493374,-0.10692521184682846,0.013955669477581978,-0.10606411844491959,0.014708422124385834,-0.13588926196098328,-0.009425926953554153,Sit-To-Stand
20,0.9987844228744507,0.9986509680747986,0.9987382888793945,0.9988936185836792,0.9983828663825989,0.9982724189758301,0.9986313581466675,0.9985824227333069,0.9985509514808655,0.998364269733429,0.9971016645431519,0.9998218417167664,0.9990280270576477,0.8603578805923462,0.2563072443008423,0.7823216319084167,0.2885051369667053,0.760840117931366,0.28918421268463135,0.7564098238945007,0.2886541783809662,0.7165147066116333,0.2844335734844208,0.9995298981666565,0.9989550113677979,0.8912314772605896,0.5320433378219604,0.915869951248169,0.5854007601737976,0.9054730534553528,0.6529641151428223,0.9199078679084778,0.6482619047164917,0.7801007628440857,0.778775155544281,0.7798681259155273,0.7806815505027771,0.7785695791244507,0.7795839905738831,0.7804229855537415,0.7905434370040894,0.7909761667251587,0.7885205745697021,0.7880067825317383,0.8254586458206177,0.8253529667854309,0.8296197056770325,0.8265387415885925,0.8017133474349976,0.8243568539619446,0.8055464029312134,0.8342899084091187,0.805366039276123,0.8270756602287292,0.805503249168396,0.8270198702812195,0.8501887321472168,0.8412911295890808,0.8038204908370972,0.7890393137931824,0.8217148780822754,0.8120412826538086,0.8314873576164246,0.8278753161430359,0.7858638763427734,0.7819346189498901,0.47863703966140747,0.46719369292259216,0.4662010967731476,0.46518775820732117,0.46712785959243774,0.4662230610847473,0.46533340215682983,0.4607888460159302,0.4620191752910614,0.4860585629940033,0.4860573709011078,0.49052679538726807,0.5066160559654236,0.5659826993942261,0.5776071548461914,0.5843796133995056,0.6064551472663879,0.5895950198173523,0.6170854568481445,0.581770122051239,0.6084980368614197,0.579960286617279,0.6073226928710938,0.6342583298683167,0.6331674456596375,0.7166987061500549,0.7073975801467896,0.8260290026664734,0.8113759756088257,0.8412277102470398,0.8324058055877686,0.860768735408783,0.84441077709198,-0.0020046751014888287,-0.015393979847431183,-0.015374898910522461,-0.015362098813056946,0.003862867597490549,0.0038737966679036617,0.003846632782369852,-0.06355678290128708,0.03731369599699974,-0.011775286868214607,0.0128638269379735,-0.11619208753108978,0.08410501480102539,-0.14887525141239166,0.10574434697628021,-0.1402462124824524,0.06749372184276581,-0.153633251786232,0.06638287752866745,-0.14828822016716003,0.054168738424777985,-0.13723662495613098,0.060544438660144806,-0.07329356670379639,0.07326848804950714,-0.12313704192638397,0.01674663834273815,-0.12591803073883057,0.047256700694561005,-0.12687751650810242,0.04859856516122818,-0.16564294695854187,0.02785532735288143,Walk-From-Chair
21,0.9985146522521973,0.9984323382377625,0.9985165596008301,0.9986897706985474,0.9981983304023743,0.9980940818786621,0.9985131025314331,0.9983934760093689,0.9983565211296082,0.9979533553123474,0.9966319799423218,0.9998174905776978,0.9990100860595703,0.8604447841644287,0.23478519916534424,0.748190701007843,0.2614811658859253,0.7263518571853638,0.2624230980873108,0.7218830585479736,0.2619396150112152,0.6811548471450806,0.2584229111671448,0.9995201826095581,0.9989503622055054,0.8982486724853516,0.5280157327651978,0.9194642901420593,0.5885862708091736,0.9027620553970337,0.6488721966743469,0.9229937791824341,0.6520395278930664,0.7735740542411804,0.7733496427536011,0.7741102576255798,0.7749481201171875,0.7733888030052185,0.7742780447006226,0.7751996517181396,0.7839031219482422,0.7853058576583862,0.7806844711303711,0.7802190184593201,0.8118354678153992,0.8258101344108582,0.8086913824081421,0.8313535451889038,0.7968737483024597,0.8368858098983765,0.7928975820541382,0.8412356376647949,0.7955609560012817,0.8360632658004761,0.7977850437164307,0.8346004486083984,0.8496237993240356,0.8431669473648071,0.8044220805168152,0.7931458950042725,0.8223640322685242,0.8135701417922974,0.8316580653190613,0.8272819519042969,0.7879005670547485,0.7830785512924194,0.48061713576316833,0.46863120794296265,0.4673524796962738,0.4659080505371094,0.4686288833618164,0.4674493372440338,0.4661271274089813,0.46052154898643494,0.46061673760414124,0.4860263168811798,0.4862278997898102,0.4909522235393524,0.49552014470100403,0.570271372795105,0.5724738240242004,0.5687474608421326,0.607319712638855,0.5691701173782349,0.6182264685630798,0.5694931149482727,0.6175881624221802,0.5691327452659607,0.6105212569236755,0.6251548528671265,0.6309069991111755,0.7126494646072388,0.7069308757781982,0.8266395330429077,0.8130007982254028,0.8419278860092163,0.8325093388557434,0.860410749912262,0.8423123955726624,0.040245331823825836,0.020916273817420006,0.02091188356280327,0.02090025320649147,0.04493391141295433,0.04496840387582779,0.044909607619047165,-0.04093383997678757,0.06812301278114319,0.019933048635721207,0.051167041063308716,-0.10882797092199326,0.11427511274814606,-0.11145289242267609,0.12960262596607208,-0.03546751290559769,0.09394343197345734,-0.03725019842386246,0.10027258098125458,-0.032406993210315704,0.09144598990678787,-0.030902717262506485,0.08841127157211304,-0.07442667335271835,0.07435739785432816,-0.1270809918642044,0.003115784376859665,-0.13865862786769867,-0.00016738851263653487,-0.1397148221731186,-0.0025345650501549244,-0.17180782556533813,-0.028604045510292053,Walk-From-Chair
22,0.9983837604522705,0.998237133026123,0.998343825340271,0.9985371828079224,0.9979846477508545,0.9978798627853394,0.9983348250389099,0.9982544779777527,0.9981427788734436,0.9978485107421875,0.9964481592178345,0.9998283982276917,0.9989652633666992,0.8650690317153931,0.2150072157382965,0.7455195188522339,0.23785145580768585,0.7192727327346802,0.23885300755500793,0.7141002416610718,0.2383284568786621,0.6696893572807312,0.23551517724990845,0.9995170831680298,0.9989529252052307,0.9060477018356323,0.5419118404388428,0.9246926307678223,0.598971426486969,0.904419481754303,0.6514989137649536,0.9260745048522949,0.6571778059005737,0.7681877017021179,0.7667814493179321,0.7673647999763489,0.7681598663330078,0.7668079137802124,0.7675986289978027,0.7685209512710571,0.7781134843826294,0.7804102301597595,0.7759881019592285,0.7756179571151733,0.8064039945602417,0.8188731074333191,0.8200749158859253,0.8300858736038208,0.8337035179138184,0.8336289525032043,0.8354743719100952,0.8357124328613281,0.8351329565048218,0.8334119915962219,0.8346891403198242,0.8337944149971008,0.8506948351860046,0.8440064191818237,0.8090530633926392,0.7948639392852783,0.822307288646698,0.8108022809028625,0.8316794633865356,0.8205310702323914,0.7883373498916626,0.7740575671195984,0.4788074493408203,0.46611732244491577,0.4646949768066406,0.4635428190231323,0.46573105454444885,0.4646182358264923,0.46344277262687683,0.45884713530540466,0.45849689841270447,0.4844474792480469,0.48437660932540894,0.48974111676216125,0.48464757204055786,0.5740668177604675,0.5640286207199097,0.6184149980545044,0.6158210635185242,0.632745623588562,0.6315195560455322,0.6327646970748901,0.6275278329849243,0.6295436024665833,0.6255563497543335,0.6259909868240356,0.623893678188324,0.715282142162323,0.7049229741096497,0.8266592025756836,0.8125374913215637,0.8426588773727417,0.8316684365272522,0.8552294373512268,0.8363006711006165,0.018657611683011055,0.0011970859486609697,0.0011895968345925212,0.0011833745520561934,0.024303564801812172,0.02432103268802166,0.024249354377388954,-0.05834130570292473,0.05965901166200638,0.003170512616634369,0.03186516463756561,-0.13517603278160095,0.1066073626279831,-0.13620755076408386,0.11345018446445465,-0.11442853510379791,0.08211307227611542,-0.12681904435157776,0.08727023750543594,-0.12000064551830292,0.07375948876142502,-0.11091309785842896,0.07452096045017242,-0.07449840754270554,0.07441713660955429,-0.08403506875038147,0.04728427529335022,-0.04882713779807091,0.09505002945661545,-0.04637794941663742,0.09798064082860947,-0.08138243854045868,0.07507742941379547,Walk-From-Chair
23,0.9984611868858337,0.9983071088790894,0.998401939868927,0.9986001253128052,0.9980378746986389,0.9978970289230347,0.9983646869659424,0.9983437061309814,0.9981319308280945,0.9979586005210876,0.9965997934341431,0.9998365640640259,0.9990095496177673,0.870808482170105,0.19992463290691376,0.7462877631187439,0.2181905210018158,0.7169163227081299,0.21912142634391785,0.712043821811676,0.2185804396867752,0.6661293506622314,0.21633490920066833,0.9995056390762329,0.9990057945251465,0.9069157242774963,0.5529966354370117,0.9195908904075623,0.6077807545661926,0.8949844837188721,0.6562779545783997,0.9224776029586792,0.6590758562088013,0.7700796127319336,0.7695251703262329,0.7705020308494568,0.7719287872314453,0.7691324949264526,0.7698230743408203,0.7705188989639282,0.7825390696525574,0.7816537618637085,0.7787491083145142,0.7772136926651001,0.8171932101249695,0.8038617968559265,0.8255833387374878,0.8209031224250793,0.8349860310554504,0.8308283090591431,0.8354600071907043,0.8327347636222839,0.8331609964370728,0.8316022157669067,0.8331080675125122,0.8304425477981567,0.851157009601593,0.8388164639472961,0.8015262484550476,0.795853316783905,0.8230901956558228,0.8121035695075989,0.8342248201370239,0.8226461410522461,0.8049274682998657,0.7765331268310547,0.4769507944583893,0.46308884024620056,0.4610689878463745,0.45890435576438904,0.46374914050102234,0.46234235167503357,0.4610265791416168,0.4506954252719879,0.4501482844352722,0.48277515172958374,0.48338383436203003,0.47824928164482117,0.47978460788726807,0.568915069103241,0.5630120038986206,0.6275056004524231,0.6175336241722107,0.6417203545570374,0.6345800161361694,0.6410244107246399,0.6300060153007507,0.6373471021652222,0.6259241104125977,0.6128875017166138,0.6178890466690063,0.6511873602867126,0.7045185565948486,0.7554219961166382,0.8183645009994507,0.7617568373680115,0.8357262015342712,0.8115653395652771,0.8523135781288147,-0.033593349158763885,-0.05036880448460579,-0.05035969614982605,-0.050384681671857834,-0.026328975334763527,-0.026275645941495895,-0.026329239830374718,-0.0911196619272232,0.018186351284384727,-0.04508416727185249,-0.014047197997570038,-0.1449664682149887,0.08522264659404755,-0.14481323957443237,0.10310336202383041,-0.12494726479053497,0.06865589320659637,-0.1400759220123291,0.0697883814573288,-0.1366197168827057,0.053796421736478806,-0.12244163453578949,0.060558099299669266,-0.07312045991420746,0.07305946946144104,-0.15690627694129944,0.0019014051649719477,-0.0965285450220108,0.029921898618340492,-0.08903791755437851,0.030788395553827286,-0.10912366956472397,-0.0034068170934915543,Walk-From-Chair
24,0.997863233089447,0.9974177479743958,0.9975558519363403,0.9979277849197388,0.9970779418945312,0.9969066381454468,0.9976637959480286,0.997534990310669,0.9972477555274963,0.9974223971366882,0.9955676794052124,0.9997905492782593,0.998807430267334,0.8720754981040955,0.19196021556854248,0.7392225861549377,0.20916961133480072,0.7081391215324402,0.2095552235841751,0.7029260396957397,0.20934553444385529,0.6543658375740051,0.2077171504497528,0.9992868304252625,0.9987002015113831,0.9101250767707825,0.5674753785133362,0.9232516884803772,0.6203640103340149,0.8966111540794373,0.6659330725669861,0.9243997931480408,0.6709800362586975,0.7662943601608276,0.7651638984680176,0.7660700082778931,0.7674087285995483,0.7650686502456665,0.7659260630607605,0.7667704224586487,0.7784743905067444,0.7788130640983582,0.7737347483634949,0.7729728817939758,0.8217047452926636,0.8004598617553711,0.8272948265075684,0.8133913278579712,0.8353643417358398,0.7938015460968018,0.8334806561470032,0.8028880953788757,0.8314768075942993,0.7967134714126587,0.83097904920578,0.7970926761627197,0.8544201850891113,0.8383238911628723,0.8018714189529419,0.7898725271224976,0.8177415132522583,0.8027400970458984,0.82770174741745,0.811564564704895,0.794006884098053,0.774161696434021,0.47561052441596985,0.45774754881858826,0.45579826831817627,0.453504353761673,0.4580652117729187,0.4563395082950592,0.4547562897205353,0.44510647654533386,0.4456481635570526,0.4785391390323639,0.4789668619632721,0.4776526987552643,0.48091256618499756,0.5681894421577454,0.5577070713043213,0.6159802079200745,0.5597326755523682,0.6273218989372253,0.590233564376831,0.6234402060508728,0.5838871002197266,0.616424024105072,0.5823161005973816,0.6170663237571716,0.6180619597434998,0.6940947771072388,0.701679527759552,0.7974913120269775,0.8163219094276428,0.8087975382804871,0.8339927196502686,0.8320055603981018,0.8478273749351501,-0.02699846588075161,-0.04301228001713753,-0.04303029924631119,-0.043040595948696136,-0.018822764977812767,-0.018828384578227997,-0.018929939717054367,-0.08291053771972656,0.024151653051376343,-0.03904622048139572,-0.007708377204835415,-0.13473792374134064,0.08753488957881927,-0.14825329184532166,0.1038825735449791,-0.13458900153636932,0.06600244343280792,-0.15689703822135925,0.06147003918886185,-0.15935781598091125,0.044806189835071564,-0.1369076818227768,0.056461602449417114,-0.07313951849937439,0.07307970523834229,-0.13226497173309326,-0.003307407023385167,-0.09405864775180817,0.02417641319334507,-0.08963491767644882,0.024800395593047142,-0.1375802755355835,-0.01783100888133049,Walk-From-Chair
25,0.9974421858787537,0.9968286156654358,0.9969466924667358,0.997495710849762,0.9965964555740356,0.9963899850845337,0.9973287582397461,0.9970452189445496,0.9968781471252441,0.9971765875816345,0.9951598048210144,0.9997919797897339,0.998790979385376,0.87654709815979,0.1798950433731079,0.7441259622573853,0.1970948576927185,0.7108290195465088,0.19727393984794617,0.7045213580131531,0.1971702128648758,0.6532113552093506,0.19632762670516968,0.9992513060569763,0.998680055141449,0.9140443205833435,0.5783700942993164,0.9267386794090271,0.6260900497436523,0.8983988165855408,0.6707605719566345,0.927179217338562,0.6811692714691162,0.7671835422515869,0.7669162750244141,0.7678673267364502,0.7690373659133911,0.7667049169540405,0.7675007581710815,0.7682719230651855,0.781098484992981,0.7804790735244751,0.7765990495681763,0.7758933901786804,0.8238412141799927,0.8076661825180054,0.8296934962272644,0.8165720105171204,0.8393419981002808,0.8045157194137573,0.8442667722702026,0.8077349662780762,0.8392195701599121,0.8032509684562683,0.8381767272949219,0.8039509654045105,0.8673030734062195,0.8402989506721497,0.8139335513114929,0.7902699708938599,0.8181191682815552,0.8023563623428345,0.8283110857009888,0.8137246966362,0.7886677980422974,0.7682816982269287,0.4540783762931824,0.4394156038761139,0.4381089508533478,0.43677201867103577,0.4399601221084595,0.4389556646347046,0.43808871507644653,0.4315604269504547,0.43235382437705994,0.46046188473701477,0.4612249433994293,0.4640922248363495,0.4730514585971832,0.548764169216156,0.5415832996368408,0.6047046780586243,0.5697156190872192,0.6182278990745544,0.5918043851852417,0.6178564429283142,0.5859058499336243,0.6121988296508789,0.5841537714004517,0.6120672821998596,0.6134283542633057,0.6984289884567261,0.6961972713470459,0.8139583468437195,0.8133153915405273,0.832960844039917,0.8324769139289856,0.8439651727676392,0.8416489362716675,-0.020304828882217407,-0.036602046340703964,-0.03661663085222244,-0.03662141412496567,-0.01386251486837864,-0.013855395838618279,-0.0139043303206563,-0.08056232333183289,0.03588312864303589,-0.03340345621109009,-0.005129867233335972,-0.14152082800865173,0.1125500425696373,-0.18418875336647034,0.1401234120130539,-0.19027653336524963,0.07949209958314896,-0.21420185267925262,0.06961555778980255,-0.213857963681221,0.05328388139605522,-0.190519317984581,0.06336216628551483,-0.07683546841144562,0.07680393755435944,-0.10927063226699829,0.0025152002926915884,-0.07637596130371094,0.02973930910229683,-0.07482583075761795,0.02822626195847988,-0.1287125051021576,0.013707081787288189,Walk-From-Chair
26,0.9971820712089539,0.9965134263038635,0.9965637922286987,0.9971598386764526,0.9964908361434937,0.9963327646255493,0.9973124861717224,0.9964655041694641,0.9967696666717529,0.996823787689209,0.9949213862419128,0.9996294975280762,0.9987509846687317,0.8602308034896851,0.1686447560787201,0.7105619311332703,0.18384532630443573,0.6790969967842102,0.1846197247505188,0.6716217994689941,0.18445004522800446,0.6205654144287109,0.18406501412391663,0.9989821910858154,0.9985101222991943,0.9161779880523682,0.5830298662185669,0.9284008145332336,0.6322044730186462,0.8941820859909058,0.6711826920509338,0.9268062114715576,0.6888192296028137,0.7654185891151428,0.7660450339317322,0.7670517563819885,0.7678665518760681,0.7663066387176514,0.7673591375350952,0.76862633228302,0.7795430421829224,0.7800332307815552,0.7739561796188354,0.7742011547088623,0.8190522193908691,0.8077066540718079,0.8201416730880737,0.8173035383224487,0.805711567401886,0.8065662384033203,0.8018997311592102,0.8098629117012024,0.8032525181770325,0.807939350605011,0.8058662414550781,0.8074382543563843,0.8649126291275024,0.8427013158798218,0.8161870241165161,0.7932144403457642,0.817306637763977,0.8042764663696289,0.8268916010856628,0.8149706721305847,0.785025954246521,0.7705402374267578,0.4373632073402405,0.4242071211338043,0.42332106828689575,0.42255058884620667,0.42413637042045593,0.42332980036735535,0.42231857776641846,0.4186761677265167,0.41887882351875305,0.4457332491874695,0.44589388370513916,0.4618454575538635,0.46603503823280334,0.541975200176239,0.5426117777824402,0.5647489428520203,0.5744866728782654,0.5661407709121704,0.5918681621551514,0.5560222268104553,0.5862718224525452,0.5557313561439514,0.5833972096443176,0.6062415242195129,0.6065827012062073,0.7069660425186157,0.695729672908783,0.8203540444374084,0.8141968846321106,0.8408328294754028,0.8350692391395569,0.8576238751411438,0.8388496041297913,-0.01939627155661583,-0.03760919347405434,-0.03761753439903259,-0.03761975094676018,-0.011884601786732674,-0.011892764829099178,-0.011978240683674812,-0.0860084742307663,0.035637203603982925,-0.03447553887963295,-0.0019034640863537788,-0.13947656750679016,0.10703989118337631,-0.15283477306365967,0.1275050938129425,-0.0867646262049675,0.06531720608472824,-0.09750600159168243,0.058980248868465424,-0.09638632833957672,0.04596802592277527,-0.08465275913476944,0.05620427802205086,-0.07690444588661194,0.0768815204501152,-0.10264571756124496,0.011831601150333881,-0.07711367309093475,0.03544431924819946,-0.07941689342260361,0.0350780114531517,-0.1362876147031784,0.0016365523915737867,Walk-From-Chair
27,0.9971654415130615,0.9965084195137024,0.9965649247169495,0.9971691966056824,0.9964953064918518,0.9963559508323669,0.9973036646842957,0.9965285062789917,0.9966461062431335,0.996913731098175,0.9949064254760742,0.9996199011802673,0.9985621571540833,0.8633348941802979,0.1587577611207962,0.7019007802009583,0.17140918970108032,0.6654059886932373,0.1720786839723587,0.6567739248275757,0.17172956466674805,0.6055822372436523,0.17155441641807556,0.9989883899688721,0.9984365701675415,0.9203435182571411,0.5960866808891296,0.9320111870765686,0.649989902973175,0.8956369757652283,0.6800152659416199,0.9298292398452759,0.7069528102874756,0.7635080218315125,0.7648756504058838,0.7660504579544067,0.7672425508499146,0.7643646001815796,0.7652741074562073,0.7661362886428833,0.7802904844284058,0.7786770462989807,0.7719836831092834,0.770561158657074,0.8219581842422485,0.7986527681350708,0.8452731370925903,0.819148063659668,0.8309787511825562,0.8266603350639343,0.8340714573860168,0.8315883874893188,0.826809287071228,0.8273496627807617,0.830041766166687,0.8268268704414368,0.8644874691963196,0.8352407217025757,0.8214306831359863,0.7918336987495422,0.817180335521698,0.8044761419296265,0.8270069360733032,0.8158143162727356,0.7859034538269043,0.7685803174972534,0.4227812886238098,0.4095533490180969,0.4085543751716614,0.40757259726524353,0.4103269577026367,0.40971511602401733,0.40900999307632446,0.4046635329723358,0.4045925438404083,0.4307318925857544,0.4312278926372528,0.45258861780166626,0.46429601311683655,0.5408874154090881,0.5455363392829895,0.5903540253639221,0.5934926867485046,0.6025794148445129,0.6100141406059265,0.5962499976158142,0.6014673709869385,0.5923798680305481,0.5974822640419006,0.5998279452323914,0.6056991219520569,0.685516357421875,0.6979653835296631,0.8203827738761902,0.8144997358322144,0.8400642275810242,0.8355064988136292,0.8566650748252869,0.8387038111686707,-0.05782690644264221,-0.07299573719501495,-0.07302526384592056,-0.07306133210659027,-0.04753410443663597,-0.04753268510103226,-0.04762572422623634,-0.10578634589910507,0.008914722129702568,-0.06757228076457977,-0.03456459194421768,-0.14022357761859894,0.07431371510028839,-0.15347954630851746,0.0917564257979393,-0.11735706031322479,0.03286976367235184,-0.13148733973503113,0.026306312531232834,-0.12788233160972595,0.012345096096396446,-0.11510656774044037,0.02456071227788925,-0.0702003762125969,0.07018180191516876,-0.14667043089866638,0.0023947786539793015,-0.10108236223459244,0.037055373191833496,-0.09979275614023209,0.03751416131854057,-0.1673593521118164,-0.011611142195761204,Walk-From-Chair
28,0.997222363948822,0.9965515732765198,0.996577799320221,0.9971910715103149,0.9965571761131287,0.9963932037353516,0.9973216652870178,0.9965984225273132,0.9966016411781311,0.9968860149383545,0.9949309825897217,0.999581515789032,0.9984862804412842,0.864137589931488,0.1513068974018097,0.6957785487174988,0.16454359889030457,0.6552102565765381,0.16516663134098053,0.6453582048416138,0.164133220911026,0.5941565632820129,0.16401931643486023,0.9987555742263794,0.9981222152709961,0.9184380173683167,0.613045871257782,0.9250089526176453,0.6676455736160278,0.8838806748390198,0.692661464214325,0.9205731153488159,0.7146359086036682,0.7608515024185181,0.7630494832992554,0.7641884088516235,0.7652653455734253,0.7632962465286255,0.7646257281303406,0.7658149003982544,0.7786828279495239,0.7784875631332397,0.7686157822608948,0.7681302428245544,0.8003412485122681,0.8038829565048218,0.8257263898849487,0.8351417779922485,0.8303350210189819,0.8470268249511719,0.8303189277648926,0.8534032106399536,0.8261233568191528,0.8477576971054077,0.8282113075256348,0.844443678855896,0.8438301086425781,0.8408488035202026,0.8191516995429993,0.815138041973114,0.8173831701278687,0.8084023594856262,0.8270406723022461,0.8163636922836304,0.7902955412864685,0.782547116279602,0.3964018225669861,0.38405534625053406,0.38320067524909973,0.3824601471424103,0.3847125172615051,0.38424423336982727,0.38375723361968994,0.3794770836830139,0.3804808259010315,0.40325766801834106,0.40437519550323486,0.43741375207901,0.43818429112434387,0.5232942700386047,0.5229162573814392,0.5883176922798157,0.582205593585968,0.5985552072525024,0.5975319147109985,0.594294011592865,0.5970766544342041,0.5914326310157776,0.5928861498832703,0.5852937698364258,0.5858647227287292,0.6624777317047119,0.7023952603340149,0.7563380002975464,0.8171670436859131,0.7718549370765686,0.8372218012809753,0.7824734449386597,0.8418796062469482,-0.02055549994111061,-0.040139053016901016,-0.04016921669244766,-0.040219105780124664,-0.01398631650954485,-0.013923456892371178,-0.014004404656589031,-0.10425160080194473,0.019757676869630814,-0.038199856877326965,-0.004184057004749775,-0.1353609561920166,0.08040325343608856,-0.15216270089149475,0.09511839598417282,-0.12538208067417145,0.051978547126054764,-0.13932126760482788,0.051066409796476364,-0.13526901602745056,0.036744628101587296,-0.12286976724863052,0.0440852977335453,-0.06408438086509705,0.06407155841588974,-0.016117235645651817,0.09795920550823212,0.06740418076515198,0.14645236730575562,0.07313592731952667,0.14877377450466156,0.04140579327940941,0.11109939962625504,Walk-From-Chair
29,0.9968826174736023,0.9961395859718323,0.9961850643157959,0.9969061017036438,0.9962369799613953,0.9961088299751282,0.9971015453338623,0.9963678121566772,0.9963597655296326,0.996684193611145,0.9945527911186218,0.9995568990707397,0.9982852935791016,0.8512369990348816,0.14029033482074738,0.6644899249076843,0.1540159434080124,0.6264339089393616,0.15493494272232056,0.6168363094329834,0.1538587510585785,0.5668285489082336,0.15403485298156738,0.9987291693687439,0.9980180263519287,0.9209809303283691,0.6158953905105591,0.9279181957244873,0.6696426868438721,0.8803412914276123,0.6852688193321228,0.9218323826789856,0.7186863422393799,0.7592282891273499,0.7619315385818481,0.7633169889450073,0.7646934390068054,0.7617479562759399,0.7630326747894287,0.7642797231674194,0.7789273262023926,0.7785898447036743,0.7678604125976562,0.7673851847648621,0.8107877969741821,0.8062615394592285,0.8247367739677429,0.8327442407608032,0.8313941955566406,0.8414952158927917,0.8328181505203247,0.8452080488204956,0.8291555643081665,0.8408879041671753,0.8294355273246765,0.8379483222961426,0.8583425283432007,0.8412588834762573,0.826818585395813,0.8019005656242371,0.8193314671516418,0.7992409467697144,0.8272911310195923,0.8089825510978699,0.7867512702941895,0.7631828188896179,0.3815269470214844,0.3699537217617035,0.36943531036376953,0.36891356110572815,0.3702186942100525,0.3697737157344818,0.36922943592071533,0.36779916286468506,0.36880022287368774,0.3912270963191986,0.39188411831855774,0.4230973422527313,0.43033280968666077,0.5196337103843689,0.5267987847328186,0.587327241897583,0.5819562077522278,0.6031290292739868,0.6037646532058716,0.6008188128471375,0.6036638021469116,0.5967298746109009,0.5984876155853271,0.5822917819023132,0.5841705799102783,0.6881906390190125,0.6999662518501282,0.8010308742523193,0.8104269504547119,0.8246629238128662,0.829369843006134,0.793258547782898,0.8319218158721924,-0.05454902723431587,-0.07406444847583771,-0.07410908490419388,-0.07415526360273361,-0.04440481588244438,-0.0443878211081028,-0.0445140115916729,-0.12811343371868134,0.003696196246892214,-0.07195344567298889,-0.03348269686102867,-0.17971041798591614,0.07887930423021317,-0.17891371250152588,0.0972333550453186,-0.1287042200565338,0.04961475729942322,-0.1435527503490448,0.049055106937885284,-0.14388197660446167,0.034732554107904434,-0.12349561601877213,0.04079441353678703,-0.0700806975364685,0.07001117616891861,-0.0690593272447586,0.07681924104690552,-0.006427840329706669,0.150983065366745,-0.0032693706452846527,0.15548038482666016,-0.05780637264251709,0.12112446874380112,Walk-From-Chair
30,0.9963594079017639,0.995418131351471,0.9954838752746582,0.9963963627815247,0.9957463145256042,0.9956871271133423,0.9967950582504272,0.9958858489990234,0.9960174560546875,0.9963515996932983,0.9940226078033447,0.999496340751648,0.9981192350387573,0.8379818797111511,0.13358722627162933,0.6347101926803589,0.1478225737810135,0.5979875922203064,0.1481839418411255,0.588303804397583,0.14726120233535767,0.5390335321426392,0.14771534502506256,0.9984755516052246,0.9975074529647827,0.9236523509025574,0.6258102655410767,0.9307336807250977,0.6719896197319031,0.876457929611206,0.6797926425933838,0.9223038554191589,0.7215337753295898,0.7633084654808044,0.7651312947273254,0.7664126753807068,0.7676214575767517,0.7648704051971436,0.7660402655601501,0.7671349048614502,0.781094491481781,0.7810286283493042,0.7717012166976929,0.7711479067802429,0.8131501078605652,0.8076815605163574,0.8321512937545776,0.8310757875442505,0.8394784927368164,0.8247132301330566,0.8471096158027649,0.822675347328186,0.8421381115913391,0.8138326406478882,0.8311762809753418,0.8199337124824524,0.8629224896430969,0.841507613658905,0.8263868093490601,0.7938817143440247,0.8194752931594849,0.7903994917869568,0.8270251154899597,0.8001521229743958,0.7815380692481995,0.7546223402023315,0.3796291649341583,0.3655562996864319,0.36480459570884705,0.3641301691532135,0.3660971522331238,0.36546140909194946,0.36473801732063293,0.36336416006088257,0.3635963201522827,0.38975706696510315,0.3905137777328491,0.42196473479270935,0.42536407709121704,0.5126429200172424,0.5217887759208679,0.5883253216743469,0.5819796919822693,0.6103633642196655,0.6007377505302429,0.6094468832015991,0.6022747755050659,0.5997844338417053,0.5976425409317017,0.5875630974769592,0.5838539600372314,0.696246325969696,0.6995142698287964,0.8185313940048218,0.8090579509735107,0.8388690948486328,0.8283045291900635,0.8137726187705994,0.8305369019508362,-0.07511787116527557,-0.09454404562711716,-0.09458868205547333,-0.09463636577129364,-0.06600448489189148,-0.06601525843143463,-0.06616626679897308,-0.1465263068675995,-0.01933208480477333,-0.09183640033006668,-0.054716892540454865,-0.20024780929088593,0.06103290989995003,-0.21074911952018738,0.09039579331874847,-0.1871725171804428,0.04180106148123741,-0.2072291076183319,0.041988104581832886,-0.20977994799613953,0.022184979170560837,-0.18757252395153046,0.030860325321555138,-0.07542619109153748,0.07537834346294403,-0.07379090785980225,0.09075594693422318,-0.009049237705767155,0.1712765097618103,-0.007227602414786816,0.1759835183620453,-0.07569053769111633,0.13667482137680054,Walk-From-Chair
31,0.9960923194885254,0.9951009154319763,0.9952143430709839,0.9961304068565369,0.9953553676605225,0.9953535199165344,0.9964830875396729,0.9957365393638611,0.9957006573677063,0.9958518743515015,0.9933498501777649,0.9995132088661194,0.9980846047401428,0.8470450639724731,0.12801192700862885,0.6319416165351868,0.13940168917179108,0.5894052982330322,0.13961660861968994,0.5796036124229431,0.13861805200576782,0.530698299407959,0.13921521604061127,0.9984765648841858,0.9974536895751953,0.9272443652153015,0.6279006600379944,0.9328608512878418,0.6715860366821289,0.876089334487915,0.6736212968826294,0.9229127764701843,0.7174429893493652,0.7632116675376892,0.7645605802536011,0.7658024430274963,0.7670416831970215,0.764396607875824,0.7655701041221619,0.7666949033737183,0.7807591557502747,0.7809931039810181,0.7719414234161377,0.7714987397193909,0.799856424331665,0.8221114277839661,0.7903262376785278,0.8405245542526245,0.7886528372764587,0.8317171931266785,0.7910688519477844,0.8305656313896179,0.7927778363227844,0.8246315121650696,0.7924997806549072,0.8260733485221863,0.8625129461288452,0.8416329622268677,0.8231358528137207,0.7900426387786865,0.8194214701652527,0.7925702929496765,0.8272019624710083,0.8028103113174438,0.7819215059280396,0.7553754448890686,0.3625772297382355,0.3473997116088867,0.3465869724750519,0.34583780169487,0.3480212986469269,0.3474205732345581,0.3467673063278198,0.3442838788032532,0.34522777795791626,0.37301671504974365,0.3739137649536133,0.40040791034698486,0.40393829345703125,0.4910604655742645,0.4914892315864563,0.5719539523124695,0.568213701248169,0.5934276580810547,0.58625328540802,0.5963257551193237,0.588061511516571,0.5898456573486328,0.5826178193092346,0.5777698159217834,0.5742660164833069,0.7000295519828796,0.6986157894134521,0.8270794153213501,0.8104243874549866,0.8454384207725525,0.8292137980461121,0.8320353031158447,0.8309401869773865,-7.994056795723736e-05,-0.02494705654680729,-0.02499762736260891,-0.02502625808119774,0.004770956467837095,0.004799311049282551,0.0047044912353158,-0.11217932403087616,0.028211111202836037,-0.0264818724244833,0.01213331613689661,-0.17354387044906616,0.09977160394191742,-0.16431012749671936,0.11508722603321075,-0.028368601575493813,0.09341571480035782,-0.030615653842687607,0.10107342153787613,-0.027495473623275757,0.08585836738348007,-0.02362007275223732,0.08462513983249664,-0.08022110164165497,0.08011089265346527,-0.07410094887018204,0.07517524808645248,-0.010560170747339725,0.14396773278713226,-0.006842880044132471,0.1479286253452301,-0.047296952456235886,0.121953085064888,Walk-From-Chair
32,0.9962698817253113,0.9952765107154846,0.9953983426094055,0.9962815046310425,0.9955047369003296,0.9954894185066223,0.9965865015983582,0.9959114789962769,0.9957927465438843,0.9960665106773376,0.9936230778694153,0.9995397329330444,0.9981551766395569,0.8563830256462097,0.13256584107875824,0.6479252576828003,0.1445968598127365,0.6018940806388855,0.14228810369968414,0.5917726755142212,0.14187392592430115,0.5422863960266113,0.1428433656692505,0.998417854309082,0.997421145439148,0.9257399439811707,0.6343257427215576,0.9321492910385132,0.6729087233543396,0.8733171820640564,0.6702772974967957,0.9206907749176025,0.7184565663337708,0.7645285725593567,0.7657442092895508,0.7669256925582886,0.7681535482406616,0.7657454013824463,0.766961395740509,0.7681450843811035,0.7831093072891235,0.7820205092430115,0.7734211683273315,0.7729058861732483,0.818486213684082,0.8057137727737427,0.8102269172668457,0.8075785636901855,0.8053879737854004,0.7907875180244446,0.8193355798721313,0.7944506406784058,0.7983204126358032,0.791795551776886,0.8106748461723328,0.7945367097854614,0.8583677411079407,0.8300803899765015,0.8215165138244629,0.7881445288658142,0.8194807171821594,0.801245391368866,0.8272655606269836,0.8074024319648743,0.7863930463790894,0.7661505937576294,0.3621099889278412,0.34686240553855896,0.34606990218162537,0.3453206717967987,0.3475619852542877,0.3469853401184082,0.3464565575122833,0.34381914138793945,0.3454110324382782,0.3713407516479492,0.37225452065467834,0.3928648829460144,0.4058162569999695,0.49509236216545105,0.49596187472343445,0.5653814673423767,0.5603379011154175,0.5927839279174805,0.5843251347541809,0.5904543995857239,0.5843127369880676,0.5836136341094971,0.5777592062950134,0.5737574696540833,0.5760162472724915,0.6996106505393982,0.6968104839324951,0.8268865942955017,0.8180910348892212,0.8443917036056519,0.8345107436180115,0.8383795619010925,0.8554775714874268,-0.05998331308364868,-0.08060073852539062,-0.08063485473394394,-0.08065138757228851,-0.051573604345321655,-0.051583319902420044,-0.05170271545648575,-0.12845541536808014,0.0011432564351707697,-0.07385867834091187,-0.036317355930805206,-0.1808622181415558,0.08629709482192993,-0.19617177546024323,0.11550477892160416,-0.16001588106155396,0.0783679336309433,-0.17915037274360657,0.07770311832427979,-0.18275631964206696,0.053418803960084915,-0.15974292159080505,0.06515690684318542,-0.07955773174762726,0.07942961901426315,-0.10065078735351562,0.0386783741414547,-0.02648143097758293,0.12834951281547546,-0.023023538291454315,0.12899653613567352,-0.07101543992757797,0.07441134005784988,Walk-From-Chair
33,0.9965924620628357,0.9956544041633606,0.9957737922668457,0.9965859055519104,0.9958360195159912,0.9958149790763855,0.9968233704566956,0.996248185634613,0.9960259199142456,0.9964203834533691,0.9941591620445251,0.9995781183242798,0.998291015625,0.8690016269683838,0.16623549163341522,0.6789126396179199,0.18888410925865173,0.6347657442092896,0.18009032309055328,0.6253353357315063,0.1807538866996765,0.5782573819160461,0.18178844451904297,0.9985010623931885,0.9975438714027405,0.924506425857544,0.6445112824440002,0.9319727420806885,0.672913134098053,0.8649331331253052,0.6632744669914246,0.9184374809265137,0.7193155884742737,0.7686389684677124,0.7715510725975037,0.7741543054580688,0.7770003080368042,0.767643928527832,0.7673327922821045,0.7689504623413086,0.792073130607605,0.7820828557014465,0.7775083184242249,0.7734957933425903,0.8369859457015991,0.7861966490745544,0.837689220905304,0.786797046661377,0.8320448994636536,0.77968829870224,0.8425857424736023,0.7788369059562683,0.8247328996658325,0.7810304164886475,0.8253210783004761,0.7829857468605042,0.8545845150947571,0.8129021525382996,0.828328013420105,0.7851850390434265,0.8202330470085144,0.8009046316146851,0.8273855447769165,0.808634877204895,0.7926937341690063,0.7667111158370972,0.3477726876735687,0.3343121111392975,0.33319562673568726,0.3319433629512787,0.33564528822898865,0.3354889154434204,0.3353370726108551,0.3303634524345398,0.3352314829826355,0.3565388321876526,0.3575485646724701,0.3890318274497986,0.3976912200450897,0.4811341166496277,0.4823475182056427,0.5629789233207703,0.5586473941802979,0.5967134237289429,0.582431435585022,0.5903475284576416,0.5822592973709106,0.5819239020347595,0.5742759704589844,0.5605897903442383,0.5650237798690796,0.6950629353523254,0.6946963667869568,0.8255710005760193,0.8177032470703125,0.8432183861732483,0.8349502682685852,0.8394825458526611,0.8539013266563416,-0.1441899836063385,-0.15720529854297638,-0.15722493827342987,-0.15724056959152222,-0.13326475024223328,-0.13327279686927795,-0.13337260484695435,-0.16743740439414978,-0.06064267084002495,-0.14450126886367798,-0.11352957785129547,-0.18815571069717407,0.026361942291259766,-0.20144152641296387,0.08483995497226715,-0.2088981419801712,0.026457330211997032,-0.232828289270401,0.01948435790836811,-0.24083974957466125,-0.009609844535589218,-0.21033287048339844,0.012466151267290115,-0.06855423748493195,0.0685298815369606,-0.11770119518041611,0.01651468314230442,-0.05097990483045578,0.10580883920192719,-0.05061253160238266,0.10974665731191635,-0.14266178011894226,0.0391450859606266,Walk-From-Chair
34,0.9968698620796204,0.9959940910339355,0.9961105585098267,0.9968593716621399,0.9961575865745544,0.9961364269256592,0.9970634579658508,0.9965567588806152,0.9963139295578003,0.9967204928398132,0.9946206212043762,0.9996116161346436,0.998403012752533,0.8803898692131042,0.17055420577526093,0.7058113813400269,0.20061761140823364,0.6621751189231873,0.18862272799015045,0.652856171131134,0.18993084132671356,0.6063177585601807,0.1911054104566574,0.9984380006790161,0.9974693655967712,0.9260093569755554,0.659238338470459,0.9339064955711365,0.6818018555641174,0.8655344247817993,0.6693235039710999,0.9197220802307129,0.728421688079834,0.7689245939254761,0.7715775966644287,0.7741636037826538,0.77692711353302,0.7680842876434326,0.7680240869522095,0.7695838809013367,0.7917133569717407,0.7828126549720764,0.7776836156845093,0.7742374539375305,0.8333794474601746,0.794364333152771,0.8289958834648132,0.7966117858886719,0.8166159391403198,0.7819212675094604,0.82249516248703,0.7767976522445679,0.8092995882034302,0.7741142511367798,0.8081696629524231,0.7777606248855591,0.8478927612304688,0.81743985414505,0.8258001208305359,0.7838138341903687,0.8204236030578613,0.8017269968986511,0.8301480412483215,0.8087927103042603,0.7921661138534546,0.7644218802452087,0.3342772424221039,0.3205578923225403,0.31986215710639954,0.31927260756492615,0.32159557938575745,0.3214862048625946,0.3213706910610199,0.32069921493530273,0.32197049260139465,0.3440991938114166,0.34534692764282227,0.3767339587211609,0.38750651478767395,0.47029370069503784,0.4770626723766327,0.5546138882637024,0.5555455684661865,0.5935762524604797,0.578157365322113,0.5813648104667664,0.5779140591621399,0.5713444352149963,0.56739741563797,0.5629242062568665,0.5655089020729065,0.6950564980506897,0.6907468438148499,0.8267621397972107,0.8179098963737488,0.8454622030258179,0.8362247943878174,0.8516830205917358,0.8480985164642334,-0.10026135295629501,-0.11940872669219971,-0.11944172531366348,-0.11944305896759033,-0.09009631723165512,-0.09010297805070877,-0.09020419418811798,-0.15840107202529907,-0.02897956594824791,-0.11152400076389313,-0.073817677795887,-0.2095213234424591,0.04735202342271805,-0.23625537753105164,0.10452263057231903,-0.2160339057445526,0.04254883900284767,-0.23985862731933594,0.039979238063097,-0.2426026612520218,0.018429921939969063,-0.215233713388443,0.03290102630853653,-0.07349275052547455,0.07344640791416168,-0.11363986879587173,0.025327417999505997,-0.050854891538619995,0.10514585673809052,-0.04940938204526901,0.10834678262472153,-0.13297002017498016,0.04794527217745781,Walk-From-Chair
35,0.997138500213623,0.9963284730911255,0.9964333176612854,0.9971145987510681,0.9964842796325684,0.9964644312858582,0.9973140954971313,0.9968304634094238,0.9966259002685547,0.9969875812530518,0.9950882196426392,0.9996362924575806,0.9985069632530212,0.8882001638412476,0.17063793540000916,0.7213407754898071,0.19840307533740997,0.6759247183799744,0.18560025095939636,0.6655625700950623,0.18662340939044952,0.6182721257209778,0.18779180943965912,0.998444139957428,0.9974753856658936,0.9273755550384521,0.6663751006126404,0.9357781410217285,0.6873763799667358,0.8700679540634155,0.6714075207710266,0.9206444621086121,0.7315073013305664,0.7691950798034668,0.7720182538032532,0.7743604779243469,0.7768784761428833,0.769323468208313,0.7697330117225647,0.7713617086410522,0.7915123105049133,0.784312903881073,0.7778109908103943,0.7744894623756409,0.8184569478034973,0.7952471375465393,0.8182652592658997,0.8030029535293579,0.8071874380111694,0.7885218262672424,0.8036412000656128,0.7899895906448364,0.8009622693061829,0.7871586680412292,0.8013582229614258,0.7889360785484314,0.8340856432914734,0.8214740753173828,0.8109374046325684,0.7880467176437378,0.8159480094909668,0.8051466941833496,0.8235721588134766,0.8111154437065125,0.7794784307479858,0.7658395767211914,0.3274284899234772,0.313090056180954,0.31254756450653076,0.31209293007850647,0.31355956196784973,0.3132537007331848,0.3129843473434448,0.31303539872169495,0.31362196803092957,0.33796995878219604,0.3391176760196686,0.3787789046764374,0.38186511397361755,0.4801350235939026,0.4814891815185547,0.5592120289802551,0.5465800166130066,0.5795538425445557,0.5775679349899292,0.5753085613250732,0.5768272280693054,0.5680519342422485,0.5637591481208801,0.5635124444961548,0.5615447759628296,0.6936789155006409,0.6905311346054077,0.8262421488761902,0.8181861639022827,0.8442906141281128,0.8368381261825562,0.8428139090538025,0.8396183252334595,-0.014836296439170837,-0.03600956127047539,-0.03603463992476463,-0.03602500259876251,-0.007635126356035471,-0.007633031811565161,-0.0077309375628829,-0.09162546694278717,0.033371105790138245,-0.03208204358816147,0.0042375619523227215,-0.16529281437397003,0.10493882745504379,-0.22995027899742126,0.13513913750648499,-0.18388645350933075,0.08283427357673645,-0.2034405916929245,0.08193071186542511,-0.20425944030284882,0.058411289006471634,-0.18275186419487,0.07129692286252975,-0.07438327372074127,0.0743480771780014,-0.10130061954259872,0.028072983026504517,-0.06160750985145569,0.0733155757188797,-0.06336194276809692,0.07284331321716309,-0.13810624182224274,0.017276590690016747,Walk-From-Chair
36,0.9973620772361755,0.9966168999671936,0.9967172145843506,0.9973461627960205,0.9967432618141174,0.9967198967933655,0.9975067377090454,0.9970746040344238,0.996841311454773,0.9971895217895508,0.9954255819320679,0.9996628165245056,0.9984641671180725,0.8971675038337708,0.16021868586540222,0.7404364943504333,0.18963365256786346,0.6941354274749756,0.17876467108726501,0.6830680966377258,0.17976120114326477,0.6360752582550049,0.18070778250694275,0.9984931945800781,0.9974409937858582,0.9306997060775757,0.6750656962394714,0.9397805333137512,0.6976159811019897,0.8783541917800903,0.6789042949676514,0.925308108329773,0.741346538066864,0.7693831324577332,0.7722135782241821,0.7743958234786987,0.7768537402153015,0.7701014280319214,0.7707058191299438,0.77230304479599,0.7902116775512695,0.78453528881073,0.777016282081604,0.7748395800590515,0.8054783940315247,0.8046858906745911,0.798701286315918,0.7960739135742188,0.7965534925460815,0.7782694101333618,0.7990058660507202,0.7746232748031616,0.790468156337738,0.769377589225769,0.7941777110099792,0.7706795334815979,0.8239012956619263,0.8233562707901001,0.7965646982192993,0.7938999533653259,0.8106726408004761,0.8047658205032349,0.819119930267334,0.8103629350662231,0.7655900716781616,0.7622442245483398,0.3258543014526367,0.31107214093208313,0.3105340003967285,0.31001436710357666,0.3111904561519623,0.31066951155662537,0.3101273477077484,0.311342716217041,0.3111376464366913,0.33701956272125244,0.3375128209590912,0.37605059146881104,0.37501591444015503,0.46352308988571167,0.4630816876888275,0.5585958361625671,0.497761994600296,0.579291582107544,0.5076695084571838,0.573881208896637,0.5049758553504944,0.5705060362815857,0.5030340552330017,0.562976062297821,0.5561802983283997,0.6917473673820496,0.6784759163856506,0.8252419829368591,0.8111134171485901,0.8439128398895264,0.8333340883255005,0.837071418762207,0.8273649215698242,0.008074832148849964,-0.013630727306008339,-0.01365254633128643,-0.013642443343997002,0.014944304712116718,0.014956565573811531,0.014878733083605766,-0.07149550318717957,0.053444307297468185,-0.009867517277598381,0.02648518607020378,-0.15094105899333954,0.13901236653327942,-0.22764161229133606,0.16938979923725128,-0.18328756093978882,0.11785932630300522,-0.1963423639535904,0.11861760914325714,-0.20050105452537537,0.09518074989318848,-0.17792236804962158,0.10564397275447845,-0.08172594010829926,0.08167680352926254,-0.1012137308716774,0.05783957242965698,-0.08367333561182022,0.0719199925661087,-0.08669940382242203,0.07005184143781662,-0.15162263810634613,0.026175325736403465,Walk-From-Chair
37,0.9975106716156006,0.9968300461769104,0.9969539642333984,0.9975463151931763,0.9968296885490417,0.9967745542526245,0.9974585771560669,0.9973267316818237,0.9966890811920166,0.997392475605011,0.9955134987831116,0.9996936321258545,0.9979564547538757,0.9072396159172058,0.16313832998275757,0.7658770680427551,0.20404919981956482,0.7233549952507019,0.18896576762199402,0.7132748961448669,0.19009754061698914,0.6698373556137085,0.18932022154331207,0.9985598921775818,0.9974687099456787,0.9284427762031555,0.6901679039001465,0.9396380186080933,0.7068820595741272,0.8766756653785706,0.6897318363189697,0.9261215925216675,0.7527958154678345,0.7662494778633118,0.7708320617675781,0.7728403806686401,0.7750722169876099,0.7689508199691772,0.7695556282997131,0.7706727981567383,0.7896815538406372,0.7824751138687134,0.7728675007820129,0.7710053324699402,0.8209969401359558,0.7935918569564819,0.8284344673156738,0.7789129018783569,0.803459644317627,0.7615585327148438,0.8003299832344055,0.7591702342033386,0.7925790548324585,0.7604753971099854,0.7983331084251404,0.7623893618583679,0.8321064710617065,0.8066046833992004,0.8090174794197083,0.7645717263221741,0.8095391392707825,0.7901718616485596,0.8186894655227661,0.7999440431594849,0.7708697319030762,0.7479201555252075,0.3185410499572754,0.3043290972709656,0.3037812113761902,0.30323681235313416,0.3046967685222626,0.30436959862709045,0.30400770902633667,0.30606457591056824,0.306017130613327,0.3303469121456146,0.33091965317726135,0.3725301921367645,0.3802691102027893,0.4713204503059387,0.4447523057460785,0.5591694712638855,0.37930405139923096,0.5793966054916382,0.36719292402267456,0.5790565013885498,0.36490127444267273,0.5732288956642151,0.36824020743370056,0.5613924264907837,0.5592440366744995,0.6921950578689575,0.6790832877159119,0.8247721195220947,0.8114907145500183,0.8453080058097839,0.8342679738998413,0.8374212980270386,0.8274950385093689,-0.10282186418771744,-0.12200848013162613,-0.12205791473388672,-0.12209461629390717,-0.09147310256958008,-0.09146630018949509,-0.09151028841733932,-0.16035784780979156,-0.025578627362847328,-0.11364879459142685,-0.0744284987449646,-0.21745479106903076,0.09414784610271454,-0.2663489580154419,0.1677543818950653,-0.25649791955947876,0.15551990270614624,-0.28107550740242004,0.15513154864311218,-0.286285936832428,0.13842612504959106,-0.254658043384552,0.14566034078598022,-0.08201189339160919,0.08204111456871033,-0.140213280916214,-0.01576559618115425,-0.09893326461315155,0.03667381778359413,-0.10083472728729248,0.03713816776871681,-0.19240564107894897,-0.024462880566716194,Walk-From-Chair
38,0.997672975063324,0.9970200657844543,0.9971492290496826,0.997709333896637,0.9969804883003235,0.9969184398651123,0.9975663423538208,0.997506856918335,0.9967585206031799,0.9975502490997314,0.9957072734832764,0.999714732170105,0.9980267882347107,0.9139900803565979,0.16326552629470825,0.7803514003753662,0.20693795382976532,0.7371953725814819,0.19173027575016022,0.72721266746521,0.19371911883354187,0.6833974719047546,0.19245073199272156,0.9986002445220947,0.9974551796913147,0.9134950637817383,0.682039737701416,0.9319617748260498,0.6951737999916077,0.8620713949203491,0.681942343711853,0.9200505018234253,0.7487770915031433,0.7667451500892639,0.7709014415740967,0.7728661298751831,0.7751448154449463,0.7692049741744995,0.7697715759277344,0.7706019282341003,0.789630115032196,0.78155118227005,0.7735337615013123,0.7715821266174316,0.8210131525993347,0.7898266911506653,0.8276379704475403,0.779537558555603,0.8062658309936523,0.7695220112800598,0.8038946390151978,0.7666859030723572,0.797713577747345,0.7637935280799866,0.7999892234802246,0.7661752700805664,0.8302139043807983,0.7967909574508667,0.809771716594696,0.750152587890625,0.8022416830062866,0.7746734023094177,0.8132584691047668,0.7867683172225952,0.7662677764892578,0.7372984886169434,0.3143424689769745,0.29976174235343933,0.29896649718284607,0.29824864864349365,0.30078038573265076,0.30070018768310547,0.3006531596183777,0.3012877106666565,0.30295905470848083,0.3249508738517761,0.32603561878204346,0.3675259053707123,0.38028737902641296,0.4658416509628296,0.45711663365364075,0.5565093755722046,0.4644951820373535,0.5745319128036499,0.46921005845069885,0.5748326182365417,0.47321024537086487,0.5692391991615295,0.4704916775226593,0.5574415922164917,0.5559965968132019,0.6880315542221069,0.6713355183601379,0.8230304718017578,0.8101144433021545,0.8448448181152344,0.8342381715774536,0.8384003043174744,0.8286464810371399,-0.09124117344617844,-0.10706416517496109,-0.10712587833404541,-0.10714621841907501,-0.07853277027606964,-0.07852601259946823,-0.07859665155410767,-0.13861769437789917,-0.011449789628386497,-0.09913985431194305,-0.062303196638822556,-0.19616368412971497,0.08983353525400162,-0.22921164333820343,0.15623238682746887,-0.22259871661663055,0.08976109325885773,-0.2469371110200882,0.07923571765422821,-0.25064733624458313,0.053712643682956696,-0.22240221500396729,0.07504170387983322,-0.07992731034755707,0.07996799796819687,-0.17477333545684814,-0.039244405925273895,-0.14473384618759155,0.002770217601209879,-0.14712367951869965,0.0027688879054039717,-0.24156375229358673,-0.060237158089876175,Walk-From-Chair
39,0.9977685213088989,0.9971116781234741,0.9972768425941467,0.997826874256134,0.9969850778579712,0.9968912601470947,0.9975008964538574,0.9976744055747986,0.9965668320655823,0.9976919889450073,0.99574875831604,0.9997394680976868,0.998039186000824,0.9222409129142761,0.16255973279476166,0.8013272285461426,0.21445056796073914,0.7613309621810913,0.19814927875995636,0.752188503742218,0.2012324035167694,0.7113053202629089,0.20056965947151184,0.9986127018928528,0.9974843263626099,0.9086860418319702,0.6790662407875061,0.9252374768257141,0.6870946884155273,0.8434424996376038,0.6743425726890564,0.9110924601554871,0.7439430952072144,0.7647287249565125,0.7698527574539185,0.7719649076461792,0.7743207216262817,0.7674330472946167,0.7677077054977417,0.7680827379226685,0.7886070609092712,0.7782857418060303,0.7719215154647827,0.7686876058578491,0.8266235589981079,0.779257595539093,0.8316508531570435,0.7737177610397339,0.807802677154541,0.7597429156303406,0.8061324954032898,0.7549022436141968,0.7995969653129578,0.7518714666366577,0.8008478879928589,0.7556620836257935,0.8289651870727539,0.7884079217910767,0.8100801706314087,0.7479273080825806,0.8109552264213562,0.7769908905029297,0.820489764213562,0.7936327457427979,0.77118319272995,0.7323731780052185,0.3104141056537628,0.29536059498786926,0.29477840662002563,0.29435664415359497,0.2960560917854309,0.29587966203689575,0.29581138491630554,0.29883936047554016,0.2995991110801697,0.32163479924201965,0.3226708471775055,0.36967942118644714,0.38031619787216187,0.4715631306171417,0.46531933546066284,0.5576320290565491,0.49667131900787354,0.5768510103225708,0.5177661180496216,0.5755611658096313,0.5171756148338318,0.5704168677330017,0.509309709072113,0.5575548410415649,0.5596697330474854,0.6886745691299438,0.6751795411109924,0.8239536285400391,0.8116443157196045,0.8455137014389038,0.83526211977005,0.8432242274284363,0.8426825404167175,-0.15011349320411682,-0.16678544878959656,-0.16684068739414215,-0.16689936816692352,-0.136576309800148,-0.13658596575260162,-0.13666464388370514,-0.19675490260124207,-0.0616154670715332,-0.1581791341304779,-0.11895348131656647,-0.24804015457630157,0.04350229725241661,-0.28408974409103394,0.1162513867020607,-0.2815339267253876,0.057501424103975296,-0.31056421995162964,0.05064013600349426,-0.31383100152015686,0.020302731543779373,-0.28029778599739075,0.0414963960647583,-0.07989618182182312,0.0799432247877121,-0.152945876121521,-0.035861797630786896,-0.10150317847728729,0.03870449215173721,-0.09686947613954544,0.03686981648206711,-0.18850137293338776,-0.01478484831750393,Walk-From-Chair
40,0.9979591965675354,0.9973391890525818,0.9974971413612366,0.9980045557022095,0.9972019791603088,0.997105598449707,0.9976555705070496,0.9978739619255066,0.9967150688171387,0.9978944063186646,0.9960903525352478,0.9997606873512268,0.9981656670570374,0.9292861819267273,0.18001790344715118,0.8181937336921692,0.24426737427711487,0.7794831395149231,0.22346030175685883,0.7710965275764465,0.22770996391773224,0.7315179705619812,0.22637921571731567,0.9986790418624878,0.9976427555084229,0.9114804267883301,0.701392412185669,0.9279009103775024,0.7093979716300964,0.8305730223655701,0.6903934478759766,0.9124057292938232,0.7602222561836243,0.7629963159561157,0.7687379121780396,0.7714884281158447,0.7742539644241333,0.7638759613037109,0.7631894946098328,0.7625056505203247,0.788385272026062,0.7716181874275208,0.7715345621109009,0.7653224468231201,0.8295367360115051,0.7621581554412842,0.8348093032836914,0.757741391658783,0.8083308935165405,0.7481127381324768,0.8063960075378418,0.7446357011795044,0.8009430170059204,0.7433890104293823,0.8011795282363892,0.7475885152816772,0.8220999836921692,0.7796229124069214,0.8154083490371704,0.7413239479064941,0.8227865099906921,0.7465101480484009,0.8309307098388672,0.761169970035553,0.7863042950630188,0.7078248858451843,0.30862703919410706,0.29261428117752075,0.2917573153972626,0.2910296618938446,0.2938692271709442,0.29387229681015015,0.29390624165534973,0.295570433139801,0.29769471287727356,0.3196541666984558,0.32081297039985657,0.372039258480072,0.3791460394859314,0.47514575719833374,0.4646376371383667,0.5598586797714233,0.5295198559761047,0.5825538635253906,0.5603696703910828,0.579156756401062,0.5588423013687134,0.5719338655471802,0.5528153777122498,0.5585426688194275,0.5588032603263855,0.6892760992050171,0.6776300668716431,0.8275727033615112,0.8165621161460876,0.848678469657898,0.8405569791793823,0.8532140851020813,0.845904529094696,-0.202456995844841,-0.21123161911964417,-0.2112867534160614,-0.21133482456207275,-0.18660706281661987,-0.18660292029380798,-0.1866643726825714,-0.20397734642028809,-0.09186773002147675,-0.1968003213405609,-0.16450396180152893,-0.22870436310768127,0.024739615619182587,-0.25085434317588806,0.10112917423248291,-0.26563769578933716,0.026239147409796715,-0.2942424416542053,0.015775766223669052,-0.30681583285331726,-0.01918872259557247,-0.26840338110923767,0.008849401958286762,-0.07735489308834076,0.07741637527942657,-0.14059685170650482,-0.01333899237215519,-0.06937547773122787,0.08876749128103256,-0.06959354877471924,0.09129414707422256,-0.1790458858013153,0.004034462850540876,Walk-From-Chair
41,0.9981517195701599,0.9975850582122803,0.9977309107780457,0.9981912970542908,0.997454822063446,0.9973658323287964,0.9978602528572083,0.9980756044387817,0.9969772100448608,0.9980939626693726,0.996447741985321,0.9997832775115967,0.9983007311820984,0.9361234307289124,0.19227439165115356,0.8357276320457458,0.2710638642311096,0.800028920173645,0.24535878002643585,0.7924045920372009,0.2506279945373535,0.7556273937225342,0.24822664260864258,0.9987688660621643,0.9978224039077759,0.91773521900177,0.7246920466423035,0.932962954044342,0.7338327765464783,0.8290356993675232,0.7097578048706055,0.917632520198822,0.7793337106704712,0.7538155317306519,0.7604816555976868,0.7633808255195618,0.7663750052452087,0.7560574412345886,0.7558126449584961,0.7555983066558838,0.7819463610649109,0.7671955227851868,0.7637728452682495,0.7579343914985657,0.828784167766571,0.7560972571372986,0.8332983255386353,0.7511650323867798,0.8070319294929504,0.7398095726966858,0.8049489855766296,0.737390398979187,0.7967966794967651,0.7374275922775269,0.7960866093635559,0.7407122850418091,0.8148660659790039,0.7723724246025085,0.8151699900627136,0.7308364510536194,0.8226609230041504,0.724051296710968,0.8323028683662415,0.7336161732673645,0.7864750623703003,0.677115261554718,0.30032551288604736,0.28725796937942505,0.2870480418205261,0.2869827449321747,0.28768232464790344,0.28770187497138977,0.28784170746803284,0.2930086851119995,0.2934693396091461,0.31421080231666565,0.3149544894695282,0.3718410134315491,0.3788740336894989,0.4765278100967407,0.46642449498176575,0.560177743434906,0.5405028462409973,0.5832909941673279,0.570702314376831,0.5797658562660217,0.5715541839599609,0.5721120238304138,0.5626460909843445,0.5581926107406616,0.5579388737678528,0.6896211504936218,0.6790424585342407,0.8302178978919983,0.8178318738937378,0.8514708280563354,0.8441581726074219,0.8581047654151917,0.84410160779953,-0.1645905077457428,-0.17649269104003906,-0.17652948200702667,-0.17655330896377563,-0.14941327273845673,-0.1494046151638031,-0.14946028590202332,-0.1868201047182083,-0.06519658863544464,-0.16606661677360535,-0.13075247406959534,-0.2235773801803589,0.04194802790880203,-0.24790556728839874,0.10886409133672714,-0.2609097361564636,0.04476896673440933,-0.2898313105106354,0.036800041794776917,-0.300170361995697,0.005470722913742065,-0.26237472891807556,0.029138946905732155,-0.07722185552120209,0.07727418839931488,-0.13205191493034363,0.006127680651843548,-0.06591363251209259,0.08771123737096786,-0.06740471720695496,0.0889756828546524,-0.1757650077342987,0.005128815304487944,Walk-From-Chair
42,0.9983100891113281,0.997775137424469,0.9979165196418762,0.9983399510383606,0.9976357221603394,0.997547447681427,0.9979838728904724,0.9982409477233887,0.9970381855964661,0.9982630610466003,0.996740996837616,0.9998016953468323,0.9983762502670288,0.9421404004096985,0.20419783890247345,0.8500609397888184,0.2816855311393738,0.8156798481941223,0.254046767950058,0.8088382482528687,0.25997453927993774,0.7734122276306152,0.25684645771980286,0.9988406896591187,0.9979481101036072,0.9238929748535156,0.7476116418838501,0.9383036494255066,0.7577047348022461,0.8253485560417175,0.7282613515853882,0.9231939911842346,0.797738254070282,0.7565216422080994,0.7621076703071594,0.7643775343894958,0.7664946913719177,0.7582908868789673,0.7577179670333862,0.7569772005081177,0.7825981378555298,0.7645140290260315,0.7658359408378601,0.7597864866256714,0.82757169008255,0.7483336329460144,0.8339409828186035,0.7424588799476624,0.8068957328796387,0.7362623810768127,0.8034607768058777,0.7321473360061646,0.7956557273864746,0.734502911567688,0.7952829003334045,0.739464282989502,0.8090794682502747,0.7610514760017395,0.8150779008865356,0.7253462672233582,0.8240882158279419,0.7093695998191833,0.8347489237785339,0.7162769436836243,0.7939221262931824,0.6669240593910217,0.30824628472328186,0.29343169927597046,0.29307472705841064,0.292824923992157,0.29397666454315186,0.29396989941596985,0.293949156999588,0.2987097203731537,0.2986709475517273,0.32003524899482727,0.3220142722129822,0.3750794529914856,0.38099807500839233,0.476893812417984,0.4678691029548645,0.5602427124977112,0.5529464483261108,0.5834038853645325,0.5755404829978943,0.57990562915802,0.5763115286827087,0.572559118270874,0.5668687224388123,0.5611100792884827,0.5589931011199951,0.6918199062347412,0.6797500848770142,0.8331034779548645,0.8176593780517578,0.8526766896247864,0.843134343624115,0.8600085973739624,0.8435320258140564,-0.24028527736663818,-0.24312210083007812,-0.24317102134227753,-0.243219256401062,-0.22364521026611328,-0.22363872826099396,-0.2236710488796234,-0.21075570583343506,-0.12097445875406265,-0.2255060225725174,-0.19987651705741882,-0.2230982482433319,0.0032726204954087734,-0.24013900756835938,0.08437488973140717,-0.265788733959198,0.005150716286152601,-0.2957848310470581,-0.0076407259330153465,-0.31031566858291626,-0.04305392503738403,-0.26911360025405884,-0.011704140342772007,-0.0711594969034195,0.07124386727809906,-0.10596930980682373,0.039751067757606506,-0.02785913087427616,0.13885825872421265,-0.029110971838235855,0.14133220911026,-0.15912720561027527,0.05279428884387016,Walk-From-Chair
43,0.9984575510025024,0.9979671239852905,0.9981004595756531,0.9984874129295349,0.9978311061859131,0.9977490901947021,0.9981397986412048,0.9984034895896912,0.9972088932991028,0.9984182715415955,0.99700528383255,0.9998197555541992,0.9984180927276611,0.9477460980415344,0.1936175376176834,0.8643069863319397,0.2719741761684418,0.8322098851203918,0.24562713503837585,0.82597416639328,0.25214439630508423,0.7925737500190735,0.24940897524356842,0.9988821148872375,0.9980452060699463,0.9297140836715698,0.765157163143158,0.9429333209991455,0.7783969640731812,0.8268314003944397,0.7440655827522278,0.9280877709388733,0.8137288093566895,0.7442992329597473,0.7498477697372437,0.7520021200180054,0.7542637586593628,0.7472696900367737,0.7474717497825623,0.7477785348892212,0.7699406147003174,0.7604791522026062,0.7512532472610474,0.7475070953369141,0.8206930160522461,0.7513439655303955,0.8306726217269897,0.7484251260757446,0.8023892641067505,0.7399260997772217,0.7979358434677124,0.7319511771202087,0.7900873422622681,0.7328293919563293,0.7905325889587402,0.7394510507583618,0.8008745908737183,0.7564569711685181,0.813075840473175,0.7230168581008911,0.823870062828064,0.6962682604789734,0.8336274027824402,0.7038552761077881,0.7939382195472717,0.6408184766769409,0.31348493695259094,0.2986937463283539,0.298319548368454,0.29791346192359924,0.2988320589065552,0.29856833815574646,0.2982112467288971,0.30238983035087585,0.3022799789905548,0.3254261910915375,0.32696330547332764,0.3767955005168915,0.3815373182296753,0.4776960015296936,0.4683876037597656,0.5623133182525635,0.5645468831062317,0.5842272639274597,0.5814250111579895,0.5802718997001648,0.5819101333618164,0.5728702545166016,0.5795881748199463,0.5671608448028564,0.5617355704307556,0.6944448351860046,0.6835564374923706,0.8349265456199646,0.8188305497169495,0.85373455286026,0.8460342884063721,0.8594238758087158,0.8371784090995789,-0.1705595850944519,-0.18279293179512024,-0.18283401429653168,-0.18287241458892822,-0.1569800227880478,-0.15697520971298218,-0.15703363716602325,-0.19993409514427185,-0.07666155695915222,-0.17202723026275635,-0.13805794715881348,-0.23972901701927185,0.029575958847999573,-0.26210838556289673,0.09654198586940765,-0.25055986642837524,0.03086473047733307,-0.27802392840385437,0.02149132266640663,-0.2850830852985382,-0.006546725984662771,-0.2506227195262909,0.016440914943814278,-0.07272302359342575,0.07278168946504593,-0.08357281237840652,0.06494716554880142,-0.0068705203011631966,0.12388730049133301,-0.006093856878578663,0.12411607801914215,-0.10776050388813019,0.05330092832446098,Walk-From-Chair
44,0.9985913634300232,0.9981439709663391,0.9982695579528809,0.9986222982406616,0.9980072379112244,0.9979312419891357,0.9982782006263733,0.998551607131958,0.997367262840271,0.9985616207122803,0.9972499012947083,0.9998367428779602,0.998464822769165,0.9527869820594788,0.18486174941062927,0.8772199153900146,0.26337704062461853,0.847369909286499,0.23880819976329803,0.841724157333374,0.2457256317138672,0.8105372190475464,0.24336828291416168,0.9989259243011475,0.9981025457382202,0.9341351985931396,0.7724009156227112,0.9460150599479675,0.7916899919509888,0.8222226500511169,0.7485631108283997,0.9310161471366882,0.8242185115814209,0.7389611005783081,0.7446507811546326,0.7469446063041687,0.7493709921836853,0.7417266964912415,0.7419431209564209,0.7422893643379211,0.764909565448761,0.7561185359954834,0.7461782693862915,0.7425172924995422,0.8135169148445129,0.7482491731643677,0.8237441182136536,0.7458314299583435,0.7937861084938049,0.7354746460914612,0.788278341293335,0.7287560701370239,0.7802148461341858,0.7293095588684082,0.7808303236961365,0.735632061958313,0.7919176816940308,0.7502121925354004,0.8061250448226929,0.7218778729438782,0.8234529495239258,0.6873677968978882,0.8314976692199707,0.692937970161438,0.794868528842926,0.6308606863021851,0.3149477243423462,0.30018746852874756,0.299830824136734,0.2994037866592407,0.3002508878707886,0.29997316002845764,0.29960986971855164,0.3040422201156616,0.30375760793685913,0.32745033502578735,0.32877764105796814,0.37779390811920166,0.38226887583732605,0.4812549650669098,0.4708760380744934,0.566723108291626,0.5698693990707397,0.5876365303993225,0.5856437087059021,0.5836337208747864,0.586807906627655,0.5762086510658264,0.5797183513641357,0.5688403248786926,0.562915027141571,0.699367344379425,0.6883732080459595,0.8358679413795471,0.8186695575714111,0.8534905910491943,0.845504105091095,0.8615327477455139,0.8291295170783997,-0.15756657719612122,-0.17298971116542816,-0.1730215698480606,-0.1730603128671646,-0.14482063055038452,-0.14481252431869507,-0.1448511779308319,-0.19947212934494019,-0.06920886039733887,-0.16341868042945862,-0.12646432220935822,-0.24213774502277374,0.03300764411687851,-0.2568286657333374,0.09678816795349121,-0.24474568665027618,0.037592414766550064,-0.27273982763290405,0.030497614294290543,-0.27913370728492737,-0.00013072934234514832,-0.24166715145111084,0.022336352616548538,-0.07494162768125534,0.07495684921741486,-0.07670087367296219,0.10510134696960449,-0.007978497073054314,0.17345482110977173,-0.007564780302345753,0.17514432966709137,-0.10932697355747223,0.10952705144882202,Walk-From-Chair
45,0.9987305402755737,0.9983264803886414,0.9984395503997803,0.9987578392028809,0.9982026219367981,0.9981325268745422,0.9984453320503235,0.9986947178840637,0.9976206421852112,0.99870365858078,0.9975213408470154,0.999852180480957,0.9985876679420471,0.9565041661262512,0.17639610171318054,0.8871802091598511,0.2525154650211334,0.8582789301872253,0.23063725233078003,0.8527244329452515,0.23718367516994476,0.8225038051605225,0.23596026003360748,0.998926043510437,0.9981027245521545,0.9275128245353699,0.7741219401359558,0.9471012949943542,0.8026559352874756,0.8322114944458008,0.7637423276901245,0.9305694103240967,0.8278151750564575,0.7382886409759521,0.7430420517921448,0.7448574900627136,0.7465589642524719,0.7404954433441162,0.740653395652771,0.740890383720398,0.7575749754905701,0.7527877688407898,0.7443501353263855,0.7408871054649353,0.783058226108551,0.7620947360992432,0.7945606112480164,0.7662062644958496,0.7796683311462402,0.7374087572097778,0.7781957983970642,0.7336065769195557,0.7719634175300598,0.7357521057128906,0.7721089720726013,0.7389346361160278,0.7700393795967102,0.7636147737503052,0.7337061762809753,0.7855104207992554,0.6835997104644775,0.8163681030273438,0.6829508543014526,0.8274637460708618,0.6423248052597046,0.7890395522117615,0.31528910994529724,0.300533264875412,0.3000686466693878,0.29983824491500854,0.30149903893470764,0.30141353607177734,0.30126649141311646,0.3050829768180847,0.3046082854270935,0.3282524645328522,0.32929208874702454,0.3778921365737915,0.38292962312698364,0.48281607031822205,0.48503077030181885,0.5716646313667297,0.563586950302124,0.5943439602851868,0.5834352374076843,0.5920893549919128,0.5837578177452087,0.5836676359176636,0.5760793685913086,0.5718392729759216,0.5702973008155823,0.699213981628418,0.6967878937721252,0.8235552906990051,0.8339597582817078,0.8489721417427063,0.8556444048881531,0.8296411037445068,0.8443005084991455,-0.06322217732667923,-0.0797126442193985,-0.0797545462846756,-0.07976775616407394,-0.05227895453572273,-0.05222124978899956,-0.05223626643419266,-0.11795786768198013,0.0038074024487286806,-0.07419566065073013,-0.03878330439329147,-0.1911170929670334,0.09187739342451096,-0.23278966546058655,0.10750683397054672,-0.2107296735048294,0.039379484951496124,-0.23698119819164276,0.03471042588353157,-0.23729760944843292,0.010143620893359184,-0.20814065635204315,0.025999780744314194,-0.07576728612184525,0.07579616457223892,-0.05803196504712105,0.10392621904611588,-0.01069600135087967,0.1405358463525772,-0.011605151928961277,0.1412215381860733,-0.08991112560033798,0.08922187238931656,Walk-From-Chair
46,0.9988440871238708,0.9984655380249023,0.9985687732696533,0.9988611340522766,0.9983527064323425,0.9982836842536926,0.9985718727111816,0.998803436756134,0.9977936148643494,0.9988168478012085,0.9977388978004456,0.999854326248169,0.9986757040023804,0.9529829621315002,0.1709119826555252,0.8622686862945557,0.2402189075946808,0.8302855491638184,0.22126087546348572,0.8232981562614441,0.22759690880775452,0.7923431992530823,0.22730322182178497,0.9988874197006226,0.9981298446655273,0.9290077686309814,0.7824394702911377,0.9514118432998657,0.8191210627555847,0.8449428081512451,0.7825103998184204,0.9358144998550415,0.840915322303772,0.7302524447441101,0.7352948784828186,0.7369744777679443,0.7386398315429688,0.7336987257003784,0.7342835664749146,0.7350063323974609,0.7502720355987549,0.7471759915351868,0.7374154329299927,0.7346795797348022,0.7817381620407104,0.758397102355957,0.779800534248352,0.7639807462692261,0.7630454897880554,0.7421639561653137,0.7635253071784973,0.7398210167884827,0.7590914964675903,0.7383882999420166,0.7600531578063965,0.7398368120193481,0.7721001505851746,0.7622308731079102,0.7376011610031128,0.7782557606697083,0.6723003387451172,0.8198596835136414,0.6759888529777527,0.8288938403129578,0.629741370677948,0.7968296408653259,0.3170264959335327,0.30224424600601196,0.3017530143260956,0.3014449179172516,0.3030267655849457,0.30288103222846985,0.30267852544784546,0.30589208006858826,0.305132120847702,0.32958635687828064,0.33067211508750916,0.3785535395145416,0.38310477137565613,0.488393634557724,0.49426358938217163,0.5669556856155396,0.5599345564842224,0.5910501480102539,0.5804232358932495,0.5918682813644409,0.5811297297477722,0.58306884765625,0.5724772214889526,0.5708169341087341,0.5702689290046692,0.6971731781959534,0.7049865126609802,0.8230298757553101,0.8329237103462219,0.8489112257957458,0.8532827496528625,0.8269106149673462,0.8512891530990601,-0.08453281223773956,-0.0888109803199768,-0.08886221796274185,-0.08891871571540833,-0.060251690447330475,-0.0602215901017189,-0.06033200025558472,-0.15032076835632324,-0.028810307383537292,-0.07869783788919449,-0.043673060834407806,-0.20272617042064667,0.04534505680203438,-0.23303964734077454,0.058977920562028885,-0.19669274985790253,-0.008039887063205242,-0.21872515976428986,-0.019212502986192703,-0.22337810695171356,-0.04386383295059204,-0.19652457535266876,-0.02162959799170494,-0.07630674540996552,0.07634924352169037,-0.05368894338607788,0.11591921746730804,0.0017471881583333015,0.16892854869365692,0.0008952162461355329,0.17051534354686737,-0.08919753134250641,0.11670771986246109,Walk-From-Chair
47,0.9989297389984131,0.998561680316925,0.9986582398414612,0.9989153742790222,0.998455822467804,0.9983987808227539,0.9986580014228821,0.9988605976104736,0.9979256391525269,0.9988664388656616,0.9978472590446472,0.9997782707214355,0.9986702799797058,0.950873851776123,0.16282670199871063,0.8345494866371155,0.22223958373069763,0.7875804901123047,0.2049151360988617,0.7791904211044312,0.21063362061977386,0.7475453615188599,0.2107868790626526,0.9988689422607422,0.9981860518455505,0.9318090677261353,0.7926053404808044,0.9528973698616028,0.8315644860267639,0.8308380246162415,0.7838635444641113,0.9374434947967529,0.8503357172012329,0.7225779294967651,0.7281557321548462,0.7302671670913696,0.732357919216156,0.7253309488296509,0.7254492044448853,0.7256410121917725,0.7458201050758362,0.7381598353385925,0.7309223413467407,0.7265083193778992,0.7866055965423584,0.7339766621589661,0.7918749451637268,0.7375074625015259,0.7635819911956787,0.7392054200172424,0.7532444000244141,0.7313528060913086,0.7543281316757202,0.7338693737983704,0.7583497166633606,0.7398889660835266,0.7749475836753845,0.7419282793998718,0.744747519493103,0.7182774543762207,0.8009878396987915,0.6776727437973022,0.813650906085968,0.6821359992027283,0.784080445766449,0.6334043741226196,0.31795474886894226,0.30281856656074524,0.3023274540901184,0.3019305467605591,0.30354371666908264,0.303423672914505,0.30323490500450134,0.3067973256111145,0.30631938576698303,0.3304066061973572,0.33151865005493164,0.37869107723236084,0.3858613967895508,0.4547010362148285,0.4932275414466858,0.399057000875473,0.5577315092086792,0.3835279047489166,0.57861328125,0.37525156140327454,0.579882800579071,0.3817116916179657,0.5717483758926392,0.5693915486335754,0.5699262022972107,0.6997683048248291,0.7021398544311523,0.8281847834587097,0.8321588635444641,0.8493022322654724,0.8531823754310608,0.8489404320716858,0.8449453711509705,-0.10842456668615341,-0.11083003133535385,-0.11078859865665436,-0.11081439256668091,-0.09130581468343735,-0.09126769751310349,-0.0913337916135788,-0.15007898211479187,-0.03259386867284775,-0.08284544199705124,-0.061631858348846436,-0.168106809258461,0.04019208624958992,-0.23333832621574402,0.06168029457330704,-0.1972109079360962,0.005025616381317377,-0.23007908463478088,-0.001334895147010684,-0.22181382775306702,-0.02528076432645321,-0.20622019469738007,-0.007370437495410442,-0.07423771172761917,0.0741545706987381,-0.05333354324102402,0.10538359731435776,0.01638762280344963,0.17676517367362976,0.017398003488779068,0.17890635132789612,-0.09290654212236404,0.104598268866539,Walk-From-Chair
48,0.9990077614784241,0.9986657500267029,0.9987461566925049,0.9989826083183289,0.9985758066177368,0.9985198378562927,0.9987619519233704,0.998936653137207,0.9980969429016113,0.9989240765571594,0.9979994297027588,0.9996335506439209,0.9986306428909302,0.9441996812820435,0.15104447305202484,0.7873630523681641,0.20277073979377747,0.7386243343353271,0.18819937109947205,0.7296551465988159,0.19351312518119812,0.7012999057769775,0.1941719949245453,0.998612642288208,0.9978734254837036,0.9260919690132141,0.7779848575592041,0.9529649615287781,0.8384432196617126,0.8413428068161011,0.7962701320648193,0.9386019706726074,0.8553147912025452,0.7117081880569458,0.717851459980011,0.7192111611366272,0.7205697298049927,0.7173882722854614,0.7184138894081116,0.7195279002189636,0.7320346832275391,0.7311686277389526,0.7168787717819214,0.7153448462486267,0.7457160949707031,0.7501440644264221,0.7466849088668823,0.7753616571426392,0.7181228399276733,0.750769853591919,0.7081688642501831,0.7426565289497375,0.7137540578842163,0.736558198928833,0.7193788290023804,0.7432829141616821,0.746311366558075,0.7466232180595398,0.7305624485015869,0.7432256937026978,0.6892623901367188,0.793097198009491,0.7320600748062134,0.7976857423782349,0.6886284947395325,0.7309631109237671,0.3183826506137848,0.3032325804233551,0.3028399646282196,0.30250075459480286,0.30351531505584717,0.30321401357650757,0.30285924673080444,0.30737632513046265,0.30676475167274475,0.33077600598335266,0.33168265223503113,0.37911006808280945,0.38519901037216187,0.45398959517478943,0.47440463304519653,0.39166319370269775,0.4941387176513672,0.37397825717926025,0.4986495077610016,0.36541303992271423,0.4932181239128113,0.37360474467277527,0.49160391092300415,0.570482611656189,0.5720745325088501,0.6996745467185974,0.7030890583992004,0.8280385732650757,0.8318522572517395,0.8450872898101807,0.8517517447471619,0.8466652631759644,0.8496902585029602,-0.041426755487918854,-0.063278928399086,-0.063304603099823,-0.06334120780229568,-0.03714819252490997,-0.03715591877698898,-0.03719894960522652,-0.11927888542413712,-0.0014498315285891294,-0.05513991042971611,-0.021941009908914566,-0.16326770186424255,0.061835844069719315,-0.17018385231494904,0.12004949897527695,-0.03377370163798332,0.16048000752925873,-0.03145711123943329,0.16779646277427673,-0.020729338750243187,0.15291817486286163,-0.025776352733373642,0.15331391990184784,-0.0790833905339241,0.0790376216173172,-0.05446135252714157,0.12631388008594513,-0.011085154488682747,0.16396082937717438,-0.011358408257365227,0.16456636786460876,-0.085067518055439,0.13274380564689636,Walk-From-Chair
49,0.9990742802619934,0.9987433552742004,0.9988178610801697,0.9990261793136597,0.9986560344696045,0.9986023902893066,0.998814046382904,0.9990048408508301,0.9981995224952698,0.9989866018295288,0.998110830783844,0.999605119228363,0.9986758232116699,0.9461081027984619,0.14505352079868317,0.7883898615837097,0.19830556213855743,0.7289665341377258,0.1870253086090088,0.7189561128616333,0.19228169322013855,0.6887757778167725,0.19317243993282318,0.9986010789871216,0.9979904294013977,0.9291831254959106,0.7895646095275879,0.9518592953681946,0.8490381240844727,0.8286218643188477,0.8016181588172913,0.9380623698234558,0.8628563284873962,0.7036650776863098,0.7105458378791809,0.7131907343864441,0.7158719897270203,0.7074355483055115,0.7077188491821289,0.7080901861190796,0.7292620539665222,0.7205213308334351,0.7125521898269653,0.707855761051178,0.7666299343109131,0.7142742276191711,0.7745361328125,0.7239490151405334,0.7501607537269592,0.7121220827102661,0.7410858869552612,0.7060577869415283,0.7423712611198425,0.7155364751815796,0.7457932233810425,0.7184330821037292,0.7557214498519897,0.7207498550415039,0.7488852143287659,0.7003523111343384,0.8006397485733032,0.6781817674636841,0.8106597065925598,0.6890803575515747,0.7917885184288025,0.6283480525016785,0.31766605377197266,0.3020181953907013,0.3016726076602936,0.30131813883781433,0.3022269904613495,0.3019470274448395,0.3016151785850525,0.3065390884876251,0.3065517842769623,0.33078768849372864,0.3318846523761749,0.37853968143463135,0.3854873776435852,0.46011966466903687,0.4899202287197113,0.41343793272972107,0.5093228220939636,0.387085884809494,0.5214554667472839,0.3745717406272888,0.5398521423339844,0.3816331624984741,0.5242327451705933,0.5760018229484558,0.5752513408660889,0.703669011592865,0.7021533250808716,0.8278316855430603,0.8310652375221252,0.8450812101364136,0.8508673906326294,0.850551426410675,0.8490584492683411,-0.1043093204498291,-0.11406347900629044,-0.1141815334558487,-0.11432500928640366,-0.08913983404636383,-0.08915365487337112,-0.08922453969717026,-0.13298454880714417,-0.014442184939980507,-0.08899249881505966,-0.05886229872703552,-0.14827272295951843,0.06960383802652359,-0.19613616168498993,0.07052172720432281,-0.12842123210430145,-0.06523303687572479,-0.14833080768585205,-0.08123444020748138,-0.15323567390441895,-0.10300831496715546,-0.1315460056066513,-0.0792142003774643,-0.07643701136112213,0.07636900246143341,-0.03787170350551605,0.12622028589248657,0.06685419380664825,0.22881820797920227,0.07211735844612122,0.23422877490520477,-0.02700675092637539,0.16503888368606567,Walk-From-Chair
50,0.9990286231040955,0.9986565113067627,0.9987435340881348,0.9989529848098755,0.998518705368042,0.9984400272369385,0.998630166053772,0.998929500579834,0.9976634979248047,0.9989349246025085,0.9979474544525146,0.9995929002761841,0.9987083077430725,0.9425349831581116,0.1457885056734085,0.7708563208580017,0.20000889897346497,0.7097256779670715,0.19098936021327972,0.7010953426361084,0.19686700403690338,0.6700197458267212,0.19739671051502228,0.9984623789787292,0.9979185461997986,0.9271867871284485,0.7934566736221313,0.9510374069213867,0.8530711531639099,0.8217132091522217,0.7978558540344238,0.9376344084739685,0.8660557270050049,0.693606436252594,0.701274037361145,0.7042903304100037,0.707427978515625,0.6970256567001343,0.6968477964401245,0.696709930896759,0.7213010191917419,0.7088335156440735,0.7018567323684692,0.6958686709403992,0.7599543333053589,0.7020736932754517,0.7685077786445618,0.7048720717430115,0.744354784488678,0.7022342681884766,0.7433400750160217,0.6987482905387878,0.7366453409194946,0.7015077471733093,0.7364146709442139,0.7046181559562683,0.7424667477607727,0.7099847793579102,0.7610570788383484,0.6900675296783447,0.7960878610610962,0.6791935563087463,0.8096378445625305,0.6875621676445007,0.792790412902832,0.6315297484397888,0.3156229555606842,0.3001280128955841,0.29973918199539185,0.29935380816459656,0.3006010353565216,0.30045250058174133,0.3002137839794159,0.3053693175315857,0.3056381046772003,0.32847195863723755,0.32956966757774353,0.37786588072776794,0.38439783453941345,0.4609636664390564,0.4800850450992584,0.5422960519790649,0.5328943133354187,0.5598083138465881,0.5457606911659241,0.5568928122520447,0.5555117726325989,0.552878737449646,0.5435727834701538,0.5739508271217346,0.5713275671005249,0.7002587914466858,0.6928542256355286,0.8171290159225464,0.823773205280304,0.8347684144973755,0.8444141149520874,0.8493690490722656,0.8410291075706482,-0.18274939060211182,-0.19445569813251495,-0.19452130794525146,-0.19459569454193115,-0.16841699182987213,-0.1684233397245407,-0.16846610605716705,-0.19809368252754211,-0.07863921672105789,-0.17922522127628326,-0.14509883522987366,-0.2074194848537445,0.01156674511730671,-0.21033987402915955,0.058092761784791946,-0.19894008338451385,-0.017625100910663605,-0.22428877651691437,-0.02966778539121151,-0.2379603087902069,-0.058066196739673615,-0.2045867145061493,-0.032622553408145905,-0.07337640225887299,0.07337690889835358,-0.05226502940058708,0.11604664474725723,0.0309224184602499,0.22708193957805634,0.03369024395942688,0.23300977051258087,-0.06674215942621231,0.1596284806728363,Walk-From-Chair
51,0.9990643262863159,0.9986850619316101,0.9987800121307373,0.9989821314811707,0.9985060095787048,0.9984097480773926,0.9985607266426086,0.9989607334136963,0.9973077774047852,0.9989762902259827,0.9979533553123474,0.999623715877533,0.9987708330154419,0.9466970562934875,0.1430298388004303,0.7865804433822632,0.20333723723888397,0.7259292006492615,0.19583484530448914,0.7182482481002808,0.2021769881248474,0.6865639090538025,0.2030368596315384,0.9984520673751831,0.997982919216156,0.9289434552192688,0.7977709174156189,0.9526280164718628,0.8595232963562012,0.8234521746635437,0.7997242212295532,0.9396459460258484,0.8716455101966858,0.6822460889816284,0.690224826335907,0.6930392980575562,0.6959492564201355,0.6865670680999756,0.686674952507019,0.6868830919265747,0.7103193998336792,0.699880838394165,0.6900644302368164,0.6852960586547852,0.750929594039917,0.6902115345001221,0.756231963634491,0.6934897303581238,0.7318090200424194,0.695963978767395,0.7311177253723145,0.694486141204834,0.7238728404045105,0.6976830959320068,0.7239532470703125,0.6997674703598022,0.7332322001457214,0.6984440088272095,0.7460579872131348,0.6877484917640686,0.7968550324440002,0.6775275468826294,0.8057059049606323,0.6850618720054626,0.7952932715415955,0.6286370754241943,0.31480148434638977,0.299157053232193,0.29886865615844727,0.2985733449459076,0.2995588183403015,0.29948899149894714,0.29930588603019714,0.30551064014434814,0.30519261956214905,0.32853108644485474,0.3297213017940521,0.3780122399330139,0.38478851318359375,0.4815467894077301,0.4802030026912689,0.5754415988922119,0.5534361004829407,0.5971537232398987,0.5742985010147095,0.5949329137802124,0.5774068832397461,0.5869197845458984,0.5676458477973938,0.5737951397895813,0.5712783336639404,0.7007043957710266,0.6975744962692261,0.8089340329170227,0.8238040804862976,0.820721447467804,0.8442724943161011,0.8456265926361084,0.8410329222679138,-0.2332281768321991,-0.2479662150144577,-0.24800658226013184,-0.24806764721870422,-0.21954035758972168,-0.21954670548439026,-0.21958084404468536,-0.2626769244670868,-0.13263089954853058,-0.23463261127471924,-0.1972530037164688,-0.28898942470550537,-0.024824446067214012,-0.30034139752388,0.045409224927425385,-0.2720113694667816,-0.009753364138305187,-0.2974258065223694,-0.015858065336942673,-0.30278298258781433,-0.047921355813741684,-0.2713204026222229,-0.025234708562493324,-0.07726894319057465,0.07722395658493042,-0.03386472165584564,0.13977745175361633,0.09195158630609512,0.2845097780227661,0.09890350699424744,0.29415661096572876,0.00025647139409556985,0.22105765342712402,Walk-From-Chair
52,0.999090313911438,0.9987094402313232,0.9988089799880981,0.9990077614784241,0.9984872341156006,0.9983561635017395,0.9984731078147888,0.9990074634552002,0.9970244765281677,0.9990211725234985,0.9979586601257324,0.9996567964553833,0.9988044500350952,0.951233983039856,0.14841367304325104,0.8054488897323608,0.21809950470924377,0.7483348846435547,0.2088082879781723,0.7413610219955444,0.21600353717803955,0.710731029510498,0.21792876720428467,0.9984655976295471,0.9979645013809204,0.9224555492401123,0.7796102166175842,0.9491375684738159,0.8503402471542358,0.8163886070251465,0.7885122895240784,0.9368959069252014,0.8653134107589722,0.6730526089668274,0.680202841758728,0.683273434638977,0.6864938139915466,0.6759840250015259,0.6759682893753052,0.6761049032211304,0.701454222202301,0.6904795169830322,0.682007908821106,0.6761592626571655,0.7419573664665222,0.6817731261253357,0.749305009841919,0.6849833130836487,0.7203327417373657,0.6846140623092651,0.7168002128601074,0.6839053630828857,0.7096810340881348,0.6870101690292358,0.7113633155822754,0.6885052919387817,0.7244380712509155,0.6891413331031799,0.7282442450523376,0.6789742708206177,0.762826681137085,0.6669794917106628,0.7801765203475952,0.6753031015396118,0.7496515512466431,0.6189401149749756,0.3135528564453125,0.29784828424453735,0.2974509298801422,0.2969803214073181,0.29836156964302063,0.2983408272266388,0.2982028126716614,0.3031475245952606,0.30362141132354736,0.32708874344825745,0.32828009128570557,0.37677517533302307,0.3833586871623993,0.4826054275035858,0.4772210121154785,0.5706071853637695,0.5561791658401489,0.5907827019691467,0.5768120288848877,0.5870312452316284,0.5779752731323242,0.579916775226593,0.5700904726982117,0.5719798803329468,0.571067750453949,0.7008397579193115,0.6975088715553284,0.8156902194023132,0.8255549073219299,0.8253074288368225,0.844272792339325,0.8641492128372192,0.8437426090240479,-0.22284701466560364,-0.23987993597984314,-0.23992614448070526,-0.2399800717830658,-0.21036961674690247,-0.2103624790906906,-0.21039614081382751,-0.2606005370616913,-0.12642326951026917,-0.22603647410869598,-0.18731124699115753,-0.2890395522117615,-0.01852431520819664,-0.30184465646743774,0.05143538862466812,-0.27809441089630127,-0.00016821436292957515,-0.30626240372657776,-0.0052203284576535225,-0.3109022080898285,-0.036922894418239594,-0.2768949568271637,-0.015339207835495472,-0.07993675023317337,0.07991740107536316,-0.045003704726696014,0.13321612775325775,0.051072001457214355,0.24604427814483643,0.05531346797943115,0.25250762701034546,-0.042092032730579376,0.18234196305274963,Walk-From-Chair
53,0.9991673827171326,0.9988183975219727,0.9989092946052551,0.999091386795044,0.998607873916626,0.9984819889068604,0.9985896348953247,0.9990939497947693,0.9972453713417053,0.9991051554679871,0.9981285929679871,0.999690055847168,0.9989057183265686,0.9552482962608337,0.139977365732193,0.8219366669654846,0.2092725932598114,0.767895519733429,0.20205344259738922,0.7616021633148193,0.20902876555919647,0.7307674288749695,0.21150259673595428,0.9985953569412231,0.9981314539909363,0.9277242422103882,0.7749269008636475,0.9536848664283752,0.858149528503418,0.8330195546150208,0.7995705604553223,0.9426640868186951,0.8742088675498962,0.6635260581970215,0.6697330474853516,0.6717571020126343,0.6739140152931213,0.6681040525436401,0.6689236164093018,0.6699565649032593,0.6869544982910156,0.683723509311676,0.6708251237869263,0.668502151966095,0.7191902995109558,0.691810667514801,0.7337262034416199,0.6937311291694641,0.7095685601234436,0.6842279434204102,0.7081494331359863,0.6806278824806213,0.7028456926345825,0.6836482286453247,0.703475296497345,0.6842246651649475,0.7031903862953186,0.689548134803772,0.7026163935661316,0.6786686182022095,0.7673174142837524,0.6730728149414062,0.7862630486488342,0.6844380497932434,0.7524430155754089,0.6215656995773315,0.3042703866958618,0.28989893198013306,0.2898543179035187,0.28988391160964966,0.2899569571018219,0.2899636924266815,0.2900121510028839,0.2964555323123932,0.29617398977279663,0.318477064371109,0.3193192780017853,0.375934898853302,0.3753781020641327,0.4790214002132416,0.47551020979881287,0.5617746710777283,0.5554745197296143,0.581402599811554,0.5758606791496277,0.5787168741226196,0.577478289604187,0.5727119445800781,0.5689926743507385,0.5709850192070007,0.5707951188087463,0.7016579508781433,0.6966311931610107,0.8066123127937317,0.8242557048797607,0.8127973675727844,0.8439626693725586,0.8624010682106018,0.8436907529830933,-0.1948157399892807,-0.20208685100078583,-0.2021356076002121,-0.20218846201896667,-0.18620936572551727,-0.1862725019454956,-0.18647490441799164,-0.23508389294147491,-0.10649021714925766,-0.18934126198291779,-0.16417744755744934,-0.2881588339805603,0.03283129259943962,-0.31468671560287476,0.0883883684873581,-0.27917665243148804,0.026688357815146446,-0.3106362223625183,0.02746589481830597,-0.30579376220703125,-0.007828706875443459,-0.27513763308525085,0.00980213563889265,-0.10289900004863739,0.10284948348999023,-0.0727115273475647,0.16928239166736603,0.04424997791647911,0.29021358489990234,0.045858945697546005,0.2973862290382385,-0.04660773277282715,0.24570289254188538,Walk-From-Chair
54,0.9992133378982544,0.9988649487495422,0.9989579319953918,0.9991239309310913,0.9986668825149536,0.9985456466674805,0.998650312423706,0.99913489818573,0.9973918795585632,0.9991590976715088,0.9982460141181946,0.9997181296348572,0.9990045428276062,0.9581562280654907,0.1458696871995926,0.8306795358657837,0.21853354573249817,0.777746856212616,0.2107536792755127,0.7718814015388489,0.2186717838048935,0.739045262336731,0.22223864495754242,0.9986822009086609,0.9982691407203674,0.9337899088859558,0.7783315777778625,0.9578428864479065,0.8659559488296509,0.8468184471130371,0.8095344305038452,0.9477357864379883,0.8823067545890808,0.6544222235679626,0.6611969470977783,0.6635218858718872,0.665952205657959,0.6590288877487183,0.6596917510032654,0.6605013608932495,0.6795634031295776,0.6747310161590576,0.6619013547897339,0.6590064167976379,0.7168155908584595,0.6770616769790649,0.7444832921028137,0.6742902994155884,0.7185946702957153,0.6698181629180908,0.7399299740791321,0.6655212044715881,0.7152562141418457,0.6709719300270081,0.7152801156044006,0.6757949590682983,0.7055816054344177,0.6793307662010193,0.6965042948722839,0.6687328815460205,0.7585228681564331,0.6787600517272949,0.7824095487594604,0.6936800479888916,0.7434355616569519,0.630493700504303,0.30300238728523254,0.2885584831237793,0.2884930968284607,0.2884913980960846,0.28870588541030884,0.28876161575317383,0.2888313829898834,0.29477688670158386,0.2946734130382538,0.31651049852371216,0.3175700604915619,0.3687698543071747,0.3742612600326538,0.4708191156387329,0.46616223454475403,0.5570265054702759,0.5549163818359375,0.5667747855186462,0.5737721920013428,0.5648425221443176,0.5753105878829956,0.5579409003257751,0.567184329032898,0.5584723949432373,0.5612356662750244,0.6966236233711243,0.6931560635566711,0.8030701279640198,0.8245686888694763,0.8069126605987549,0.8438495993614197,0.8599076867103577,0.8480401635169983,-0.187157541513443,-0.19435136020183563,-0.19440506398677826,-0.19445081055164337,-0.17327412962913513,-0.17337749898433685,-0.1735633760690689,-0.21950988471508026,-0.07834111899137497,-0.18144235014915466,-0.14626257121562958,-0.2593746781349182,0.03279015049338341,-0.3056594729423523,0.08418690413236618,-0.33174222707748413,0.021082106977701187,-0.36514633893966675,0.015371146611869335,-0.36807557940483093,-0.018777912482619286,-0.3333355486392975,0.004056832753121853,-0.09872184693813324,0.09869211167097092,-0.12466840445995331,0.0848337933421135,-0.06169601157307625,0.16537319123744965,-0.05945832282304764,0.16784384846687317,-0.14459285140037537,0.09847753494977951,Walk-From-Chair
55,0.9992676973342896,0.9989336133003235,0.9990264773368835,0.9991820454597473,0.9987251162528992,0.9985935091972351,0.9986812472343445,0.9992011785507202,0.9974285364151001,0.9992276430130005,0.9983729124069214,0.9997459053993225,0.9990828037261963,0.9620808362960815,0.14476484060287476,0.846706211566925,0.2322845160961151,0.7981343269348145,0.2265046387910843,0.7928162217140198,0.23491978645324707,0.762195348739624,0.23815885186195374,0.9987998604774475,0.9984090924263,0.9380781650543213,0.7726612687110901,0.9609141945838928,0.8664199709892273,0.8549511432647705,0.8102815747261047,0.9515937566757202,0.8862574696540833,0.6550008654594421,0.6602877974510193,0.662953794002533,0.6656427383422852,0.6566275358200073,0.6566190719604492,0.656720757484436,0.6785298585891724,0.6691209077835083,0.6627590656280518,0.6584573984146118,0.7189928889274597,0.6616539359092712,0.7328263521194458,0.658499538898468,0.7094482183456421,0.6514938473701477,0.7071117758750916,0.6490625739097595,0.6975324153900146,0.6527499556541443,0.698779821395874,0.6597064733505249,0.7001103162765503,0.6623397469520569,0.6928122043609619,0.661592960357666,0.741066575050354,0.6769223809242249,0.7594887614250183,0.6941901445388794,0.7188288569450378,0.6388192176818848,0.3049343526363373,0.28997802734375,0.2897745966911316,0.28959330916404724,0.290253221988678,0.2902671694755554,0.29027095437049866,0.2947869598865509,0.2955898940563202,0.3181704878807068,0.31939032673835754,0.3687576353549957,0.37547799944877625,0.47217831015586853,0.4664440453052521,0.5614981055259705,0.5536527633666992,0.573643147945404,0.5734098553657532,0.5698734521865845,0.5738093256950378,0.5654789209365845,0.5659645199775696,0.5595369338989258,0.5614912509918213,0.6966920495033264,0.6925000548362732,0.8053944706916809,0.8229823708534241,0.8121103048324585,0.8405809998512268,0.8588141798973083,0.8520283102989197,-0.17455069720745087,-0.18733210861682892,-0.18737998604774475,-0.1874266266822815,-0.1616012156009674,-0.16165785491466522,-0.16177353262901306,-0.2191658318042755,-0.07666223496198654,-0.1753590852022171,-0.13834640383720398,-0.2510488033294678,0.03770768269896507,-0.28744134306907654,0.10278420150279999,-0.28264206647872925,0.0429028645157814,-0.3107677102088928,0.038045309484004974,-0.3115968108177185,0.0047475495375692844,-0.28123098611831665,0.026895001530647278,-0.09487499296665192,0.0948563739657402,-0.11819075047969818,0.08724992722272873,-0.05261480063199997,0.17649440467357635,-0.050163887441158295,0.1807650774717331,-0.13299818336963654,0.11935541778802872,Walk-From-Chair
56,0.9993136525154114,0.9989897608757019,0.9990784525871277,0.999225378036499,0.9987883567810059,0.9986534118652344,0.9987345337867737,0.9992460608482361,0.997498631477356,0.9992762804031372,0.9984692335128784,0.9997666478157043,0.9991419315338135,0.9647393226623535,0.1443309187889099,0.8557440042495728,0.2395441234111786,0.8080092668533325,0.23646904528141022,0.8033027648925781,0.2455180585384369,0.7725517153739929,0.2481435388326645,0.9988546967506409,0.9984921216964722,0.9353539943695068,0.7410430908203125,0.9604377150535583,0.8566362857818604,0.8585516214370728,0.8040698170661926,0.9526305794715881,0.8825403451919556,0.6466352343559265,0.650514543056488,0.6529987454414368,0.6555914282798767,0.6470866203308105,0.647059440612793,0.6471529603004456,0.6689731478691101,0.6591702103614807,0.6543779373168945,0.6502985954284668,0.7069342732429504,0.6585679650306702,0.7198949456214905,0.6535289287567139,0.6911112666130066,0.640972375869751,0.6984154582023621,0.6345446705818176,0.6840513348579407,0.6351305246353149,0.6838252544403076,0.6387038230895996,0.6906628608703613,0.6623257398605347,0.6695969700813293,0.6560361981391907,0.7126215696334839,0.6673128008842468,0.7306304574012756,0.6825634241104126,0.6934605240821838,0.6253371834754944,0.30528387427330017,0.28961417078971863,0.28904592990875244,0.2884453535079956,0.29043659567832947,0.2905230224132538,0.29056254029273987,0.2920898497104645,0.2952321767807007,0.3177987039089203,0.3192109167575836,0.3655295670032501,0.37520530819892883,0.4776797294616699,0.46165451407432556,0.554074227809906,0.5528724789619446,0.5890544056892395,0.5735538005828857,0.5687094926834106,0.5734208822250366,0.565054714679718,0.5656270980834961,0.5581028461456299,0.5592189431190491,0.6964101791381836,0.6925269365310669,0.8070933222770691,0.823806881904602,0.8155526518821716,0.8409596085548401,0.8603926301002502,0.8511127233505249,-0.14934799075126648,-0.16113083064556122,-0.16118793189525604,-0.16123780608177185,-0.13442274928092957,-0.1344124972820282,-0.134457528591156,-0.17434321343898773,-0.048054251819849014,-0.14931170642375946,-0.11366001516580582,-0.21454396843910217,0.05250225588679314,-0.24701151251792908,0.11128749698400497,-0.24769441783428192,0.046331655234098434,-0.2740561366081238,0.04062198847532272,-0.27739712595939636,0.008884644135832787,-0.24721893668174744,0.030772488564252853,-0.09356826543807983,0.09354245662689209,-0.10409484058618546,0.08863593637943268,-0.03667953237891197,0.16553369164466858,-0.03367439657449722,0.1683344691991806,-0.11306069046258926,0.10745079815387726,Walk-From-Chair
57,0.9993528723716736,0.9990395903587341,0.9991296529769897,0.9992651343345642,0.9988299012184143,0.998681902885437,0.9987365007400513,0.9992956519126892,0.9974552392959595,0.9993234872817993,0.9985460042953491,0.9997879266738892,0.999168336391449,0.9677364230155945,0.140729621052742,0.8674764037132263,0.24994121491909027,0.8221636414527893,0.24999332427978516,0.818037211894989,0.2596561014652252,0.7882274389266968,0.26148054003715515,0.9989224076271057,0.9985319972038269,0.9302998185157776,0.7080873847007751,0.9601330161094666,0.843467652797699,0.8616299033164978,0.7955447435379028,0.953201174736023,0.8776220083236694,0.6403846740722656,0.6442856788635254,0.6469339728355408,0.6497493982315063,0.6400572061538696,0.6396265029907227,0.6392197012901306,0.6628187894821167,0.6491845846176147,0.6489096879959106,0.6437779664993286,0.7029855847358704,0.650729775428772,0.7121395468711853,0.6502297520637512,0.6909568905830383,0.6343159079551697,0.6902536749839783,0.6287575960159302,0.6809656620025635,0.6276365518569946,0.6799262166023254,0.6324897408485413,0.6852062940597534,0.65595543384552,0.6643009781837463,0.6476134657859802,0.6909182667732239,0.6671582460403442,0.7069069147109985,0.6762089133262634,0.6658194661140442,0.623937726020813,0.3047599494457245,0.28792256116867065,0.2870764434337616,0.28631001710891724,0.28934672474861145,0.2895340919494629,0.2897067964076996,0.29061606526374817,0.2944507598876953,0.3166044056415558,0.31817612051963806,0.36547842621803284,0.37356168031692505,0.4690931439399719,0.4564346671104431,0.5516554713249207,0.5466799139976501,0.595635712146759,0.5722907781600952,0.5717771053314209,0.5709606409072876,0.5651146173477173,0.5623641610145569,0.5518835783004761,0.5498416423797607,0.6938813328742981,0.690052330493927,0.8130632638931274,0.8233763575553894,0.8330024480819702,0.8415486812591553,0.8724318146705627,0.8511840105056763,-0.2294693887233734,-0.2353723794221878,-0.235456183552742,-0.235533207654953,-0.20853082835674286,-0.208490252494812,-0.20850372314453125,-0.21469473838806152,-0.09242478758096695,-0.21903374791145325,-0.18361283838748932,-0.24199526011943817,0.0420035645365715,-0.27631017565727234,0.10877581685781479,-0.2949211895465851,0.03819699585437775,-0.32806238532066345,0.027203867211937904,-0.3340250551700592,-0.014786755666136742,-0.2955998480319977,0.01698155142366886,-0.09321801364421844,0.0932517796754837,-0.12147568166255951,0.0683729499578476,-0.05839129164814949,0.15767695009708405,-0.05772235244512558,0.16120538115501404,-0.15528377890586853,0.08229495584964752,Walk-From-Chair
58,0.9993976354598999,0.9990984201431274,0.9991859793663025,0.9993124008178711,0.9988789558410645,0.9987209439277649,0.9987539052963257,0.9993491768836975,0.9974367618560791,0.999377429485321,0.998646080493927,0.9998078346252441,0.9991832375526428,0.9706889390945435,0.14192667603492737,0.879522442817688,0.26225849986076355,0.8372899293899536,0.26256710290908813,0.8335122466087341,0.2729629874229431,0.8054820895195007,0.27495309710502625,0.9990102648735046,0.9986440539360046,0.9310768246650696,0.7039579153060913,0.9576591849327087,0.8476088643074036,0.8599442839622498,0.8010271787643433,0.9509016871452332,0.8797493577003479,0.630843997001648,0.6359795331954956,0.6388405561447144,0.6418696641921997,0.6317096948623657,0.6314070820808411,0.6311408281326294,0.6564255952835083,0.6435543298721313,0.6399252414703369,0.6339836716651917,0.7011128664016724,0.6367849111557007,0.7094568014144897,0.6383048295974731,0.6797333359718323,0.6355413198471069,0.6751044392585754,0.6280421018600464,0.6687132716178894,0.6280127763748169,0.6689597368240356,0.6356661319732666,0.6802613139152527,0.6457197070121765,0.6577799916267395,0.6323928833007812,0.6757456064224243,0.6541726589202881,0.6909450888633728,0.666563868522644,0.6563922166824341,0.6243066787719727,0.30302730202674866,0.2857078015804291,0.2852037250995636,0.2847943603992462,0.2869759500026703,0.28731459379196167,0.2876157760620117,0.2910903990268707,0.2935883104801178,0.316672146320343,0.318325012922287,0.3660047650337219,0.3741529583930969,0.46968382596969604,0.45779895782470703,0.5514630675315857,0.5451023578643799,0.583926796913147,0.5711273550987244,0.5705091953277588,0.5681243538856506,0.5636419653892517,0.5599232912063599,0.5538637042045593,0.5524114370346069,0.686241090297699,0.6875648498535156,0.8079246878623962,0.8220434784889221,0.8257529139518738,0.8405819535255432,0.856719434261322,0.8568955063819885,-0.21741023659706116,-0.22401003539562225,-0.2241090089082718,-0.224155992269516,-0.19759027659893036,-0.1975601613521576,-0.19758936762809753,-0.21086952090263367,-0.08877091854810715,-0.2095520943403244,-0.17471733689308167,-0.24144777655601501,0.03796946629881859,-0.27636289596557617,0.10651528835296631,-0.30109140276908875,0.023011889308691025,-0.3361472487449646,0.010189643129706383,-0.3400755524635315,-0.029419248923659325,-0.3005121052265167,0.003421291010454297,-0.09045590460300446,0.09069792926311493,-0.1504702866077423,0.024921219795942307,0.014398083090782166,0.1451427936553955,0.027816351503133774,0.1521034687757492,-0.047515034675598145,0.07117097079753876,Walk-From-Chair
59,0.9993786811828613,0.9990378022193909,0.9991533756256104,0.9992871880531311,0.9987442493438721,0.9985288977622986,0.9985153675079346,0.9993551969528198,0.9968200922012329,0.9993826746940613,0.9985970854759216,0.9998253583908081,0.999149739742279,0.9733847975730896,0.13756677508354187,0.8905304670333862,0.2686021327972412,0.8514413833618164,0.2711929976940155,0.848034679889679,0.2822878658771515,0.8216257095336914,0.2836243808269501,0.9990734457969666,0.9986709952354431,0.9337553977966309,0.6998804211616516,0.960321307182312,0.8513886332511902,0.8679108023643494,0.8062648177146912,0.9540802240371704,0.8841542601585388,0.6214056015014648,0.6276055574417114,0.6303005814552307,0.6332792043685913,0.6239830851554871,0.623971700668335,0.6240186095237732,0.6480039358139038,0.6369441151618958,0.6295641660690308,0.6246441602706909,0.6852010488510132,0.632604718208313,0.699555516242981,0.6333829164505005,0.6823219060897827,0.6246792674064636,0.6802835464477539,0.6152715086936951,0.6720187664031982,0.6161832809448242,0.6691946387290955,0.6182952523231506,0.6694654226303101,0.6388589143753052,0.6493722200393677,0.6241571307182312,0.6681078672409058,0.6458247900009155,0.6830337643623352,0.6603015065193176,0.6398855447769165,0.6081317067146301,0.30143144726753235,0.28506964445114136,0.2846023738384247,0.2842435836791992,0.2859862446784973,0.28614112734794617,0.28623372316360474,0.2906827926635742,0.29195916652679443,0.3148413598537445,0.3163304030895233,0.364624559879303,0.37353578209877014,0.46714311838150024,0.46011391282081604,0.5564197897911072,0.5452021956443787,0.5869570970535278,0.5708621740341187,0.578830897808075,0.5682429075241089,0.5709916353225708,0.5600985884666443,0.553979218006134,0.5536338090896606,0.6873875260353088,0.6878566741943359,0.8151428699493408,0.8215783834457397,0.8334046602249146,0.8403580188751221,0.870020866394043,0.8588513731956482,-0.21531400084495544,-0.22556404769420624,-0.22564902901649475,-0.22571790218353271,-0.1980786770582199,-0.19805309176445007,-0.1980837881565094,-0.22240082919597626,-0.09714954346418381,-0.21071191132068634,-0.17456871271133423,-0.2598896026611328,0.029039433225989342,-0.304556667804718,0.10455278307199478,-0.3220675587654114,0.02005091682076454,-0.35545313358306885,0.009942864999175072,-0.36049121618270874,-0.02765268087387085,-0.3218918442726135,0.001439361716620624,-0.0923076719045639,0.09245391935110092,-0.14569029211997986,0.051292527467012405,-0.06061091274023056,0.1445792317390442,-0.05774488300085068,0.14832055568695068,-0.149244487285614,0.07549046725034714,Walk-From-Chair
60,0.9994115829467773,0.9990642666816711,0.9991843104362488,0.9993104934692383,0.9987673163414001,0.9985446929931641,0.9985144734382629,0.9993867874145508,0.9967350959777832,0.9994184374809265,0.998664915561676,0.9998408555984497,0.9991828799247742,0.9758111238479614,0.1515038013458252,0.90069580078125,0.3003445267677307,0.8645702600479126,0.2995813190937042,0.8614867925643921,0.3112039864063263,0.8366614580154419,0.31093737483024597,0.9991048574447632,0.9987453818321228,0.9381282925605774,0.7222527265548706,0.9629743099212646,0.8631405234336853,0.8683270812034607,0.816749632358551,0.9570898413658142,0.8929936289787292,0.6176272630691528,0.6228419542312622,0.6261188387870789,0.6295881271362305,0.6177805662155151,0.6172528266906738,0.6168068647384644,0.6434898376464844,0.6279985308647156,0.6273809671401978,0.6208731532096863,0.6839994192123413,0.6216812133789062,0.6935611367225647,0.6183835864067078,0.6656501889228821,0.6042367219924927,0.6630794405937195,0.5984486937522888,0.6534146666526794,0.6004384160041809,0.6519461274147034,0.6041334867477417,0.6637797951698303,0.6258302330970764,0.6559917330741882,0.615233302116394,0.6711762547492981,0.6214460134506226,0.6829203963279724,0.6376523971557617,0.6402701139450073,0.584804356098175,0.3038977086544037,0.28766509890556335,0.2870124280452728,0.2865065634250641,0.2892874479293823,0.2896290123462677,0.28985440731048584,0.29314059019088745,0.2941855788230896,0.3169030547142029,0.3185320198535919,0.3675970733165741,0.3740190863609314,0.46897655725479126,0.4614484906196594,0.5635601878166199,0.5483149290084839,0.5872265696525574,0.575097382068634,0.5823475122451782,0.5697975754737854,0.5741493105888367,0.5627305507659912,0.5540485382080078,0.553962767124176,0.6859252452850342,0.6881627440452576,0.8181666731834412,0.8300825357437134,0.8388024568557739,0.8495985865592957,0.8586012721061707,0.8688938021659851,-0.24396750330924988,-0.2512170672416687,-0.25128287076950073,-0.25133833289146423,-0.2275608777999878,-0.22754299640655518,-0.2275708019733429,-0.23113293945789337,-0.12124603986740112,-0.23213593661785126,-0.20067951083183289,-0.2534491717815399,0.006145271938294172,-0.29228803515434265,0.08503083884716034,-0.30249837040901184,-0.0005544423474930227,-0.3344170153141022,-0.015217217616736889,-0.3449096083641052,-0.0512935146689415,-0.30416983366012573,-0.01807636208832264,-0.08550293743610382,0.08560057729482651,-0.07632683962583542,0.036641594022512436,0.031832996755838394,0.11911775916814804,0.03560469299554825,0.12067519128322601,-0.07658505439758301,0.028854673728346825,Walk-From-Chair
61,0.9994485378265381,0.9991209506988525,0.9992372393608093,0.9993552565574646,0.9988283514976501,0.998611330986023,0.9985753297805786,0.9994326233863831,0.9968468546867371,0.9994609355926514,0.9987476468086243,0.9998557567596436,0.9992033839225769,0.9781147837638855,0.17262688279151917,0.9103219509124756,0.34397977590560913,0.877357006072998,0.3384442925453186,0.8745794892311096,0.35070762038230896,0.8516832590103149,0.34879782795906067,0.999135434627533,0.9987595081329346,0.9403379559516907,0.7266861796379089,0.9646428227424622,0.8682793974876404,0.8730260133743286,0.8210362195968628,0.9591705799102783,0.8970269560813904,0.6069594025611877,0.6126999258995056,0.6153208017349243,0.618130087852478,0.6094293594360352,0.6096365451812744,0.609882116317749,0.6320979595184326,0.6226066946983337,0.6144267916679382,0.6105585694313049,0.6695985794067383,0.6210170984268188,0.6814028024673462,0.6091962456703186,0.6571864485740662,0.5852221250534058,0.6553157567977905,0.5797317028045654,0.6443599462509155,0.5764919519424438,0.6435036063194275,0.581946849822998,0.654373049736023,0.6251136064529419,0.647280216217041,0.613909125328064,0.6625279188156128,0.6100080013275146,0.6729109883308411,0.6204406023025513,0.6318718194961548,0.5612413883209229,0.3023601770401001,0.28704288601875305,0.2863956689834595,0.28588172793388367,0.2883666157722473,0.2885677218437195,0.28867307305336,0.29150983691215515,0.2924383878707886,0.31469765305519104,0.31633561849594116,0.3664989769458771,0.3710309565067291,0.46966469287872314,0.46060076355934143,0.5667120218276978,0.5396725535392761,0.5891021490097046,0.5692241191864014,0.5863813757896423,0.5569735169410706,0.5784533619880676,0.5496627688407898,0.5524416565895081,0.5502185821533203,0.6856504678726196,0.686874270439148,0.825372040271759,0.8309475779533386,0.8497868180274963,0.8571083545684814,0.870549201965332,0.8702265024185181,-0.21913249790668488,-0.23038950562477112,-0.2304520159959793,-0.23050399124622345,-0.2031429260969162,-0.20312705636024475,-0.20315580070018768,-0.23003120720386505,-0.10462184995412827,-0.21460779011249542,-0.1788274496793747,-0.2599845230579376,0.017036035656929016,-0.2924190163612366,0.10353277623653412,-0.3080897927284241,0.023494267836213112,-0.34088006615638733,0.012459524907171726,-0.3529563844203949,-0.024916570633649826,-0.3102428913116455,0.005592519883066416,-0.0876573920249939,0.08773677051067352,-0.11008200794458389,0.05246804282069206,-0.049213312566280365,0.12517768144607544,-0.04987199231982231,0.1253390610218048,-0.1576697677373886,0.04022204503417015,Walk-From-Chair
62,0.9994984865188599,0.9992029666900635,0.9993086457252502,0.9994161128997803,0.9989350438117981,0.9987367391586304,0.998704195022583,0.9994863271713257,0.9971330761909485,0.9995111227035522,0.9988583326339722,0.9998695850372314,0.9992124438285828,0.9798914790153503,0.16796192526817322,0.9178563952445984,0.33556273579597473,0.8867337703704834,0.3313096761703491,0.8841260075569153,0.3439894914627075,0.862224817276001,0.3425822854042053,0.9991646409034729,0.998667299747467,0.9324067831039429,0.6981097459793091,0.9644401669502258,0.8606070280075073,0.8811529874801636,0.8267214298248291,0.9586184620857239,0.8913195729255676,0.5970110893249512,0.6023226976394653,0.6042673587799072,0.6063077449798584,0.6006368398666382,0.6013511419296265,0.6021401882171631,0.6191065311431885,0.6143072247505188,0.6031193733215332,0.6004981398582458,0.6502048373222351,0.6178489327430725,0.668088972568512,0.6077697277069092,0.6500859260559082,0.577854335308075,0.6477236747741699,0.5695732831954956,0.6393577456474304,0.5661906003952026,0.6388477683067322,0.5711392164230347,0.6357093453407288,0.6249513626098633,0.6073063611984253,0.6295433640480042,0.5753353834152222,0.6396282315254211,0.5815951824188232,0.6448580622673035,0.5271353125572205,0.6076081991195679,0.3026237487792969,0.28725528717041016,0.28661760687828064,0.28608816862106323,0.2884003520011902,0.2884840667247772,0.2884884774684906,0.29102465510368347,0.2922472655773163,0.31471049785614014,0.3159504532814026,0.3655269742012024,0.3699949085712433,0.47123587131500244,0.4612151086330414,0.5671787858009338,0.5213575959205627,0.5877517461776733,0.5399816036224365,0.5865533351898193,0.5334780216217041,0.5785416960716248,0.5277302265167236,0.5522782802581787,0.5490465760231018,0.687332034111023,0.6913381814956665,0.845549464225769,0.824392557144165,0.8704168796539307,0.8567235469818115,0.873073399066925,0.8503934144973755,-0.13455115258693695,-0.15073737502098083,-0.150778666138649,-0.15081918239593506,-0.11992605030536652,-0.11990304291248322,-0.11994023621082306,-0.17292504012584686,-0.03647618740797043,-0.1383039355278015,-0.09870119392871857,-0.22426745295524597,0.08334719389677048,-0.24639765918254852,0.13762472569942474,-0.2410677969455719,0.0617961585521698,-0.2686569094657898,0.05565424636006355,-0.27866268157958984,0.02409973368048668,-0.24180340766906738,0.04529040306806564,-0.09623530507087708,0.09631133824586868,-0.11458705365657806,0.1225883811712265,-0.08785427361726761,0.1796722114086151,-0.09187553077936172,0.18185555934906006,-0.18696841597557068,0.13478493690490723,Walk-From-Chair
63,0.999544620513916,0.9992774128913879,0.9993736743927002,0.9994712471961975,0.9990326166152954,0.9988518953323364,0.9988213181495667,0.9995348453521729,0.997392475605011,0.999557614326477,0.9989630579948425,0.9998819231987,0.9992369413375854,0.9816396236419678,0.17000052332878113,0.9249513745307922,0.35375598073005676,0.8958060145378113,0.35070106387138367,0.8933582901954651,0.36510366201400757,0.8726988434791565,0.3635042607784271,0.9992042779922485,0.9986222982406616,0.9340381026268005,0.6843276023864746,0.9658170938491821,0.8616853952407837,0.8894841074943542,0.8371753692626953,0.9596888422966003,0.8925566077232361,0.5911974906921387,0.5972734689712524,0.5997905731201172,0.602412760257721,0.5937194228172302,0.5937102437019348,0.5937858819961548,0.6167251467704773,0.6057373881340027,0.5993286371231079,0.5944263339042664,0.6561304330825806,0.6061497926712036,0.6627429723739624,0.5937052369117737,0.6367820501327515,0.5559650659561157,0.6338440775871277,0.5452246069908142,0.6255281567573547,0.541660726070404,0.6255298852920532,0.5482626557350159,0.6315695643424988,0.6163813471794128,0.599878191947937,0.627220094203949,0.5599848031997681,0.6433173418045044,0.5633239150047302,0.6462415456771851,0.5101453065872192,0.6154550313949585,0.3147110939025879,0.3003416955471039,0.29942625761032104,0.29832860827445984,0.3010998070240021,0.30079230666160583,0.3002893030643463,0.3004867136478424,0.3023415207862854,0.3260444700717926,0.3273290991783142,0.37879475951194763,0.38001158833503723,0.48441359400749207,0.4630608856678009,0.571959912776947,0.5089768171310425,0.5916479229927063,0.5219436883926392,0.586469292640686,0.5113901495933533,0.5801364779472351,0.5112403035163879,0.570095956325531,0.5637847781181335,0.7056071758270264,0.7052564024925232,0.8482129573822021,0.8223457932472229,0.8730261921882629,0.8500769138336182,0.8727606534957886,0.8483254313468933,-0.15310117602348328,-0.16548867523670197,-0.16552333533763885,-0.16555725038051605,-0.13631382584571838,-0.13629119098186493,-0.13633349537849426,-0.1712179332971573,-0.04166313633322716,-0.15182414650917053,-0.11424969136714935,-0.22165286540985107,0.08854648470878601,-0.24640119075775146,0.16658025979995728,-0.24505746364593506,0.0889618918299675,-0.2727809548377991,0.08171892911195755,-0.2845457196235657,0.04793369770050049,-0.24658961594104767,0.07125741988420486,-0.10180075466632843,0.1019495502114296,-0.13379326462745667,0.14933240413665771,-0.11884188652038574,0.2331639528274536,-0.12414369732141495,0.23784074187278748,-0.2250860631465912,0.19207072257995605,Walk-From-Chair
64,0.9995785355567932,0.9993376731872559,0.9994266033172607,0.9995166063308716,0.999108076095581,0.9989388585090637,0.9989105463027954,0.9995758533477783,0.9975940585136414,0.9995953440666199,0.9990420937538147,0.9998927712440491,0.9992130994796753,0.9827862977981567,0.15820100903511047,0.9285901188850403,0.33545413613319397,0.9001461267471313,0.3387071490287781,0.897737443447113,0.3535890579223633,0.876896321773529,0.3517213761806488,0.99924635887146,0.9985587000846863,0.9290082454681396,0.651792585849762,0.9657949209213257,0.8431411385536194,0.8946157097816467,0.8373711705207825,0.9595125317573547,0.879264235496521,0.5856421589851379,0.5914617776870728,0.5936871767044067,0.595855712890625,0.5880925059318542,0.587954044342041,0.5878482460975647,0.6080830693244934,0.5987894535064697,0.592429518699646,0.5873210430145264,0.6300567984580994,0.6108147501945496,0.6430043578147888,0.5975022912025452,0.6274380087852478,0.5743135809898376,0.6288142800331116,0.5670204758644104,0.6194436550140381,0.5632765889167786,0.6189630031585693,0.5676422715187073,0.623439610004425,0.613923192024231,0.5825880765914917,0.6182274222373962,0.5497813820838928,0.6475074887275696,0.5557357668876648,0.6556294560432434,0.4994095265865326,0.6158788800239563,0.3152830898761749,0.30039694905281067,0.2997056841850281,0.29887688159942627,0.3007642924785614,0.3004005551338196,0.29988524317741394,0.3025912940502167,0.3029216229915619,0.3271827697753906,0.32795652747154236,0.3781343698501587,0.38077881932258606,0.4834308922290802,0.4649929404258728,0.5703186392784119,0.5003828406333923,0.5910292863845825,0.5116187930107117,0.5842421650886536,0.5029340982437134,0.5779751539230347,0.49975264072418213,0.5637828707695007,0.5590513348579407,0.6998479962348938,0.7013316750526428,0.8488729596138,0.8182820081710815,0.8721660375595093,0.8425891399383545,0.8722870945930481,0.843544065952301,-0.12481324374675751,-0.1343095898628235,-0.13437657058238983,-0.1344267576932907,-0.10592057555913925,-0.10589243471622467,-0.10591647773981094,-0.13180077075958252,-0.005943667143583298,-0.12036458402872086,-0.08398191630840302,-0.1853959858417511,0.13385196030139923,-0.2154533863067627,0.20885471999645233,-0.22626885771751404,0.11620813608169556,-0.2537567913532257,0.10824004560709,-0.26553085446357727,0.07609853893518448,-0.22840194404125214,0.09877672046422958,-0.10751640796661377,0.1076873317360878,-0.16019810736179352,0.13124816119670868,-0.15135473012924194,0.20340588688850403,-0.15656520426273346,0.20690862834453583,-0.2624562382698059,0.14994022250175476,Walk-From-Chair
65,0.9996021389961243,0.9993869066238403,0.9994661211967468,0.9995509386062622,0.9991719722747803,0.9990119934082031,0.9989925622940063,0.9996044635772705,0.9977923631668091,0.9996209740638733,0.9991087317466736,0.9999001026153564,0.9992144703865051,0.9800784587860107,0.15262927114963531,0.9247500896453857,0.3251023590564728,0.8953393697738647,0.33049824833869934,0.8922654986381531,0.3455810844898224,0.868779718875885,0.3446919918060303,0.9991772770881653,0.9981553554534912,0.9177402853965759,0.6348509192466736,0.9654666781425476,0.832661509513855,0.9014165997505188,0.8388727307319641,0.957820475101471,0.8675344586372375,0.5747593641281128,0.5789654850959778,0.579637885093689,0.5802978873252869,0.5800653100013733,0.5816717147827148,0.5835065841674805,0.5904922485351562,0.5954981446266174,0.5787186026573181,0.5796419382095337,0.6028962135314941,0.6204270124435425,0.6268046498298645,0.5960527658462524,0.6134210824966431,0.5443515777587891,0.6127632260322571,0.5374450087547302,0.6047996878623962,0.524006724357605,0.6046850085258484,0.5316882133483887,0.5981860756874084,0.6145778298377991,0.5761100053787231,0.6142422556877136,0.5442381501197815,0.6488294005393982,0.55268394947052,0.6594642996788025,0.5090898275375366,0.6160659193992615,0.31755998730659485,0.3035890758037567,0.303041011095047,0.30232149362564087,0.30354613065719604,0.3030593693256378,0.30239900946617126,0.3054865300655365,0.30528727173805237,0.3294229209423065,0.3299895226955414,0.3776392936706543,0.3821743130683899,0.49455419182777405,0.4650408923625946,0.5716639757156372,0.48410269618034363,0.5922631025314331,0.49363476037979126,0.5863573551177979,0.485271155834198,0.5809409618377686,0.48463496565818787,0.5693300366401672,0.5689132213592529,0.7037610411643982,0.7048237323760986,0.8492413759231567,0.818249523639679,0.8704440593719482,0.8411969542503357,0.8719822764396667,0.8429998159408569,-0.03185974061489105,-0.05446644499897957,-0.05448925495147705,-0.05449194833636284,-0.022925440222024918,-0.022928129881620407,-0.02298026531934738,-0.11424021422863007,0.024147681891918182,-0.050185661762952805,-0.009768231771886349,-0.19040963053703308,0.1179104894399643,-0.23063337802886963,0.17766860127449036,-0.22942492365837097,0.13583892583847046,-0.2531387209892273,0.13716460764408112,-0.25758323073387146,0.10876323282718658,-0.2298201620578766,0.12041990458965302,-0.10455475747585297,0.1046515554189682,-0.08629050850868225,0.1415870487689972,-0.05663314461708069,0.19876950979232788,-0.05892004817724228,0.20221324265003204,-0.12527011334896088,0.1637093722820282,Walk-From-Chair
66,0.9996320605278015,0.999438464641571,0.9995112419128418,0.9995896816253662,0.9992380738258362,0.9990889430046082,0.9990737438201904,0.9996379613876343,0.9979691505432129,0.9996517896652222,0.999177098274231,0.9999088048934937,0.9992221593856812,0.9806973934173584,0.14779210090637207,0.9263156652450562,0.31295812129974365,0.8967690467834473,0.3209155201911926,0.8935341238975525,0.33586397767066956,0.8694215416908264,0.3350304663181305,0.9991686344146729,0.9979498386383057,0.9043572545051575,0.6277243494987488,0.9654967784881592,0.8301324248313904,0.9063512086868286,0.8447065949440002,0.9575605988502502,0.865332841873169,0.5650725960731506,0.5695757865905762,0.571332573890686,0.5730505585670471,0.5673081278800964,0.5675879120826721,0.5679596662521362,0.5840948820114136,0.5800857543945312,0.5710588097572327,0.5682513117790222,0.6043331623077393,0.5944544672966003,0.6117871999740601,0.5786718130111694,0.5962281227111816,0.547308087348938,0.5928322672843933,0.5366984605789185,0.5854407548904419,0.5332874059677124,0.5864038467407227,0.5358403921127319,0.5842686891555786,0.5866053700447083,0.5685971975326538,0.5987136960029602,0.5401363372802734,0.6502574682235718,0.5491482615470886,0.660506010055542,0.49517685174942017,0.6233407855033875,0.320173054933548,0.3054731488227844,0.304914265871048,0.3041539490222931,0.30557769536972046,0.3051985204219818,0.3046506643295288,0.3078763782978058,0.308469295501709,0.3320050835609436,0.3327674865722656,0.380023330450058,0.38554060459136963,0.4911814332008362,0.4747501611709595,0.5713443160057068,0.5323002934455872,0.5942031145095825,0.548083484172821,0.588309645652771,0.5478889346122742,0.5825707316398621,0.5369274616241455,0.573078453540802,0.5711718201637268,0.7142993807792664,0.715190589427948,0.8580024838447571,0.8185036778450012,0.8790667653083801,0.8412991166114807,0.8842055201530457,0.8650683164596558,-0.09110840409994125,-0.10447593033313751,-0.10454491525888443,-0.10457900911569595,-0.07531347870826721,-0.07529430091381073,-0.07531754672527313,-0.1224433183670044,0.0072099617682397366,-0.09404811263084412,-0.05642886087298393,-0.18637052178382874,0.12075082957744598,-0.21942424774169922,0.1684889793395996,-0.20830026268959045,0.09864256531000137,-0.23256859183311462,0.09394921362400055,-0.23906895518302917,0.06289584934711456,-0.20817068219184875,0.08250929415225983,-0.10348323732614517,0.10354386270046234,-0.09361706674098969,0.12696199119091034,-0.05433676391839981,0.19043894112110138,-0.056568391621112823,0.19394701719284058,-0.138044074177742,0.14678290486335754,Walk-From-Chair
67,0.9996542930603027,0.9994792342185974,0.9995467662811279,0.9996194243431091,0.9992890954017639,0.9991500973701477,0.9991407990455627,0.9996633529663086,0.9981195330619812,0.9996737241744995,0.9992315769195557,0.9999140501022339,0.9992543458938599,0.9788917899131775,0.1446845680475235,0.9157888293266296,0.3050168752670288,0.8850586414337158,0.3159952461719513,0.8813844919204712,0.33101198077201843,0.8554735779762268,0.32954704761505127,0.999181866645813,0.9979891777038574,0.9081234335899353,0.6459968686103821,0.9681316018104553,0.8414494395256042,0.9134690165519714,0.8549633622169495,0.9607410430908203,0.8738632798194885,0.5511823296546936,0.5567145347595215,0.5588406324386597,0.5609827041625977,0.554338812828064,0.5546084642410278,0.5549739599227905,0.5734500288963318,0.567599356174469,0.5584774017333984,0.5548825263977051,0.5930943489074707,0.5701667070388794,0.5932096838951111,0.5629639029502869,0.5736299753189087,0.539549708366394,0.5725704431533813,0.5320873260498047,0.5659072399139404,0.5304064154624939,0.5664235353469849,0.5320705771446228,0.5739285349845886,0.5741810202598572,0.5666623115539551,0.5806239247322083,0.5440737009048462,0.6429430246353149,0.5552026033401489,0.6468711495399475,0.532892644405365,0.6187511682510376,0.3192225694656372,0.3046906590461731,0.3040900230407715,0.3033345341682434,0.30493995547294617,0.3046143651008606,0.3041165769100189,0.30681052803993225,0.30744248628616333,0.33092841506004333,0.3317619562149048,0.3804144263267517,0.3870485723018646,0.48933371901512146,0.47692549228668213,0.5701598525047302,0.5314912796020508,0.5918118953704834,0.5473561882972717,0.5865442156791687,0.5464944243431091,0.5812633633613586,0.5366474986076355,0.5713697671890259,0.5694741010665894,0.7112258672714233,0.7127671837806702,0.857496976852417,0.8179724216461182,0.8772580027580261,0.8431345820426941,0.8855907917022705,0.8624100089073181,-0.07542429864406586,-0.08872989565134048,-0.08878589421510696,-0.08882251381874084,-0.05899382755160332,-0.05897916480898857,-0.05898988991975784,-0.10884801298379898,0.024270998314023018,-0.07922866940498352,-0.04079364612698555,-0.17064377665519714,0.13113591074943542,-0.20139864087104797,0.17155250906944275,-0.18208806216716766,0.09124625474214554,-0.20399603247642517,0.08236700296401978,-0.21270255744457245,0.05456438660621643,-0.18337157368659973,0.07591556757688522,-0.10297634452581406,0.10301418602466583,-0.09985391795635223,0.12032926082611084,-0.05429340526461601,0.16851118206977844,-0.055449582636356354,0.17041197419166565,-0.14285628497600555,0.12192543596029282,Walk-From-Chair
68,0.9996802806854248,0.9995189905166626,0.9995829463005066,0.9996503591537476,0.9993350505828857,0.9992056488990784,0.9991986751556396,0.9996910095214844,0.9982437491416931,0.9997006058692932,0.9992908835411072,0.9999223947525024,0.9992899298667908,0.9807493686676025,0.1436956226825714,0.9235772490501404,0.30460551381111145,0.895292341709137,0.316668838262558,0.8919156193733215,0.3317829966545105,0.8677619099617004,0.33032768964767456,0.9992354512214661,0.9980699419975281,0.9155209064483643,0.6647100448608398,0.9710637331008911,0.8519026041030884,0.9206894040107727,0.8638557195663452,0.964318037033081,0.8833138346672058,0.5403369665145874,0.5476280450820923,0.5495180487632751,0.5513840913772583,0.5455886125564575,0.5460699796676636,0.5465573072433472,0.5624477863311768,0.5575342178344727,0.5447602868080139,0.5422559380531311,0.583234429359436,0.557280421257019,0.5893906354904175,0.5522304773330688,0.5735958814620972,0.5321439504623413,0.5746325254440308,0.5233485698699951,0.5678590536117554,0.5238388180732727,0.567014217376709,0.5267707109451294,0.567362904548645,0.5539262890815735,0.5670181512832642,0.5621300339698792,0.5417417287826538,0.6380963325500488,0.5562065839767456,0.6439465284347534,0.5055056810379028,0.6165295839309692,0.3110222816467285,0.2981506884098053,0.29794397950172424,0.29774174094200134,0.2980594038963318,0.2978752553462982,0.2977064251899719,0.3039061725139618,0.3035234808921814,0.32267484068870544,0.3233760893344879,0.37359821796417236,0.3847542107105255,0.48234501481056213,0.47296974062919617,0.5691375732421875,0.535661518573761,0.5911117196083069,0.5550092458724976,0.5879325270652771,0.5569050908088684,0.5814456939697266,0.5468753576278687,0.5699284672737122,0.5674959421157837,0.7108371257781982,0.7116537690162659,0.8559891581535339,0.8170644640922546,0.8778198957443237,0.8390001654624939,0.8900448679924011,0.8633226156234741,-0.10004103183746338,-0.11061515659093857,-0.1107141524553299,-0.11079087108373642,-0.0837976336479187,-0.0837898924946785,-0.08385896682739258,-0.14168187975883484,0.01576276123523712,-0.09231390058994293,-0.06142760440707207,-0.22433403134346008,0.11850605905056,-0.2756522297859192,0.1457730531692505,-0.28028374910354614,0.08087854832410812,-0.3110347390174866,0.07255452871322632,-0.31433603167533875,0.04228677600622177,-0.27978408336639404,0.06428814679384232,-0.10415057092905045,0.10410679876804352,-0.09894349426031113,0.12996570765972137,-0.053334791213274,0.1836637705564499,-0.05433231592178345,0.18512001633644104,-0.14461727440357208,0.13747750222682953,Walk-From-Chair
69,0.9996987581253052,0.9995462894439697,0.9996063113212585,0.9996709823608398,0.9993706941604614,0.9992462396621704,0.9992456436157227,0.9997067451477051,0.9983384013175964,0.9997181296348572,0.9993363618850708,0.9999291896820068,0.9993453621864319,0.982033908367157,0.14722487330436707,0.9294245839118958,0.3112415075302124,0.9026719331741333,0.3236796259880066,0.8995845317840576,0.33859020471572876,0.8761170506477356,0.33712896704673767,0.9992716312408447,0.9981992840766907,0.9216458797454834,0.6703847646713257,0.9732393622398376,0.8566638827323914,0.9255509376525879,0.8662294149398804,0.9669779539108276,0.8876916170120239,0.531525194644928,0.5376702547073364,0.5396966934204102,0.5419016480445862,0.535298228263855,0.5355987548828125,0.5359631776809692,0.5530818104743958,0.5460029244422913,0.5367411375045776,0.533696174621582,0.5846658945083618,0.5519777536392212,0.5800445675849915,0.5466536283493042,0.5686932802200317,0.5358651876449585,0.5739156007766724,0.5247381925582886,0.5664256811141968,0.5270377993583679,0.5649411678314209,0.534662127494812,0.565777063369751,0.5543708205223083,0.5543528199195862,0.549206018447876,0.5965983271598816,0.5887764692306519,0.6188619136810303,0.614741861820221,0.5481362342834473,0.5617491006851196,0.30983445048332214,0.2976233661174774,0.2975767254829407,0.2975062429904938,0.2972297966480255,0.29702427983283997,0.29681020975112915,0.3037680685520172,0.30277350544929504,0.32215383648872375,0.32246723771095276,0.37360918521881104,0.3842797577381134,0.4802379906177521,0.47462618350982666,0.5685739517211914,0.5583106875419617,0.5908641815185547,0.57704758644104,0.589519739151001,0.5803372263908386,0.582392156124115,0.5722106099128723,0.5650953650474548,0.56536465883255,0.7120571136474609,0.7099093198776245,0.831836998462677,0.8256623148918152,0.8347577452659607,0.8391934037208557,0.893230676651001,0.8782767057418823,-0.11154341697692871,-0.12634998559951782,-0.12635919451713562,-0.1263829916715622,-0.09752433747053146,-0.09752829372882843,-0.09756217896938324,-0.15785740315914154,-0.010071177035570145,-0.11258268356323242,-0.07638685405254364,-0.22588014602661133,0.0873369425535202,-0.2749817967414856,0.12751814723014832,-0.27862176299095154,0.0621195025742054,-0.30890947580337524,0.05613045021891594,-0.3112022280693054,0.024606792256236076,-0.278006374835968,0.04644542932510376,-0.10411857068538666,0.10406124591827393,-0.10026641935110092,0.12601277232170105,-0.047436147928237915,0.18409910798072815,-0.04582442343235016,0.18577620387077332,-0.12759505212306976,0.13584554195404053,Walk-From-Chair
70,0.9997017979621887,0.9995390772819519,0.9995998740196228,0.9996632933616638,0.9993613362312317,0.9992311000823975,0.9992292523384094,0.9997044205665588,0.9982796311378479,0.9997241497039795,0.9993599653244019,0.9999329447746277,0.9993875622749329,0.9832428097724915,0.158013254404068,0.9328317642211914,0.3297668397426605,0.9057949185371399,0.34096184372901917,0.9031746983528137,0.3559305667877197,0.8792852759361267,0.3521845042705536,0.9993138313293457,0.9983522891998291,0.9281457662582397,0.6907702088356018,0.9751167893409729,0.867608368396759,0.9284554719924927,0.8726208209991455,0.9691767692565918,0.8952386379241943,0.5220537185668945,0.5290055871009827,0.5316459536552429,0.5343064069747925,0.5249214172363281,0.5245698690414429,0.5242528915405273,0.547054648399353,0.5339921712875366,0.5289413928985596,0.5231404304504395,0.5808224081993103,0.5220524072647095,0.5801714658737183,0.5238181352615356,0.5658729672431946,0.5258519053459167,0.5676456689834595,0.5206847786903381,0.5602923035621643,0.5240635275840759,0.5589586496353149,0.5278180837631226,0.5604660511016846,0.5332213640213013,0.5514066815376282,0.5317791700363159,0.6091386079788208,0.5381357073783875,0.6210530996322632,0.5508253574371338,0.5839044451713562,0.5057013034820557,0.3113296329975128,0.2989630699157715,0.2989507019519806,0.29879698157310486,0.2984151840209961,0.2981247901916504,0.297751784324646,0.3049354553222656,0.3036690950393677,0.32430920004844666,0.324065625667572,0.3736213445663452,0.3848743438720703,0.4748004972934723,0.4750817120075226,0.5682963728904724,0.5553495287895203,0.5921822786331177,0.5769354104995728,0.5927478075027466,0.579982578754425,0.5835654735565186,0.5719240307807922,0.5663461685180664,0.5672416090965271,0.7111513614654541,0.7090634703636169,0.8154528141021729,0.8428138494491577,0.8215878009796143,0.8631361722946167,0.8914393186569214,0.8812748789787292,-0.18028298020362854,-0.1886884570121765,-0.18876254558563232,-0.1888428032398224,-0.1636432558298111,-0.1636282354593277,-0.16363587975502014,-0.1762268841266632,-0.058005232363939285,-0.17079190909862518,-0.13788160681724548,-0.2177688330411911,0.06512168794870377,-0.25668513774871826,0.12100032716989517,-0.27013447880744934,0.021462269127368927,-0.3014027774333954,0.007917075417935848,-0.30853015184402466,-0.025039255619049072,-0.2712029218673706,0.0052290563471615314,-0.09719563275575638,0.0972430631518364,-0.09732368588447571,0.0986253172159195,0.025253305211663246,0.1818256974220276,0.033742912113666534,0.18353120982646942,-0.049552254378795624,0.10628233850002289,Walk-From-Chair
71,0.9997096061706543,0.9995501637458801,0.999610960483551,0.9996733665466309,0.9993714094161987,0.9992300271987915,0.9992191791534424,0.9997208714485168,0.9982448816299438,0.9997320771217346,0.9993749260902405,0.9999376535415649,0.9993919730186462,0.9846910238265991,0.14951679110527039,0.9386787414550781,0.3182102143764496,0.9132492542266846,0.3306210935115814,0.9108478426933289,0.3457254469394684,0.8879706859588623,0.3418152332305908,0.999309241771698,0.9984542727470398,0.9340754151344299,0.7138644456863403,0.9765034914016724,0.8779855370521545,0.9303356409072876,0.879393458366394,0.9709720611572266,0.9026328325271606,0.5150136351585388,0.5210016965866089,0.52364581823349,0.5263726115226746,0.5165321230888367,0.5159686803817749,0.5153947472572327,0.5383073091506958,0.5249041318893433,0.5221666097640991,0.5168327689170837,0.5588477849960327,0.5319103002548218,0.5623276829719543,0.5299092531204224,0.5479766726493835,0.5226401686668396,0.5468555092811584,0.5225393772125244,0.5437424182891846,0.5254788994789124,0.5441343188285828,0.5259585380554199,0.5529031753540039,0.5317205786705017,0.5541598200798035,0.5193946957588196,0.6072660684585571,0.5316977500915527,0.6189625859260559,0.5429723262786865,0.5904916524887085,0.48705238103866577,0.31098809838294983,0.2982964515686035,0.2982071340084076,0.2980141043663025,0.2979847490787506,0.2977485954761505,0.2973974347114563,0.30426108837127686,0.3027742803096771,0.32404714822769165,0.3239029049873352,0.37197208404541016,0.38307711482048035,0.4753681719303131,0.47116008400917053,0.5680318474769592,0.5484548807144165,0.5915886759757996,0.5717505216598511,0.591793954372406,0.5707675814628601,0.5832089781761169,0.5675007104873657,0.5722381472587585,0.5735772848129272,0.7104552984237671,0.7084575891494751,0.81290203332901,0.8508273363113403,0.8193899989128113,0.8719994425773621,0.8823882341384888,0.8903427124023438,-0.16336689889431,-0.17608536779880524,-0.17616663873195648,-0.1762317270040512,-0.14732882380485535,-0.14729729294776917,-0.1473000943660736,-0.17968514561653137,-0.04921095818281174,-0.1605578362941742,-0.12318980693817139,-0.23276975750923157,0.08218409866094589,-0.27960947155952454,0.15160894393920898,-0.28269845247268677,0.05995519831776619,-0.3153056502342224,0.053692419081926346,-0.31981176137924194,0.014700743369758129,-0.2823319733142853,0.0407104417681694,-0.0975310355424881,0.09761056303977966,-0.08020990341901779,0.0952756404876709,0.0400029681622982,0.15243396162986755,0.047024063766002655,0.15072721242904663,-0.037002258002758026,0.06700138747692108,Walk-From-Chair
72,0.9996965527534485,0.9995248913764954,0.9995821118354797,0.9996501803398132,0.9993447065353394,0.9991810917854309,0.9991734623908997,0.999703586101532,0.9981306195259094,0.9997196793556213,0.9993613362312317,0.9999375939369202,0.9994142651557922,0.9849740266799927,0.1490451842546463,0.9394259452819824,0.31971612572669983,0.912865400314331,0.33235231041908264,0.9106726050376892,0.3471657633781433,0.886524498462677,0.3435628116130829,0.9993004202842712,0.9985167980194092,0.934184193611145,0.699256956577301,0.9731374382972717,0.8692417144775391,0.9287393093109131,0.871313214302063,0.9683329463005066,0.8959718942642212,0.501205325126648,0.5071707963943481,0.5101757049560547,0.5133194327354431,0.502963662147522,0.5026973485946655,0.5025311708450317,0.5267941951751709,0.5153456926345825,0.5094532370567322,0.5039900541305542,0.556956946849823,0.5146893262863159,0.5594147443771362,0.521809458732605,0.5435383319854736,0.5186601281166077,0.541800856590271,0.517304539680481,0.5398648977279663,0.5201910734176636,0.5374407768249512,0.5230517387390137,0.5521180629730225,0.5298488140106201,0.542002260684967,0.517245888710022,0.5780322551727295,0.5407758951187134,0.5888411998748779,0.5527069568634033,0.5586779713630676,0.50471031665802,0.3112383186817169,0.29822853207588196,0.2981113791465759,0.29792436957359314,0.2979932725429535,0.29776763916015625,0.2974104583263397,0.3039214313030243,0.30271005630493164,0.32424625754356384,0.32417505979537964,0.37168407440185547,0.38295766711235046,0.4749506115913391,0.4711925685405731,0.5667994618415833,0.5546360611915588,0.5911766290664673,0.575320303440094,0.5910851955413818,0.5750055313110352,0.5828296542167664,0.5692337155342102,0.5713990330696106,0.5728283524513245,0.7063332200050354,0.7080071568489075,0.8125539422035217,0.8442176580429077,0.8168375492095947,0.8546953201293945,0.859508216381073,0.8852152228355408,-0.18047232925891876,-0.19149217009544373,-0.19156791269779205,-0.19163794815540314,-0.1628163903951645,-0.16278749704360962,-0.16281183063983917,-0.1915021687746048,-0.06110858917236328,-0.17695489525794983,-0.1393897831439972,-0.23909351229667664,0.06109962612390518,-0.28650104999542236,0.12487969547510147,-0.298643559217453,0.04513559490442276,-0.3322216868400574,0.04059439152479172,-0.3336299657821655,0.0039275651797652245,-0.2979426980018616,0.027615472674369812,-0.09660138189792633,0.09667016565799713,-0.08304017782211304,0.12401578575372696,0.04047239571809769,0.2358204424381256,0.05103352665901184,0.24232670664787292,-0.017993081361055374,0.17805561423301697,Walk-From-Chair
73,0.9995688199996948,0.9993696808815002,0.9994493126869202,0.9995454549789429,0.9991557598114014,0.9989416003227234,0.9989311695098877,0.9996514916419983,0.9976828694343567,0.9996647834777832,0.9992628693580627,0.9999325275421143,0.9992991089820862,0.9852305054664612,0.14060015976428986,0.9391902685165405,0.2987380921840668,0.9107107520103455,0.31120556592941284,0.9085355997085571,0.32522982358932495,0.8816258311271667,0.32219648361206055,0.9991334080696106,0.99825119972229,0.9375382661819458,0.6997678875923157,0.9713030457496643,0.8665952086448669,0.923172116279602,0.8643909692764282,0.966229259967804,0.8929546475410461,0.49032506346702576,0.4956274926662445,0.49820321798324585,0.500948965549469,0.4922053813934326,0.49206122756004333,0.49203047156333923,0.5159634351730347,0.5059889554977417,0.4978296756744385,0.49337300658226013,0.5500450730323792,0.506816029548645,0.548991322517395,0.5114839673042297,0.5300543904304504,0.5104736089706421,0.5288058519363403,0.5091987252235413,0.5260177850723267,0.511029839515686,0.5265616774559021,0.5121918320655823,0.5511590242385864,0.5188552737236023,0.537483811378479,0.5045956373214722,0.5589908957481384,0.5277975797653198,0.5694418549537659,0.5379547476768494,0.533627450466156,0.4892289638519287,0.31053411960601807,0.29655715823173523,0.29653200507164,0.2964140474796295,0.29637444019317627,0.2962527573108673,0.29598256945610046,0.3022746443748474,0.3006090521812439,0.3238586485385895,0.32397034764289856,0.37172746658325195,0.3827670216560364,0.4749581217765808,0.4706759750843048,0.564693033695221,0.5510876774787903,0.585953950881958,0.5717264413833618,0.5867936015129089,0.5714934468269348,0.578843355178833,0.5651198029518127,0.5690609216690063,0.5726662278175354,0.7062951922416687,0.7073283791542053,0.8183013200759888,0.840861439704895,0.8270843625068665,0.8545097708702087,0.8639346361160278,0.8830893635749817,-0.18293125927448273,-0.196254163980484,-0.19635234773159027,-0.19644534587860107,-0.16557742655277252,-0.16554240882396698,-0.1655949354171753,-0.2018224000930786,-0.06355604529380798,-0.1813693642616272,-0.14151951670646667,-0.25362858176231384,0.06758235394954681,-0.293807715177536,0.1279214471578598,-0.2921615540981293,0.043143220245838165,-0.32655781507492065,0.037261493504047394,-0.32997947931289673,0.0012266207486391068,-0.29211264848709106,0.025108564645051956,-0.09646739065647125,0.09655345976352692,-0.09801022708415985,0.12371914088726044,0.04202570766210556,0.22557857632637024,0.05177963525056839,0.22988645732402802,-0.03648799657821655,0.153978168964386,Walk-From-Chair
74,0.9994730949401855,0.9992722272872925,0.9993584156036377,0.9994697570800781,0.9990568161010742,0.9988240003585815,0.9988314509391785,0.9996006488800049,0.9975537657737732,0.9995898604393005,0.9991628527641296,0.9999222159385681,0.9992351531982422,0.9841812252998352,0.12980695068836212,0.9319596290588379,0.2749250829219818,0.8996269702911377,0.2875671684741974,0.8972598910331726,0.3004806339740753,0.8659003376960754,0.2977943420410156,0.9990874528884888,0.9981614351272583,0.9387460350990295,0.6850710511207581,0.9689689874649048,0.8527926802635193,0.920588493347168,0.8492398858070374,0.963505208492279,0.8817465901374817,0.4831792712211609,0.48785582184791565,0.4900992810726166,0.4923976957798004,0.4848228394985199,0.4848710596561432,0.48504143953323364,0.5058490037918091,0.4983554482460022,0.49045276641845703,0.48714226484298706,0.5366095304489136,0.5067780017852783,0.5323828458786011,0.5161853432655334,0.5188109874725342,0.5108288526535034,0.5157381892204285,0.5043441653251648,0.5126025080680847,0.5062344074249268,0.514234185218811,0.5085463523864746,0.5420663952827454,0.5105429887771606,0.5180076360702515,0.4891494810581207,0.5473319888114929,0.5221632719039917,0.5597838759422302,0.5341560244560242,0.5241985321044922,0.4951978325843811,0.3089028000831604,0.2944500744342804,0.2944326400756836,0.294352650642395,0.29425230622291565,0.2941412925720215,0.29392871260643005,0.2997092008590698,0.29797500371932983,0.3226252496242523,0.3230266273021698,0.3720601499080658,0.38037386536598206,0.4748864471912384,0.4753051996231079,0.5613176226615906,0.5499187111854553,0.582846462726593,0.5709549188613892,0.5810425281524658,0.5705505013465881,0.5754757523536682,0.5637131333351135,0.56435227394104,0.5725278258323669,0.7044874429702759,0.7053800821304321,0.8270885944366455,0.8345049023628235,0.8401409983634949,0.8481630086898804,0.8649141192436218,0.8809967041015625,-0.18430739641189575,-0.1977269947528839,-0.19782188534736633,-0.1979229897260666,-0.16596029698848724,-0.16592414677143097,-0.1659807711839676,-0.2051219940185547,-0.06303130090236664,-0.18377646803855896,-0.1427336484193802,-0.2566092014312744,0.06716559827327728,-0.2989056408405304,0.12004653364419937,-0.2964143455028534,0.03378065675497055,-0.33214354515075684,0.027842309325933456,-0.3316391110420227,-0.007510077208280563,-0.2955223619937897,0.01613091118633747,-0.09595122933387756,0.09603045880794525,-0.13473865389823914,0.0922267884016037,0.037882160395383835,0.2209632843732834,0.02940461039543152,0.2175917625427246,-0.06267331540584564,0.14033891260623932,Walk-From-Chair
75,0.9993640780448914,0.9991529583930969,0.9992471933364868,0.9993703365325928,0.998981237411499,0.9987502694129944,0.9987850785255432,0.9995140433311462,0.9975439310073853,0.9994391798973083,0.9989896416664124,0.9999129176139832,0.9992048740386963,0.9803968667984009,0.11964001506567001,0.914269745349884,0.2513154149055481,0.8788062930107117,0.26358264684677124,0.8757441639900208,0.2753613293170929,0.838184654712677,0.273160457611084,0.9989926815032959,0.9979419708251953,0.9405057430267334,0.6792323589324951,0.9700879454612732,0.8417680859565735,0.9219245314598083,0.8398901224136353,0.964882493019104,0.8786766529083252,0.47181516885757446,0.47598981857299805,0.4779849946498871,0.4800418019294739,0.47402381896972656,0.47456416487693787,0.4752573072910309,0.49366745352745056,0.48934516310691833,0.4796842932701111,0.47744518518447876,0.5160528421401978,0.5091270208358765,0.5161713361740112,0.5176348686218262,0.507635235786438,0.5098063349723816,0.5045554041862488,0.5044714212417603,0.5047896504402161,0.5027797222137451,0.5066145062446594,0.508240282535553,0.5342183113098145,0.5079687833786011,0.5159602165222168,0.4859553873538971,0.5358143448829651,0.5093885064125061,0.5447746515274048,0.5235379934310913,0.4913254678249359,0.4720085561275482,0.3052315413951874,0.2908090353012085,0.29080888628959656,0.29081687331199646,0.2907610237598419,0.290757954120636,0.2907072603702545,0.2964654564857483,0.29494839906692505,0.3195244371891022,0.32027700543403625,0.37111514806747437,0.375573992729187,0.47415000200271606,0.470870703458786,0.5574105381965637,0.5496416687965393,0.5817835330963135,0.5707917809486389,0.5810443758964539,0.5708329677581787,0.5734556913375854,0.563547670841217,0.5629092454910278,0.5699790120124817,0.704488217830658,0.697382926940918,0.8472897410392761,0.8303549885749817,0.8680135011672974,0.8481882214546204,0.8803919553756714,0.8734937310218811,-0.18306013941764832,-0.18923993408679962,-0.18932709097862244,-0.18941481411457062,-0.16433054208755493,-0.16429799795150757,-0.16451016068458557,-0.19885578751564026,-0.06198262423276901,-0.1746659129858017,-0.14115768671035767,-0.25908002257347107,0.07270307838916779,-0.2966877222061157,0.11759889125823975,-0.2837948203086853,0.037966735661029816,-0.3162442743778229,0.03323160111904144,-0.31135037541389465,-0.0002582285669632256,-0.2822241187095642,0.02099207416176796,-0.10246872901916504,0.10244075208902359,-0.12427318096160889,0.09343180060386658,-0.049919623881578445,0.18464840948581696,-0.05214592069387436,0.1855500042438507,-0.15286192297935486,0.12407808005809784,Walk-From-Chair
76,0.9993896484375,0.9991823434829712,0.9992780685424805,0.9993952512741089,0.9990189671516418,0.9988104701042175,0.9988442659378052,0.999531626701355,0.9976755380630493,0.9994645118713379,0.9990345239639282,0.9999194145202637,0.9992457628250122,0.9815828204154968,0.11742159724235535,0.9194318056106567,0.24471591413021088,0.884738564491272,0.2553503215312958,0.8816739916801453,0.2665582001209259,0.843656063079834,0.26434698700904846,0.9990441799163818,0.9980006217956543,0.9443398714065552,0.6814998388290405,0.9721633195877075,0.8444415926933289,0.9251470565795898,0.8388561010360718,0.9673290848731995,0.8839938044548035,0.46030980348587036,0.46553993225097656,0.4675833582878113,0.46970638632774353,0.4635166525840759,0.4640163779258728,0.46464914083480835,0.48389896750450134,0.47862380743026733,0.46724042296409607,0.46441394090652466,0.5156673789024353,0.49358421564102173,0.5162214040756226,0.49928101897239685,0.49580860137939453,0.488431453704834,0.49328771233558655,0.4873427748680115,0.4907069802284241,0.48664841055870056,0.4921814501285553,0.4883040487766266,0.5219974517822266,0.5038214921951294,0.5046088099479675,0.4713767468929291,0.5231341123580933,0.49087435007095337,0.5377944111824036,0.5028468370437622,0.4807260036468506,0.4494710862636566,0.306393027305603,0.2915908694267273,0.29150137305259705,0.29140451550483704,0.2915399670600891,0.2914294898509979,0.2912624478340149,0.2966085970401764,0.29502901434898376,0.31970080733299255,0.32052555680274963,0.3711611330509186,0.3763068914413452,0.47455570101737976,0.47358569502830505,0.5638878345489502,0.5563627481460571,0.5878808498382568,0.5770940780639648,0.586590051651001,0.5763393640518188,0.5798547863960266,0.5695671439170837,0.564413845539093,0.5696834921836853,0.7046406865119934,0.6976444125175476,0.8485641479492188,0.8294833302497864,0.87163245677948,0.8485190272331238,0.883595883846283,0.8678788542747498,-0.1735217124223709,-0.18481920659542084,-0.18488731980323792,-0.18494299054145813,-0.15568411350250244,-0.15565456449985504,-0.15576867759227753,-0.2125171422958374,-0.0644206628203392,-0.17352089285850525,-0.13375289738178253,-0.2784375548362732,0.05810824781656265,-0.32213106751441956,0.1025283932685852,-0.30688101053237915,0.02655867673456669,-0.3414517045021057,0.021900098770856857,-0.3396666347980499,-0.012021742761135101,-0.3051353096961975,0.009566331282258034,-0.10217839479446411,0.10215722024440765,-0.1211085170507431,0.09679247438907623,-0.06470926105976105,0.17410507798194885,-0.06605726480484009,0.1746939718723297,-0.16736914217472076,0.11010631173849106,Walk-From-Chair
77,0.9994255900382996,0.9992265105247498,0.9993177652359009,0.9994296431541443,0.9990749359130859,0.9988808631896973,0.9989107251167297,0.9995575547218323,0.997814953327179,0.9994953870773315,0.9990832805633545,0.9999244213104248,0.9992526173591614,0.9826579689979553,0.11661174148321152,0.9237327575683594,0.24078617990016937,0.889581024646759,0.2500879466533661,0.886760413646698,0.2610524296760559,0.8485202789306641,0.25878968834877014,0.999093234539032,0.9980394244194031,0.9464287161827087,0.6816255450248718,0.9734256863594055,0.8422313332557678,0.926226794719696,0.8339256644248962,0.9687352180480957,0.883369505405426,0.4535171091556549,0.46033015847206116,0.46328744292259216,0.46636924147605896,0.4560847282409668,0.4559509754180908,0.4559165835380554,0.48079705238342285,0.4695320129394531,0.4619911313056946,0.45651084184646606,0.5106766223907471,0.4802786409854889,0.5113347172737122,0.48336490988731384,0.48638978600502014,0.4683704972267151,0.4847869277000427,0.46798211336135864,0.48197513818740845,0.46839815378189087,0.4821780323982239,0.4713903069496155,0.5095784068107605,0.48926687240600586,0.499545156955719,0.4594644606113434,0.5179293155670166,0.4643818736076355,0.536569356918335,0.47692617774009705,0.47765016555786133,0.42104974389076233,0.3065454065799713,0.291790634393692,0.2916737198829651,0.29154548048973083,0.29176172614097595,0.29163995385169983,0.29145345091819763,0.2967340052127838,0.29523757100105286,0.3197709619998932,0.3206441104412079,0.3713088929653168,0.37643712759017944,0.47622913122177124,0.4773431420326233,0.5670331716537476,0.5568507313728333,0.5893049836158752,0.5787599086761475,0.588362991809845,0.5771752595901489,0.5812955498695374,0.5701936483383179,0.5668631792068481,0.569478452205658,0.7044441103935242,0.6978924870491028,0.8530219793319702,0.8293104767799377,0.8765347599983215,0.8518940806388855,0.8881914615631104,0.8658674955368042,-0.18987251818180084,-0.2020220309495926,-0.20209982991218567,-0.20216551423072815,-0.17202933132648468,-0.17199930548667908,-0.17205186188220978,-0.21331806480884552,-0.07627967745065689,-0.18991532921791077,-0.1508406698703766,-0.2732601463794708,0.05343303829431534,-0.31141239404678345,0.10444500297307968,-0.29966482520103455,0.02559729851782322,-0.33339884877204895,0.019531188532710075,-0.3346969485282898,-0.014533305540680885,-0.29855531454086304,0.008486767299473286,-0.1019432321190834,0.10192892700433731,-0.13325871527194977,0.09916818141937256,-0.08403032273054123,0.19167360663414001,-0.08553402125835419,0.19429443776607513,-0.190468892455101,0.13196110725402832,Walk-From-Chair
78,0.999462366104126,0.9992767572402954,0.9993623495101929,0.9994670748710632,0.9991347193717957,0.9989569783210754,0.9989861845970154,0.9995863437652588,0.9979771971702576,0.9995296597480774,0.9991468191146851,0.9999304413795471,0.9992988109588623,0.9837243556976318,0.11586727946996689,0.9277178645133972,0.23297053575515747,0.8940708637237549,0.2411966323852539,0.8912904262542725,0.2516099214553833,0.8526936769485474,0.24927081167697906,0.9991446137428284,0.9980752468109131,0.9493973851203918,0.6899235248565674,0.9752054810523987,0.8444736003875732,0.9297410845756531,0.8322196006774902,0.9707100987434387,0.8859308362007141,0.44569629430770874,0.4512604773044586,0.45378369092941284,0.4563262462615967,0.4478816092014313,0.44802623987197876,0.44821906089782715,0.4707671105861664,0.4622270166873932,0.4536358714103699,0.44977259635925293,0.4930555820465088,0.47528037428855896,0.4928779602050781,0.4823763966560364,0.4728182256221771,0.4735545516014099,0.4720555245876312,0.46878790855407715,0.4700687527656555,0.46833667159080505,0.4706253111362457,0.4699401259422302,0.48963141441345215,0.4807862639427185,0.4808464050292969,0.4486691951751709,0.5198074579238892,0.4284664988517761,0.5374998450279236,0.4318543076515198,0.4752373695373535,0.39354079961776733,0.30889326333999634,0.2939695417881012,0.2937663793563843,0.2935427129268646,0.29401296377182007,0.29385173320770264,0.29356804490089417,0.2982567250728607,0.29622209072113037,0.321557879447937,0.32254698872566223,0.3734969198703766,0.3770853877067566,0.48107603192329407,0.47993066906929016,0.5714833736419678,0.563859224319458,0.5947173833847046,0.5835502743721008,0.5961306691169739,0.5851444005966187,0.5869376063346863,0.5777091979980469,0.5718801021575928,0.5717108249664307,0.7099975347518921,0.6981788873672485,0.8599539399147034,0.8306412100791931,0.8811439275741577,0.8540794253349304,0.8962609767913818,0.8619748950004578,-0.1842993199825287,-0.1951543092727661,-0.19525137543678284,-0.19534718990325928,-0.17031727731227875,-0.1702709197998047,-0.17036718130111694,-0.21249715983867645,-0.06847532838582993,-0.18190422654151917,-0.14746823906898499,-0.27942973375320435,0.05892832204699516,-0.3182165026664734,0.10996469110250473,-0.29467350244522095,0.028088992461562157,-0.3278917074203491,0.025022026151418686,-0.3291759192943573,-0.01010792888700962,-0.2934255301952362,0.010198145173490047,-0.10386019945144653,0.10383623838424683,-0.12707111239433289,0.1352253556251526,-0.07154403626918793,0.22234657406806946,-0.07245039194822311,0.2253378927707672,-0.17367461323738098,0.16485586762428284,Walk-From-Chair
79,0.9994797706604004,0.999281644821167,0.9993667006492615,0.9994699358940125,0.9991307258605957,0.9989476799964905,0.9989638328552246,0.99958735704422,0.9978618025779724,0.9995357394218445,0.9991326928138733,0.9999321699142456,0.9992667436599731,0.9835323095321655,0.11438573151826859,0.9244242310523987,0.2264091521501541,0.888717770576477,0.23490671813488007,0.8861914277076721,0.24519893527030945,0.8465686440467834,0.2430700659751892,0.9991488456726074,0.9980679750442505,0.9437527060508728,0.687040388584137,0.9712830781936646,0.8436164259910583,0.9080495834350586,0.8263282179832458,0.9666484594345093,0.8859689235687256,0.4404986798763275,0.446540892124176,0.4498855173587799,0.4535454213619232,0.4412120282649994,0.4406988024711609,0.4402730464935303,0.46599334478378296,0.45107054710388184,0.4487341046333313,0.44304734468460083,0.4949221611022949,0.4503185749053955,0.49606314301490784,0.4582153856754303,0.47594746947288513,0.4555628299713135,0.4720662534236908,0.45182427763938904,0.4694906175136566,0.45308178663253784,0.47079119086265564,0.4574310779571533,0.4860913157463074,0.4573025107383728,0.4860142171382904,0.43715745210647583,0.502400279045105,0.41080015897750854,0.5207167863845825,0.4214429259300232,0.4681861996650696,0.36403658986091614,0.3152974545955658,0.2989423871040344,0.2986369729042053,0.29822495579719543,0.2989038825035095,0.2986438572406769,0.2982833683490753,0.30225855112075806,0.3016255497932434,0.3276948034763336,0.32912716269493103,0.3764210343360901,0.38630402088165283,0.48285919427871704,0.4906253218650818,0.5768330097198486,0.5734720230102539,0.5988481640815735,0.5937538146972656,0.5981905460357666,0.5931885242462158,0.5894829034805298,0.5854249596595764,0.5739282965660095,0.5748590230941772,0.7116797566413879,0.6987180709838867,0.8616836667060852,0.834970235824585,0.8773190379142761,0.864893913269043,0.9000213146209717,0.8600685596466064,-0.20462138950824738,-0.20836611092090607,-0.2084708958864212,-0.2085467278957367,-0.18459680676460266,-0.18455597758293152,-0.18458916246891022,-0.1890581250190735,-0.07008145749568939,-0.19117610156536102,-0.15966148674488068,-0.22502195835113525,0.06126050278544426,-0.24538922309875488,0.12128400802612305,-0.24245035648345947,0.03415782377123833,-0.2708623707294464,0.026140615344047546,-0.28060445189476013,-0.006116741802543402,-0.24432078003883362,0.014609823003411293,-0.09445679187774658,0.0945257693529129,-0.12507089972496033,0.07855860143899918,-0.06226689741015434,0.1552744209766388,-0.06385594606399536,0.15601639449596405,-0.1820484697818756,0.06801807135343552,Walk-From-Chair
80,0.9994913339614868,0.9993022680282593,0.9993900656700134,0.9994935989379883,0.9991036653518677,0.9989069700241089,0.998918354511261,0.9996036887168884,0.9977483749389648,0.9995524883270264,0.999115526676178,0.9999363422393799,0.9990952014923096,0.9844937324523926,0.12352721393108368,0.9298125505447388,0.2593382000923157,0.895854651927948,0.26963135600090027,0.8934849500656128,0.28199559450149536,0.8563697338104248,0.2797164022922516,0.9990983009338379,0.9978611469268799,0.9322777390480042,0.6653875112533569,0.9684901237487793,0.8294899463653564,0.9073736071586609,0.8186882734298706,0.9630827307701111,0.8726153373718262,0.4272650182247162,0.43320631980895996,0.4357520043849945,0.4384041726589203,0.4298062324523926,0.4298611283302307,0.430030882358551,0.45315805077552795,0.4436691701412201,0.4349948465824127,0.43039417266845703,0.48856258392333984,0.4471890330314636,0.49178630113601685,0.4298833906650543,0.4758297801017761,0.379794180393219,0.48199525475502014,0.3647880554199219,0.4709864556789398,0.3652968108654022,0.4691605567932129,0.3689677119255066,0.4730611741542816,0.45353636145591736,0.44733333587646484,0.4530121386051178,0.4538963735103607,0.4585593640804291,0.4667707085609436,0.4457806646823883,0.4149866998195648,0.42052602767944336,0.3199099898338318,0.30301061272621155,0.30270203948020935,0.30223941802978516,0.30303576588630676,0.3028104901313782,0.3024127781391144,0.3079387843608856,0.30708226561546326,0.33307158946990967,0.333865761756897,0.3822825253009796,0.39044156670570374,0.48939207196235657,0.488675594329834,0.5898228287696838,0.4789591431617737,0.6443655490875244,0.4811476767063141,0.6454557776451111,0.4734553098678589,0.6126116514205933,0.4740992784500122,0.5827637910842896,0.5812069773674011,0.7190266847610474,0.717042088508606,0.8640449047088623,0.8436030149459839,0.8851763606071472,0.866613507270813,0.9009866714477539,0.8816536068916321,-0.14193561673164368,-0.15416531264781952,-0.15422287583351135,-0.15425994992256165,-0.1260700821876526,-0.12606962025165558,-0.12609897553920746,-0.1635214239358902,-0.038076527416706085,-0.14170345664024353,-0.10579689592123032,-0.2140263319015503,0.09120746701955795,-0.24816325306892395,0.17025938630104065,-0.2458946257829666,0.1100381463766098,-0.2716812491416931,0.1068725734949112,-0.2837170362472534,0.07634978741407394,-0.2478884905576706,0.09379517287015915,-0.09481232613325119,0.09486714750528336,-0.08761779218912125,0.08531942218542099,-0.022426413372159004,0.16732731461524963,-0.021548094227910042,0.16958633065223694,-0.10916648805141449,0.09220241010189056,Walk-From-Chair
81,0.9992625117301941,0.9991229176521301,0.9991921186447144,0.9993100762367249,0.9988604187965393,0.9986342191696167,0.9987176060676575,0.9993866682052612,0.9974292516708374,0.9992272853851318,0.9985637664794922,0.9999003410339355,0.9990590810775757,0.9725620746612549,0.11786714196205139,0.9047592878341675,0.24529282748699188,0.870563268661499,0.2568105161190033,0.867294430732727,0.268295019865036,0.8244406580924988,0.2665438950061798,0.9989302158355713,0.99774569272995,0.9087133407592773,0.6330842971801758,0.9557223916053772,0.7990227937698364,0.9044791460037231,0.802983820438385,0.9531862735748291,0.8502683639526367,0.41211873292922974,0.41875576972961426,0.4204498827457428,0.4222200810909271,0.4174601435661316,0.41825032234191895,0.41914480924606323,0.4351835250854492,0.43277812004089355,0.41685986518859863,0.4147377014160156,0.45738545060157776,0.455009400844574,0.4388508200645447,0.4385853409767151,0.4064815938472748,0.38629114627838135,0.39923566579818726,0.3757461607456207,0.4000363349914551,0.3750598430633545,0.40382298827171326,0.3767942488193512,0.4564163088798523,0.4546813368797302,0.4508277475833893,0.4446796774864197,0.47820359468460083,0.4507199227809906,0.4920598864555359,0.45885366201400757,0.44875627756118774,0.4120706617832184,0.3182731866836548,0.3017873466014862,0.30169257521629333,0.30155131220817566,0.30180469155311584,0.30174869298934937,0.3016352653503418,0.30766868591308594,0.30640700459480286,0.33226874470710754,0.33379310369491577,0.3814663290977478,0.3907223045825958,0.48101741075515747,0.4868469834327698,0.5114973783493042,0.4877253770828247,0.521164059638977,0.49565190076828003,0.5105284452438354,0.4861223101615906,0.5080145001411438,0.485474169254303,0.5830046534538269,0.582383394241333,0.7005590200424194,0.7158226370811462,0.8249642848968506,0.840653657913208,0.8439217209815979,0.8635828495025635,0.8598357439041138,0.8693823218345642,-0.061111390590667725,-0.082689568400383,-0.08275303244590759,-0.08275879919528961,-0.046767815947532654,-0.046772703528404236,-0.04683186113834381,-0.13509121537208557,0.026272431015968323,-0.07699847221374512,-0.030154967680573463,-0.21047112345695496,0.12939345836639404,-0.24972231686115265,0.18201960623264313,-0.2693565785884857,0.12469878047704697,-0.30000585317611694,0.12315680086612701,-0.28666192293167114,0.09365441650152206,-0.2648763358592987,0.10914778709411621,-0.10594680160284042,0.1058751717209816,-0.06420069932937622,0.19252273440361023,0.030071932822465897,0.30221500992774963,0.03660409897565842,0.31062716245651245,-0.030732080340385437,0.2672160565853119,Walk-From-Chair
82,0.99932461977005,0.9991986155509949,0.9992614388465881,0.9993704557418823,0.99895179271698,0.998741626739502,0.9988197088241577,0.9994403719902039,0.9976457357406616,0.999295175075531,0.9986871480941772,0.9999094605445862,0.9990860223770142,0.9741873145103455,0.111443430185318,0.91063392162323,0.22644595801830292,0.876832127571106,0.23803819715976715,0.8734111785888672,0.2485024780035019,0.8315750956535339,0.24740613996982574,0.9989641904830933,0.9977126121520996,0.8983969688415527,0.6171257495880127,0.9557551145553589,0.7818357944488525,0.9100103378295898,0.7931321263313293,0.9531770348548889,0.8402905464172363,0.40373530983924866,0.40864577889442444,0.4104209840297699,0.4121752679347992,0.4074653089046478,0.40839990973472595,0.40942612290382385,0.42541855573654175,0.423776775598526,0.4107985496520996,0.40863990783691406,0.4376832842826843,0.4520878791809082,0.4464615285396576,0.44340643286705017,0.4371183514595032,0.41770467162132263,0.4376153349876404,0.4170028567314148,0.43520718812942505,0.41261225938796997,0.4361487030982971,0.417072057723999,0.4387301504611969,0.451262891292572,0.43548041582107544,0.4477943778038025,0.45154356956481934,0.46134859323501587,0.46527570486068726,0.4721802771091461,0.4153691232204437,0.42586860060691833,0.3179207444190979,0.30157268047332764,0.3014005720615387,0.3011912703514099,0.3016569912433624,0.30154186487197876,0.30136024951934814,0.30701085925102234,0.3059295117855072,0.33192121982574463,0.33332958817481995,0.38099902868270874,0.3888434171676636,0.4849950969219208,0.4810788929462433,0.5683469176292419,0.49328359961509705,0.5855634808540344,0.5385237336158752,0.5856760144233704,0.530670702457428,0.5790979266166687,0.5169309973716736,0.5813281536102295,0.5813045501708984,0.7223535180091858,0.7140191197395325,0.8530018329620361,0.8395960330963135,0.876489520072937,0.8624269366264343,0.8806138634681702,0.8695666790008545,-0.07422051578760147,-0.09661756455898285,-0.09662140905857086,-0.09661982208490372,-0.0628117173910141,-0.062787726521492,-0.06279588490724564,-0.1520591825246811,-0.003156547201797366,-0.09197510033845901,-0.048645392060279846,-0.22451674938201904,0.10693059116601944,-0.253696084022522,0.16615663468837738,-0.24446912109851837,0.11530642211437225,-0.27344438433647156,0.11931154876947403,-0.26842615008354187,0.08910039812326431,-0.24119679629802704,0.10035179555416107,-0.10531391203403473,0.10525065660476685,-0.04776640608906746,0.16142487525939941,0.012344078160822392,0.24571211636066437,0.0141478655859828,0.25085189938545227,-0.06631922721862793,0.20166394114494324,Walk-From-Chair
83,0.9993439316749573,0.9992195963859558,0.9992846250534058,0.9993926882743835,0.9989546537399292,0.9987561702728271,0.9988234639167786,0.9994571805000305,0.9975718259811401,0.9993188381195068,0.9986869096755981,0.9999133944511414,0.9990459680557251,0.9757283329963684,0.10942931473255157,0.9145199060440063,0.22290726006031036,0.8795517086982727,0.23496906459331512,0.8763502240180969,0.24577511847019196,0.8341361880302429,0.24464842677116394,0.9989930391311646,0.9977364540100098,0.9049906730651855,0.6305163502693176,0.959216833114624,0.794877827167511,0.9156827926635742,0.7990742325782776,0.9566110968589783,0.8492708206176758,0.394258588552475,0.40015077590942383,0.40187492966651917,0.4035530686378479,0.3983147144317627,0.3988224267959595,0.3993893265724182,0.4150608479976654,0.411346971988678,0.4010964035987854,0.3980257511138916,0.4401196837425232,0.42335811257362366,0.4621688723564148,0.42049962282180786,0.4428325295448303,0.3949921429157257,0.44295984506607056,0.38829904794692993,0.43398070335388184,0.384163498878479,0.434725284576416,0.38720518350601196,0.43844813108444214,0.42964187264442444,0.4502406716346741,0.4084859788417816,0.4940636157989502,0.3804834485054016,0.5077183246612549,0.38718777894973755,0.4651898443698883,0.36300891637802124,0.3231852352619171,0.30629217624664307,0.3057321608066559,0.3050762414932251,0.30654773116111755,0.3062058389186859,0.30575910210609436,0.3091878294944763,0.30967485904693604,0.33544930815696716,0.33659613132476807,0.38475722074508667,0.39023450016975403,0.4878465235233307,0.4812367558479309,0.5819128155708313,0.508945643901825,0.6082255244255066,0.5349578261375427,0.6075038313865662,0.5298359394073486,0.5964613556861877,0.5228546857833862,0.5825996994972229,0.5818994641304016,0.7229767441749573,0.7131816744804382,0.8538836240768433,0.8375377655029297,0.8749258518218994,0.8618484735488892,0.8829831480979919,0.8667967319488525,-0.11991100013256073,-0.14506183564662933,-0.14507335424423218,-0.14509356021881104,-0.10550843179225922,-0.10550345480442047,-0.10548748075962067,-0.19497719407081604,-0.029396381229162216,-0.1385280042886734,-0.08820254355669022,-0.256370484828949,0.08247139304876328,-0.2815259099006653,0.15379439294338226,-0.2506580948829651,0.08948323875665665,-0.2798581123352051,0.08985687047243118,-0.2784411609172821,0.05247150734066963,-0.2480144500732422,0.07093904912471771,-0.10524515062570572,0.10519808530807495,-0.049544479697942734,0.1638123095035553,0.0015855701640248299,0.2663349509239197,0.0027702576480805874,0.27200907468795776,-0.06965328007936478,0.2126588076353073,Walk-From-Chair
84,0.9993963837623596,0.9992792010307312,0.9993401765823364,0.9994399547576904,0.9990293979644775,0.9988449811935425,0.9989052414894104,0.9995002150535583,0.9977294206619263,0.999376118183136,0.9987919926643372,0.9999216198921204,0.9991227984428406,0.9777360558509827,0.11118713021278381,0.9215361475944519,0.2211991548538208,0.8885573744773865,0.23212029039859772,0.8856080174446106,0.24249893426895142,0.8453367352485657,0.24153868854045868,0.9990839958190918,0.9979280829429626,0.9131730198860168,0.6455911993980408,0.9630060195922852,0.8079348802566528,0.922747790813446,0.808086097240448,0.960533082485199,0.8589850068092346,0.38618314266204834,0.39092737436294556,0.3927246034145355,0.3945193886756897,0.3891203701496124,0.3896663784980774,0.3902537226676941,0.4060283601284027,0.4016869068145752,0.3930104672908783,0.38996490836143494,0.43533724546432495,0.4080808758735657,0.43957361578941345,0.40943223237991333,0.4256404936313629,0.401533305644989,0.4253252446651459,0.39697960019111633,0.41993945837020874,0.3965541422367096,0.4200819134712219,0.3996586799621582,0.4212701916694641,0.40863093733787537,0.43585458397865295,0.39267975091934204,0.5007001757621765,0.3764339089393616,0.5153635740280151,0.3836835026741028,0.4759956896305084,0.3550136685371399,0.32235825061798096,0.30587056279182434,0.30551159381866455,0.30497321486473083,0.3056827187538147,0.3052923381328583,0.3048543930053711,0.3088890314102173,0.3089035749435425,0.3334672152996063,0.33552736043930054,0.38849061727523804,0.3896142542362213,0.48798877000808716,0.4823492169380188,0.5820728540420532,0.5606482028961182,0.6058989763259888,0.5873279571533203,0.6059249639511108,0.5881612300872803,0.5959979891777039,0.5800960063934326,0.583625853061676,0.5824920535087585,0.722835898399353,0.7126218676567078,0.8511976599693298,0.8387041687965393,0.8674436211585999,0.8617492318153381,0.8832175135612488,0.8668091297149658,-0.1294165402650833,-0.1541891098022461,-0.1542332023382187,-0.1542658507823944,-0.11521083116531372,-0.11518996953964233,-0.11516889184713364,-0.1988806277513504,-0.034653183072805405,-0.1456887423992157,-0.09562958776950836,-0.2720319330692291,0.08131076395511627,-0.3181931972503662,0.13316786289215088,-0.29426270723342896,0.0569201335310936,-0.3288479447364807,0.054563164710998535,-0.3246925175189972,0.0190947987139225,-0.29017311334609985,0.03982168063521385,-0.11281552165746689,0.11280295997858047,-0.11363154649734497,0.18308700621128082,-0.06548193097114563,0.2985662519931793,-0.06521736085414886,0.3050971031188965,-0.1613718867301941,0.24742373824119568,Walk-From-Chair
85,0.9994423985481262,0.999330997467041,0.999387800693512,0.9994813203811646,0.9990890622138977,0.9989155530929565,0.9989724159240723,0.9995357990264893,0.9978578686714172,0.9994250535964966,0.9988818764686584,0.9999285340309143,0.9991896748542786,0.9786608815193176,0.11262458562850952,0.925312876701355,0.22206605970859528,0.8929768204689026,0.2329469919204712,0.8902490139007568,0.24296529591083527,0.8506167531013489,0.24235445261001587,0.9991592168807983,0.9980932474136353,0.9142050743103027,0.633388340473175,0.9653180241584778,0.8085952997207642,0.9273353815078735,0.8101530075073242,0.9630680084228516,0.8628339767456055,0.37319356203079224,0.37805652618408203,0.3797414004802704,0.38136357069015503,0.37672391533851624,0.37752264738082886,0.3783456087112427,0.39442452788352966,0.392717182636261,0.380604088306427,0.37844619154930115,0.4260038733482361,0.3973427712917328,0.429759681224823,0.3948262631893158,0.41250571608543396,0.3887684941291809,0.4135581851005554,0.38740986585617065,0.4073026776313782,0.38983431458473206,0.40754860639572144,0.3916923999786377,0.4148455560207367,0.40163713693618774,0.41064485907554626,0.3974260687828064,0.46600142121315,0.38475632667541504,0.48449116945266724,0.39460721611976624,0.4424222409725189,0.36352458596229553,0.31597185134887695,0.3014807403087616,0.30098962783813477,0.3004452586174011,0.3021734952926636,0.30217647552490234,0.3021419942378998,0.30496877431869507,0.30631014704704285,0.3283679187297821,0.33137670159339905,0.38904687762260437,0.3875463604927063,0.49107903242111206,0.48243892192840576,0.585654079914093,0.5583468079566956,0.6320289373397827,0.5839059948921204,0.6118553876876831,0.5850011706352234,0.6001907587051392,0.5758476853370667,0.5842044949531555,0.5807759165763855,0.721451997756958,0.7103436589241028,0.8447490334510803,0.8383796215057373,0.8585548996925354,0.8614221811294556,0.885026752948761,0.8667231202125549,-0.145428866147995,-0.16689398884773254,-0.16692741215229034,-0.16695845127105713,-0.13072165846824646,-0.1306883990764618,-0.13068489730358124,-0.20848417282104492,-0.050012119114398956,-0.15821267664432526,-0.1115771159529686,-0.2757903039455414,0.06494368612766266,-0.31472259759902954,0.114338718354702,-0.29420411586761475,0.044993363320827484,-0.3270333707332611,0.04283999651670456,-0.3250269293785095,0.01008977834135294,-0.2914314866065979,0.029120132327079773,-0.11235468089580536,0.11230883747339249,-0.0831860676407814,0.19131037592887878,0.002833766397088766,0.3081934154033661,0.007673585321754217,0.3162500560283661,-0.0737663134932518,0.27020588517189026,Walk-From-Chair
86,0.9994851350784302,0.999381422996521,0.9994323253631592,0.9995201230049133,0.9991536140441895,0.9989879727363586,0.9990421533584595,0.9995703101158142,0.998001217842102,0.9994710087776184,0.9989693760871887,0.9999349117279053,0.9992552399635315,0.9798611998558044,0.10934516787528992,0.9296608567237854,0.21284756064414978,0.8982374668121338,0.22375358641147614,0.8957629799842834,0.23314133286476135,0.8566661477088928,0.2331344336271286,0.9992210865020752,0.998230516910553,0.9144757986068726,0.616461455821991,0.9672256708145142,0.7997629046440125,0.9310140609741211,0.8054779767990112,0.9650585055351257,0.8604182600975037,0.36169952154159546,0.36676743626594543,0.36902832984924316,0.3713398575782776,0.36433058977127075,0.3648560047149658,0.36538735032081604,0.38609349727630615,0.3814012408256531,0.3704541325569153,0.36717548966407776,0.4136679768562317,0.3885783553123474,0.4223771095275879,0.38819846510887146,0.405184805393219,0.3832594156265259,0.4050799310207367,0.3811340928077698,0.39863115549087524,0.38284605741500854,0.39977890253067017,0.38504448533058167,0.4017912745475769,0.39145299792289734,0.39483362436294556,0.38621750473976135,0.47723516821861267,0.3978653848171234,0.4942176938056946,0.39240241050720215,0.45130428671836853,0.3641166090965271,0.31009066104888916,0.29649001359939575,0.29622402787208557,0.29598331451416016,0.29717347025871277,0.2973954975605011,0.29755961894989014,0.3019019663333893,0.3029499650001526,0.3239898979663849,0.32581138610839844,0.38973134756088257,0.38647717237472534,0.492682546377182,0.4847080409526825,0.5877173542976379,0.5661917924880981,0.620689332485199,0.5927588939666748,0.6099808216094971,0.5948493480682373,0.6013290882110596,0.5862537026405334,0.5867103338241577,0.5803475975990295,0.7254018187522888,0.7098701000213623,0.8416186571121216,0.8338117599487305,0.8518925309181213,0.8612489104270935,0.887954831123352,0.8663145899772644,-0.1879272758960724,-0.2069556713104248,-0.20699556171894073,-0.2070465087890625,-0.17090430855751038,-0.1708671748638153,-0.17085705697536469,-0.24057433009147644,-0.07887761294841766,-0.19662931561470032,-0.14984174072742462,-0.3058045208454132,0.05251709371805191,-0.3446890115737915,0.10970194637775421,-0.32212528586387634,0.04824236407876015,-0.35747718811035156,0.049478426575660706,-0.34980231523513794,0.015853796154260635,-0.31714433431625366,0.03250870108604431,-0.11604146659374237,0.11598622798919678,-0.08879077434539795,0.20607760548591614,-0.0008894898928701878,0.3476986289024353,0.004801909439265728,0.3579395115375519,-0.07031597197055817,0.3100608289241791,Walk-From-Chair
87,0.9994902610778809,0.9993937015533447,0.9994428753852844,0.9995315670967102,0.9991329312324524,0.9989473223686218,0.9990015029907227,0.9995726346969604,0.997901976108551,0.9994847774505615,0.9989684224128723,0.9999386668205261,0.9992517232894897,0.9800642132759094,0.1065494567155838,0.9286492466926575,0.20428454875946045,0.8960606455802917,0.2173909842967987,0.8937346935272217,0.22635865211486816,0.8537959456443787,0.2263902723789215,0.9992671608924866,0.9982672333717346,0.8837919235229492,0.568686842918396,0.9604211449623108,0.7501221299171448,0.931829035282135,0.7784721851348877,0.9617063999176025,0.8279941082000732,0.35788413882255554,0.3635634779930115,0.3659460246562958,0.3682284951210022,0.36046233773231506,0.36073923110961914,0.3609679043292999,0.3801134526729584,0.37433725595474243,0.3656637370586395,0.3617752194404602,0.39958280324935913,0.3758954405784607,0.41729727387428284,0.3757588267326355,0.39621952176094055,0.3679080009460449,0.3962245583534241,0.36394578218460083,0.3917410373687744,0.3673398494720459,0.3913833796977997,0.36412543058395386,0.39589858055114746,0.3794861137866974,0.39540156722068787,0.3838174641132355,0.42757177352905273,0.4101358950138092,0.44162821769714355,0.41564005613327026,0.4188612997531891,0.3806493878364563,0.3099568784236908,0.2967627942562103,0.29645782709121704,0.29616010189056396,0.2974544167518616,0.2976311445236206,0.2977231740951538,0.30156514048576355,0.3024429976940155,0.32190361618995667,0.3229413330554962,0.37565022706985474,0.3792717158794403,0.49014028906822205,0.4687241017818451,0.5754081606864929,0.5248492360115051,0.5962916612625122,0.5408294200897217,0.5966867804527283,0.5415257811546326,0.5910651087760925,0.5321749448776245,0.5633741617202759,0.5560218691825867,0.6978728175163269,0.6865009069442749,0.829206645488739,0.8003965616226196,0.8445165753364563,0.8182767629623413,0.8686331510543823,0.849023699760437,-0.16878989338874817,-0.18797874450683594,-0.18802236020565033,-0.18806178867816925,-0.15264882147312164,-0.1526196300983429,-0.15262527763843536,-0.21020622551441193,-0.06574241816997528,-0.1786828488111496,-0.13236254453659058,-0.25166910886764526,0.05373183637857437,-0.3107280731201172,0.11402925103902817,-0.3234477937221527,0.07399128377437592,-0.3581717312335968,0.07422579079866409,-0.3553112745285034,0.04039567708969116,-0.32184433937072754,0.058263711631298065,-0.10545804351568222,0.10550592094659805,-0.10852110385894775,0.19131985306739807,-0.06731138378381729,0.3103998899459839,-0.06641673296689987,0.3146401643753052,-0.15859930217266083,0.2695614993572235,Walk-From-Chair
88,0.9995323419570923,0.9994451999664307,0.9994899034500122,0.999572217464447,0.9992033243179321,0.9990288615226746,0.9990800619125366,0.9996107816696167,0.9980720281600952,0.9995306134223938,0.999057948589325,0.9999446272850037,0.9993047118186951,0.9818580150604248,0.10298916697502136,0.9351235628128052,0.1940198540687561,0.9049574732780457,0.2068825662136078,0.902807891368866,0.2151845097541809,0.8656535744667053,0.21576319634914398,0.9993196725845337,0.9983636140823364,0.8796496987342834,0.5367436408996582,0.9599627256393433,0.723666787147522,0.9335977435112,0.7692236304283142,0.9614880084991455,0.8163667917251587,0.34383660554885864,0.34824371337890625,0.35052281618118286,0.3527581989765167,0.3452468514442444,0.34547850489616394,0.3457168936729431,0.3656558394432068,0.3602704703807831,0.3524859547615051,0.34844771027565,0.3945509195327759,0.3739226162433624,0.4005821645259857,0.37647348642349243,0.38138532638549805,0.36958903074264526,0.37853509187698364,0.368488073348999,0.37731117010116577,0.3705526292324066,0.3782990574836731,0.3712388575077057,0.373602032661438,0.37525442242622375,0.37224119901657104,0.37556302547454834,0.42010802030563354,0.398855984210968,0.4404489994049072,0.4109679162502289,0.39137598872184753,0.3700640797615051,0.3101097345352173,0.29661908745765686,0.29611682891845703,0.295582115650177,0.29730838537216187,0.29729509353637695,0.2971500754356384,0.29899951815605164,0.29995059967041016,0.3212471008300781,0.32231152057647705,0.3765083849430084,0.3769916296005249,0.4877021908760071,0.4701327085494995,0.5764200687408447,0.5483638644218445,0.5968714952468872,0.5690824389457703,0.597489595413208,0.5717471241950989,0.5911290049552917,0.5670332312583923,0.5669763684272766,0.5605661869049072,0.7044219970703125,0.6964739561080933,0.8324663639068604,0.8020655512809753,0.8475266098976135,0.8314609527587891,0.8899710178375244,0.8512700796127319,-0.14916352927684784,-0.17141219973564148,-0.17142559587955475,-0.17146846652030945,-0.13451984524726868,-0.13447239995002747,-0.13443800806999207,-0.20665308833122253,-0.05407710745930672,-0.1620119959115982,-0.11418245732784271,-0.27214473485946655,0.07336387783288956,-0.3224164843559265,0.11646288633346558,-0.31269678473472595,0.07340563833713531,-0.3499313294887543,0.07242240011692047,-0.34299176931381226,0.038802582770586014,-0.3087051808834076,0.058068256825208664,-0.11256042867898941,0.11252671480178833,-0.08572383224964142,0.18732425570487976,-0.012686128728091717,0.30006515979766846,-0.00872504897415638,0.30769383907318115,-0.08124800026416779,0.2628307044506073,Walk-From-Chair
89,0.9995720982551575,0.9994907975196838,0.9995320439338684,0.9996083378791809,0.9992619156837463,0.9990938901901245,0.9991368055343628,0.9996446967124939,0.9981738328933716,0.9995719194412231,0.9991315007209778,0.9999498724937439,0.9993285536766052,0.9833383560180664,0.10207930952310562,0.9406121373176575,0.19272959232330322,0.9124138951301575,0.20651137828826904,0.9105044603347778,0.21457423269748688,0.8759466409683228,0.21560610830783844,0.9993796944618225,0.9984918236732483,0.8718352317810059,0.5185257196426392,0.9579919576644897,0.716755747795105,0.9304340481758118,0.7649084329605103,0.9606378674507141,0.815066933631897,0.339525043964386,0.34393006563186646,0.3471207916736603,0.35045701265335083,0.33866602182388306,0.33797916769981384,0.3373705744743347,0.363461434841156,0.34893354773521423,0.3500446379184723,0.34354734420776367,0.3950766921043396,0.3559313118457794,0.4041169285774231,0.3535518944263458,0.3781510889530182,0.3548296391963959,0.37390995025634766,0.3501054346561432,0.3704940676689148,0.35350164771080017,0.3711494505405426,0.35847729444503784,0.3788829445838928,0.35384052991867065,0.3732396364212036,0.3651248812675476,0.4145181179046631,0.39469605684280396,0.43142813444137573,0.40689772367477417,0.3948266804218292,0.36681485176086426,0.3098105192184448,0.2960141897201538,0.2955280542373657,0.2950104773044586,0.2966730296611786,0.2966543138027191,0.29651162028312683,0.2984756529331207,0.2994266748428345,0.32150784134864807,0.3224491477012634,0.3763931691646576,0.37730953097343445,0.48766520619392395,0.4707871973514557,0.5788296461105347,0.5612205266952515,0.5996626019477844,0.5835446715354919,0.6000770926475525,0.5864993333816528,0.5927671194076538,0.5790551900863647,0.5682618021965027,0.5633652210235596,0.7078008055686951,0.6965669393539429,0.8340063691139221,0.8110872507095337,0.8415769338607788,0.8363271951675415,0.8777883052825928,0.8588210344314575,-0.19177216291427612,-0.20296092331409454,-0.2030293494462967,-0.20310816168785095,-0.17363041639328003,-0.17356815934181213,-0.17353813350200653,-0.20809224247932434,-0.07425124198198318,-0.18961377441883087,-0.15125393867492676,-0.26887086033821106,0.0438271090388298,-0.32114437222480774,0.08918312191963196,-0.314220130443573,0.014634909108281136,-0.3516867458820343,0.005457122810184956,-0.35104718804359436,-0.02755863405764103,-0.3119073212146759,-0.0015638513723388314,-0.10656426101922989,0.10653702914714813,-0.08736882358789444,0.17896795272827148,0.0024300257209688425,0.29434525966644287,0.007739355321973562,0.299412339925766,-0.07151128351688385,0.2462153136730194,Walk-From-Chair
90,0.9995725750923157,0.999489426612854,0.9995319247245789,0.9996097683906555,0.9992570281028748,0.9990909695625305,0.9991373419761658,0.9996495842933655,0.9981807470321655,0.9995795488357544,0.9991467595100403,0.9999517798423767,0.999334990978241,0.9834457039833069,0.0958487018942833,0.9395601153373718,0.18020711839199066,0.9095826148986816,0.19394844770431519,0.907531201839447,0.201471209526062,0.8711151480674744,0.20301122963428497,0.9993891716003418,0.9984928369522095,0.8753998875617981,0.5058437585830688,0.9594690799713135,0.7109308242797852,0.9314621686935425,0.7602227330207825,0.9619626998901367,0.8166964650154114,0.323407381772995,0.3279573619365692,0.32986870408058167,0.3317986726760864,0.32617032527923584,0.326744019985199,0.3273140490055084,0.34650203585624695,0.34172746539115906,0.3311920464038849,0.3288234770298004,0.3800736367702484,0.3537890911102295,0.3874700367450714,0.3496910333633423,0.37109169363975525,0.35169920325279236,0.371640145778656,0.34686189889907837,0.36585941910743713,0.34835949540138245,0.36516255140304565,0.3533979058265686,0.36749035120010376,0.34777846932411194,0.3686530888080597,0.35594531893730164,0.3922346532344818,0.38194578886032104,0.40865713357925415,0.39752262830734253,0.3676955997943878,0.34949833154678345,0.30746349692344666,0.29337117075920105,0.29281678795814514,0.2923026382923126,0.29407209157943726,0.2940172553062439,0.2939246892929077,0.29642772674560547,0.29764100909233093,0.31865134835243225,0.31999462842941284,0.3747459650039673,0.37456753849983215,0.48268216848373413,0.466060608625412,0.5769594311714172,0.5573796629905701,0.5978400707244873,0.5806410312652588,0.5991674065589905,0.5826255679130554,0.5924354195594788,0.5742748379707336,0.5651004314422607,0.5578219294548035,0.6985402703285217,0.6879323720932007,0.826854407787323,0.8145323991775513,0.8373621702194214,0.8326496481895447,0.8745946884155273,0.8465860486030579,-0.1761498600244522,-0.19201436638832092,-0.1920618712902069,-0.1921234130859375,-0.15958310663700104,-0.15953990817070007,-0.15953059494495392,-0.22145748138427734,-0.06985126435756683,-0.18104907870292664,-0.1386152058839798,-0.2748643159866333,0.03959334269165993,-0.3198830187320709,0.08325179666280746,-0.31028279662132263,0.01744401827454567,-0.346179723739624,0.013625288382172585,-0.34348350763320923,-0.020113643258810043,-0.3078286349773407,0.0009798698592931032,-0.1032242551445961,0.10318492352962494,-0.07760202139616013,0.17695367336273193,-0.0007152765756472945,0.28744447231292725,0.002570423064753413,0.293778657913208,-0.08177872747182846,0.24101194739341736,Walk-From-Chair
91,0.9995693564414978,0.9994767904281616,0.9995249509811401,0.9996065497398376,0.9992266893386841,0.9990494251251221,0.9990893006324768,0.999657928943634,0.9981116652488708,0.9995957612991333,0.9991676211357117,0.999954879283905,0.9993263483047485,0.9841468930244446,0.09136594831943512,0.942119300365448,0.17203278839588165,0.9124132990837097,0.1859528124332428,0.9102770090103149,0.19313615560531616,0.8743484020233154,0.1951451450586319,0.9994090795516968,0.9985264539718628,0.8822354674339294,0.5288099646568298,0.9608924984931946,0.7255111932754517,0.9294754266738892,0.7671483755111694,0.9630358219146729,0.826537013053894,0.3174128532409668,0.32154417037963867,0.3238735795021057,0.3262893557548523,0.3187190294265747,0.31896302103996277,0.3192642033100128,0.3411886990070343,0.3344314694404602,0.3262172043323517,0.3223923146724701,0.3795492947101593,0.3450465798377991,0.3799300789833069,0.34124380350112915,0.36273351311683655,0.3401826024055481,0.3634268641471863,0.33814138174057007,0.3578658401966095,0.34013763070106506,0.35724252462387085,0.3424566388130188,0.36373037099838257,0.3359995186328888,0.3618653118610382,0.3385452628135681,0.3799522817134857,0.37173327803611755,0.3961189091205597,0.3873104155063629,0.35497787594795227,0.342356413602829,0.30761221051216125,0.2932911813259125,0.29281654953956604,0.29235783219337463,0.29386720061302185,0.29381534457206726,0.2937208414077759,0.29666611552238464,0.2977917492389679,0.31893670558929443,0.32034623622894287,0.3768594563007355,0.3759043514728546,0.4827507436275482,0.46650904417037964,0.5766809582710266,0.5556042194366455,0.5981044173240662,0.5819081664085388,0.5991668105125427,0.5832100510597229,0.5922778248786926,0.5750256180763245,0.5697726011276245,0.5618032217025757,0.6997289061546326,0.6880930066108704,0.8291728496551514,0.8149662017822266,0.8402660489082336,0.8344953656196594,0.8684176206588745,0.8483537435531616,-0.17322349548339844,-0.18911418318748474,-0.18912288546562195,-0.18915382027626038,-0.15759490430355072,-0.15760107338428497,-0.1575716882944107,-0.2175227701663971,-0.06571682542562485,-0.17801004648208618,-0.1370859444141388,-0.2739832401275635,0.04789264500141144,-0.3175857663154602,0.09624645859003067,-0.2958732545375824,0.026369338855147362,-0.3301505744457245,0.01919245533645153,-0.33066943287849426,-0.013434462249279022,-0.29421812295913696,0.00966184027493,-0.09925740957260132,0.09927070885896683,-0.06749807298183441,0.15667219460010529,0.0500040277838707,0.28428027033805847,0.05623965337872505,0.29311126470565796,-0.03676185756921768,0.23130540549755096,Walk-From-Chair
92,0.9995924830436707,0.999508798122406,0.9995553493499756,0.9996335506439209,0.9992672801017761,0.9990919828414917,0.9991222023963928,0.9996855854988098,0.9981966018676758,0.9996277689933777,0.9992230534553528,0.9999584555625916,0.999261736869812,0.9854924082756042,0.08937985450029373,0.9471341967582703,0.1680164635181427,0.9193822145462036,0.181471586227417,0.9174271821975708,0.18867474794387817,0.8838867545127869,0.191156804561615,0.999405026435852,0.9984439611434937,0.8848202228546143,0.5364242792129517,0.9578752517700195,0.7251660227775574,0.9242690205574036,0.762992799282074,0.9595440030097961,0.8232737183570862,0.31272274255752563,0.31759965419769287,0.32050856947898865,0.3236129879951477,0.3131271004676819,0.31273311376571655,0.31242936849594116,0.338276207447052,0.3269959092140198,0.32201337814331055,0.3164464831352234,0.37355291843414307,0.3365235924720764,0.3760170638561249,0.3325398564338684,0.35671719908714294,0.32997432351112366,0.35495778918266296,0.32503870129585266,0.347322553396225,0.32668012380599976,0.34763994812965393,0.33103036880493164,0.3595324754714966,0.3313235342502594,0.34943729639053345,0.31389135122299194,0.3606046736240387,0.351144015789032,0.3751189112663269,0.36569687724113464,0.33473390340805054,0.32336097955703735,0.30778199434280396,0.2933706045150757,0.2929340898990631,0.2924998998641968,0.2938119173049927,0.2937188446521759,0.29360097646713257,0.2967803180217743,0.29785603284835815,0.3195681869983673,0.320561945438385,0.37920790910720825,0.37890949845314026,0.4884077310562134,0.4683457612991333,0.5788793563842773,0.5572022199630737,0.600229024887085,0.5821582674980164,0.6006202697753906,0.5837414860725403,0.5923751592636108,0.5756051540374756,0.574955940246582,0.5707232356071472,0.7099335193634033,0.7064645290374756,0.8436384201049805,0.8310204148292542,0.8615302443504333,0.8488414883613586,0.8904305100440979,0.876695454120636,-0.17369987070560455,-0.18886825442314148,-0.18893349170684814,-0.1890086829662323,-0.1563994139432907,-0.15636757016181946,-0.15636666119098663,-0.21389997005462646,-0.06315107643604279,-0.17762675881385803,-0.13560228049755096,-0.2729616165161133,0.05452360585331917,-0.3157920241355896,0.10687834024429321,-0.2956794202327728,0.03317353501915932,-0.3303266763687134,0.027991455048322678,-0.33093395829200745,-0.004847495350986719,-0.2937069237232208,0.016687247902154922,-0.09912563860416412,0.09914711117744446,-0.07388720661401749,0.15383777022361755,0.05404283478856087,0.2762342691421509,0.062282830476760864,0.2850748896598816,-0.023698709905147552,0.2209646999835968,Walk-From-Chair
93,0.9996117353439331,0.9995356202125549,0.999582052230835,0.9996567964553833,0.9992968440055847,0.9991248250007629,0.9991467595100403,0.9997095465660095,0.9982826113700867,0.9996530413627625,0.9992635846138,0.9999619126319885,0.9991495013237,0.9866758584976196,0.08518916368484497,0.9515818953514099,0.15722700953483582,0.9252755641937256,0.16980096697807312,0.9233909249305725,0.17656643688678741,0.8916628956794739,0.17938517034053802,0.9993851184844971,0.9982501864433289,0.8829856514930725,0.53694748878479,0.9554156064987183,0.7184864282608032,0.923677384853363,0.7552619576454163,0.9575554132461548,0.8195726871490479,0.2991192936897278,0.3029527962207794,0.305092990398407,0.30745434761047363,0.3007912039756775,0.30127841234207153,0.3018921911716461,0.3236468434333801,0.31785640120506287,0.30800101161003113,0.3043864965438843,0.353292852640152,0.33323827385902405,0.36594027280807495,0.33179065585136414,0.3423219323158264,0.3237340450286865,0.3403080403804779,0.32302969694137573,0.33533579111099243,0.3246099650859833,0.3358744978904724,0.3256048560142517,0.34591811895370483,0.3283926546573639,0.3423459529876709,0.32095229625701904,0.3457565903663635,0.33612921833992004,0.35934531688690186,0.3482664227485657,0.31843215227127075,0.307594358921051,0.30569401383399963,0.29059603810310364,0.29003456234931946,0.28948384523391724,0.2913379371166229,0.2913433313369751,0.2913168668746948,0.29394659399986267,0.29528284072875977,0.3182615339756012,0.319505900144577,0.3748286962509155,0.37319767475128174,0.4873998463153839,0.4689355492591858,0.5785635709762573,0.5542833209037781,0.5997505784034729,0.5796310901641846,0.5996381044387817,0.5825434327125549,0.5913910269737244,0.5740206241607666,0.5749639868736267,0.5702629089355469,0.7117158770561218,0.7064283490180969,0.8472803235054016,0.8347777128219604,0.8674649000167847,0.8538092970848083,0.8856081366539001,0.8762571215629578,-0.1520700752735138,-0.17296838760375977,-0.17304010689258575,-0.17311234772205353,-0.13710932433605194,-0.13704773783683777,-0.13704390823841095,-0.21260468661785126,-0.05839213728904724,-0.16512343287467957,-0.11892317235469818,-0.2788020968437195,0.05551658198237419,-0.3148483633995056,0.10964862257242203,-0.2779744565486908,0.05517638474702835,-0.3139723539352417,0.05307988449931145,-0.31070688366889954,0.02051260508596897,-0.27410808205604553,0.0388873890042305,-0.09687484800815582,0.09687014669179916,-0.00550725357607007,0.1850668042898178,0.11697596311569214,0.3181036114692688,0.12370245158672333,0.32807043194770813,0.03328242152929306,0.2684645354747772,Walk-From-Chair
94,0.9995133876800537,0.9993614554405212,0.9994553327560425,0.999554455280304,0.9990278482437134,0.9988098740577698,0.9987885355949402,0.9996675252914429,0.9976586103439331,0.999606728553772,0.9990985989570618,0.9999589323997498,0.9990190267562866,0.9870797991752625,0.08549568802118301,0.9546605348587036,0.16451390087604523,0.9290931820869446,0.17525510489940643,0.9273084998130798,0.18338412046432495,0.8962922692298889,0.18578669428825378,0.9990526437759399,0.9981023669242859,0.8922339081764221,0.578618049621582,0.9579482674598694,0.7436276078224182,0.916450560092926,0.768430233001709,0.9592228531837463,0.8340150713920593,0.2882149815559387,0.29279419779777527,0.29494157433509827,0.2972012460231781,0.2907371520996094,0.29143089056015015,0.2922620177268982,0.3120249807834625,0.3066038489341736,0.29677191376686096,0.2937087118625641,0.3475659489631653,0.32042038440704346,0.3608357310295105,0.3168254792690277,0.3477784991264343,0.2846302390098572,0.3488234877586365,0.2758050560951233,0.34132811427116394,0.2706415057182312,0.3401866555213928,0.27782192826271057,0.3478713631629944,0.31880420446395874,0.3524412214756012,0.2946731150150299,0.36113905906677246,0.29747438430786133,0.36924079060554504,0.3084486722946167,0.3394494652748108,0.2574741840362549,0.3040490746498108,0.28865328431129456,0.28800609707832336,0.2874055802822113,0.2894565165042877,0.2894095778465271,0.28936436772346497,0.29119792580604553,0.29289257526397705,0.31674280762672424,0.31829947233200073,0.3725658059120178,0.37335771322250366,0.4874330163002014,0.4695082902908325,0.5833393335342407,0.5325796008110046,0.6090181469917297,0.5505802035331726,0.6111099123954773,0.5382022857666016,0.5992041826248169,0.536359429359436,0.5729377865791321,0.5697258710861206,0.7289851307868958,0.7095984220504761,0.8556680083274841,0.8601413369178772,0.8745368123054504,0.8801697492599487,0.8849404454231262,0.8995389342308044,-0.15317648649215698,-0.17709825932979584,-0.1771899312734604,-0.17727130651474,-0.1390710026025772,-0.13901612162590027,-0.13908681273460388,-0.22003397345542908,-0.058112747967243195,-0.16789062321186066,-0.11914165318012238,-0.27627047896385193,0.061718571931123734,-0.3089379072189331,0.1288267821073532,-0.28237655758857727,0.06368264555931091,-0.3170507848262787,0.06037715822458267,-0.31466227769851685,0.02418304607272148,-0.27943164110183716,0.04497966542840004,-0.0917215570807457,0.09178715944290161,-0.042936813086271286,0.09366548806428909,0.08471362292766571,0.17825894057750702,0.09071537852287292,0.17989113926887512,-0.014013335108757019,0.08830279856920242,Walk-From-Chair
95,0.9995291233062744,0.9993801116943359,0.9994707107543945,0.9995679259300232,0.9990605711936951,0.9988454580307007,0.9988221526145935,0.9996823072433472,0.9977169036865234,0.9996235966682434,0.9991260766983032,0.9999563097953796,0.9990008473396301,0.9870725870132446,0.08450666069984436,0.9537664651870728,0.1634218394756317,0.9263292551040649,0.17396925389766693,0.9246746897697449,0.1826215237379074,0.8925571441650391,0.18503627181053162,0.9989928007125854,0.9981304407119751,0.8983171582221985,0.6096786856651306,0.9587797522544861,0.7635412812232971,0.9071869850158691,0.7767547369003296,0.9592959880828857,0.8441562652587891,0.28583866357803345,0.2903686463832855,0.2928682863712311,0.29538634419441223,0.28679579496383667,0.28685957193374634,0.2870032787322998,0.3084377944469452,0.30221986770629883,0.29440125823020935,0.28994303941726685,0.3501134216785431,0.303428590297699,0.3468286991119385,0.30496931076049805,0.3382764458656311,0.28250256180763245,0.3407801687717438,0.2743988335132599,0.3335266709327698,0.2677523195743561,0.3318977952003479,0.2761531472206116,0.33749720454216003,0.3103070855140686,0.346929669380188,0.28704503178596497,0.36426833271980286,0.2723604440689087,0.3722390830516815,0.27768462896347046,0.3432741165161133,0.24020974338054657,0.3098946511745453,0.29420703649520874,0.29380515217781067,0.2932986617088318,0.29438117146492004,0.2942862808704376,0.294129878282547,0.29707181453704834,0.29875561594963074,0.32253900170326233,0.32328522205352783,0.37359148263931274,0.3805333971977234,0.4869711101055145,0.4762663245201111,0.5830780863761902,0.5350318551063538,0.6085647940635681,0.5548375248908997,0.6108455657958984,0.5447576642036438,0.5992438793182373,0.5407192707061768,0.572172999382019,0.5698633790016174,0.7302703857421875,0.7205564975738525,0.8592482805252075,0.8641197681427002,0.8769432902336121,0.8879680633544922,0.8834937214851379,0.8983150124549866,-0.1508840173482895,-0.1650840938091278,-0.16519518196582794,-0.16527961194515228,-0.13462324440479279,-0.1345829963684082,-0.13464239239692688,-0.16720254719257355,-0.03701099380850792,-0.15094047784805298,-0.1120176762342453,-0.2060251235961914,0.09479458630084991,-0.22776761651039124,0.16375026106834412,-0.224765807390213,0.08302001655101776,-0.2536635994911194,0.07690117508172989,-0.2645186483860016,0.04011235758662224,-0.22723813354969025,0.06390506029129028,-0.08535310626029968,0.08546695113182068,-0.09158124029636383,0.055192917585372925,-0.012341553345322609,0.10560615360736847,-0.012352744117379189,0.10320979356765747,-0.1282959282398224,0.007889972999691963,Walk-From-Chair
96,0.9995583295822144,0.9994211196899414,0.9995033144950867,0.9995951056480408,0.9991185069084167,0.9989123344421387,0.9988959431648254,0.9997022151947021,0.9978584051132202,0.9996429085731506,0.9991764426231384,0.9999533295631409,0.999053955078125,0.9864861965179443,0.08458658307790756,0.9526098966598511,0.16557760536670685,0.9241595268249512,0.17765632271766663,0.9222374558448792,0.1873423010110855,0.8888595700263977,0.18996258080005646,0.9990556240081787,0.998289942741394,0.8984642028808594,0.629389762878418,0.952774703502655,0.7794671058654785,0.8975229263305664,0.7851747274398804,0.9546170830726624,0.8519682884216309,0.2789367139339447,0.2858784794807434,0.2880255877971649,0.29040592908859253,0.2835577726364136,0.28413835167884827,0.2848355770111084,0.30276232957839966,0.2989019453525543,0.2856365740299225,0.2827844023704529,0.3206877112388611,0.30572381615638733,0.32096365094184875,0.30005645751953125,0.315635085105896,0.2605474889278412,0.30046623945236206,0.24976608157157898,0.3103127181529999,0.24574923515319824,0.30727627873420715,0.25020697712898254,0.33171528577804565,0.3091987669467926,0.3176773488521576,0.2964312434196472,0.3427421450614929,0.2942731976509094,0.35177937150001526,0.30344778299331665,0.33652275800704956,0.25038743019104004,0.31222325563430786,0.2981739640235901,0.2980091869831085,0.29776015877723694,0.29799339175224304,0.29782402515411377,0.29756516218185425,0.30136677622795105,0.3013802766799927,0.3247149586677551,0.32508957386016846,0.37372490763664246,0.37761595845222473,0.48694291710853577,0.470831036567688,0.5799030661582947,0.4927181005477905,0.6086177825927734,0.5019561648368835,0.6031588315963745,0.49817076325416565,0.5915323495864868,0.4962702691555023,0.5599282383918762,0.556441605091095,0.68597811460495,0.691417396068573,0.7899946570396423,0.8489701151847839,0.7986091375350952,0.8809509873390198,0.8610670566558838,0.889833390712738,-0.11265884339809418,-0.12895700335502625,-0.12902449071407318,-0.1290549337863922,-0.09696251153945923,-0.09694080054759979,-0.09697383642196655,-0.152742400765419,-0.011676471680402756,-0.11835645139217377,-0.07763320207595825,-0.20504121482372284,0.10710567235946655,-0.24583430588245392,0.20301826298236847,-0.23222477734088898,0.17256373167037964,-0.2577069103717804,0.1738874912261963,-0.26538747549057007,0.13937848806381226,-0.23328104615211487,0.15568479895591736,-0.08783752471208572,0.08794368803501129,-0.1290772706270218,0.02254130318760872,-0.018144218251109123,0.03313490375876427,-0.011316606774926186,0.028615478426218033,-0.09831002354621887,-0.05030808970332146,Walk-From-Chair
97,0.9995808601379395,0.9994495511054993,0.9995262622833252,0.9996145963668823,0.9991493821144104,0.9989463090896606,0.9989333748817444,0.9997134208679199,0.9978713989257812,0.9996566772460938,0.9992055296897888,0.9999533295631409,0.9991064071655273,0.9871664047241211,0.09597864747047424,0.9548273682594299,0.1911720484495163,0.926243245601654,0.20109888911247253,0.9245151877403259,0.21280543506145477,0.891729474067688,0.2145228385925293,0.9991030097007751,0.9984292387962341,0.9008864760398865,0.6477575898170471,0.9517545700073242,0.7921746969223022,0.8861948847770691,0.7861780524253845,0.9532245397567749,0.8579084277153015,0.27240946888923645,0.27673324942588806,0.2790139615535736,0.28130874037742615,0.2731485962867737,0.2728312611579895,0.27255189418792725,0.2928575873374939,0.2841612696647644,0.2792687714099884,0.27521273493766785,0.32290253043174744,0.29290640354156494,0.329800546169281,0.28298917412757874,0.31827905774116516,0.24605080485343933,0.3155522644519806,0.23957745730876923,0.31045854091644287,0.23842747509479523,0.30951470136642456,0.24027776718139648,0.31780651211738586,0.2973324954509735,0.31560641527175903,0.27844804525375366,0.3522663414478302,0.24975936114788055,0.3629325330257416,0.28019264340400696,0.3395748734474182,0.24341034889221191,0.32555150985717773,0.31140047311782837,0.31072384119033813,0.3099116384983063,0.3122045397758484,0.31218084692955017,0.31206223368644714,0.31336936354637146,0.3153277039527893,0.3351936340332031,0.33609628677368164,0.3827674686908722,0.38765591382980347,0.4879339933395386,0.4699033200740814,0.5796690583229065,0.508003294467926,0.6050185561180115,0.5247110724449158,0.602528989315033,0.5220783948898315,0.5912588238716125,0.5183278322219849,0.5573782324790955,0.5550169348716736,0.6873027682304382,0.6861726641654968,0.7937195897102356,0.8413464426994324,0.7997715473175049,0.8605501055717468,0.8629173636436462,0.8775162100791931,-0.19637884199619293,-0.20864538848400116,-0.20868687331676483,-0.2087288796901703,-0.18107938766479492,-0.1810801923274994,-0.18109183013439178,-0.20704439282417297,-0.08481720834970474,-0.1923489272594452,-0.15698689222335815,-0.21647796034812927,0.0493307039141655,-0.2634480595588684,0.15310075879096985,-0.2679762542247772,0.08890381455421448,-0.2917230725288391,0.08900223672389984,-0.301613986492157,0.044372331351041794,-0.2699660658836365,0.068449467420578,-0.08588837832212448,0.08596872538328171,-0.10846026241779327,0.020957820117473602,-0.003340359777212143,0.04175744578242302,0.001870450796559453,0.03806900233030319,-0.09515227377414703,-0.05177398771047592,Walk-From-Chair
98,0.9995880722999573,0.999464213848114,0.9995365142822266,0.9996250867843628,0.9991647005081177,0.9989659786224365,0.998964250087738,0.9997133612632751,0.9979404807090759,0.9996514916419983,0.9991982579231262,0.9999502301216125,0.9991042613983154,0.9862186312675476,0.09531521052122116,0.9497610330581665,0.18722304701805115,0.9188727140426636,0.19827771186828613,0.9169685244560242,0.21015281975269318,0.8826034665107727,0.21188195049762726,0.9990904331207275,0.9984268546104431,0.9028815031051636,0.654268205165863,0.9537145495414734,0.7989765405654907,0.8905223608016968,0.7862939238548279,0.9549402594566345,0.8606816530227661,0.2621437907218933,0.2660486698150635,0.26762232184410095,0.2691044509410858,0.26436465978622437,0.2648105025291443,0.26524117588996887,0.2805423140525818,0.27770453691482544,0.2678009271621704,0.2660333216190338,0.2992238402366638,0.28855639696121216,0.29873475432395935,0.2742646038532257,0.295708030462265,0.2527075409889221,0.2965571880340576,0.24587932229042053,0.29269105195999146,0.24278214573860168,0.29134538769721985,0.2451154887676239,0.3069904148578644,0.2919238805770874,0.3100219964981079,0.27016013860702515,0.35930484533309937,0.23784172534942627,0.36736810207366943,0.24624216556549072,0.3248998522758484,0.22331607341766357,0.32595813274383545,0.31128790974617004,0.3106559216976166,0.3098553717136383,0.31201252341270447,0.3119707703590393,0.31176888942718506,0.31403684616088867,0.3156147599220276,0.3360493779182434,0.3371824622154236,0.3846287429332733,0.38906335830688477,0.4889352023601532,0.46572256088256836,0.5797192454338074,0.4924217760562897,0.6044156551361084,0.5008511543273926,0.6024709939956665,0.49732527136802673,0.5913494825363159,0.49562007188796997,0.5597209334373474,0.5562974214553833,0.6929740309715271,0.6899974346160889,0.8351863622665405,0.8378897309303284,0.8499205112457275,0.8565495610237122,0.8708683252334595,0.8774398565292358,-0.10460104048252106,-0.12196367979049683,-0.12199175357818604,-0.12201317399740219,-0.09123440086841583,-0.09122955799102783,-0.09125502407550812,-0.15157632529735565,-0.01650279574096203,-0.11210943758487701,-0.07300837337970734,-0.20382170379161835,0.09617398679256439,-0.23597915470600128,0.18169967830181122,-0.2125200778245926,0.15663067996501923,-0.23499950766563416,0.1598561555147171,-0.2407197505235672,0.1297147274017334,-0.21313130855560303,0.14184172451496124,-0.08696305006742477,0.08707781881093979,-0.10796777158975601,0.06443376839160919,-0.05851297825574875,0.1123640164732933,-0.05827798321843147,0.11200898885726929,-0.14797315001487732,0.03853961452841759,Walk-From-Chair
99,0.9995921850204468,0.9994726181030273,0.9995433688163757,0.9996340274810791,0.9991636872291565,0.9989629983901978,0.9989722967147827,0.9997166991233826,0.9979659914970398,0.9996523857116699,0.9991990327835083,0.9999497532844543,0.9990726709365845,0.9864428043365479,0.0943789929151535,0.9510612487792969,0.18293030560016632,0.9202985763549805,0.19447489082813263,0.9182803630828857,0.20632869005203247,0.8845556974411011,0.20885665714740753,0.9990534782409668,0.9983789324760437,0.8953860402107239,0.6474186182022095,0.9529603719711304,0.7991122603416443,0.8950321674346924,0.787519633769989,0.9539404511451721,0.858379065990448,0.25419697165489197,0.25908246636390686,0.2608655095100403,0.2624926269054413,0.257032185792923,0.25745368003845215,0.25787678360939026,0.274625688791275,0.27019554376602173,0.2601544260978699,0.25772812962532043,0.3013541102409363,0.2784196138381958,0.2997985780239105,0.26423344016075134,0.2907251715660095,0.23843152821063995,0.29374808073043823,0.23081664741039276,0.2883777916431427,0.2281479388475418,0.28614211082458496,0.2310444563627243,0.28875303268432617,0.283864825963974,0.2962600588798523,0.28457513451576233,0.30974656343460083,0.2553045153617859,0.31869441270828247,0.26903635263442993,0.287375271320343,0.24943339824676514,0.3243609368801117,0.31001150608062744,0.30952373147010803,0.30885204672813416,0.31049585342407227,0.310417115688324,0.3101654648780823,0.31324532628059387,0.3140445649623871,0.3353876769542694,0.3363357186317444,0.3862655758857727,0.386648029088974,0.4904981553554535,0.46349117159843445,0.5826034545898438,0.5007614493370056,0.6064881682395935,0.5115788578987122,0.6050798892974854,0.5096449851989746,0.5941181182861328,0.5072044134140015,0.5600117444992065,0.5551208257675171,0.6962567567825317,0.6919549107551575,0.8274991512298584,0.8298133015632629,0.8426673412322998,0.850006103515625,0.8695230484008789,0.8673156499862671,-0.1091262474656105,-0.1271132528781891,-0.12714558839797974,-0.12717968225479126,-0.09546638280153275,-0.09545256197452545,-0.0954742357134819,-0.1624854952096939,-0.023233670741319656,-0.11899779736995697,-0.07869365811347961,-0.2185761034488678,0.09220224618911743,-0.24226224422454834,0.15492215752601624,-0.22619108855724335,0.12958814203739166,-0.2578848898410797,0.12598615884780884,-0.26607316732406616,0.08976559340953827,-0.22857192158699036,0.11051621288061142,-0.0882532149553299,0.08834623545408249,-0.10318887233734131,0.0756053775548935,-0.04171033203601837,0.13099268078804016,-0.04041703790426254,0.1314294934272766,-0.12128032743930817,0.0630853921175003,Walk-From-Chair
100,0.9996060132980347,0.999487578868866,0.9995552897453308,0.9996417760848999,0.9991874694824219,0.998994767665863,0.9990116357803345,0.9997135400772095,0.9980363249778748,0.9996625781059265,0.9992310404777527,0.9999485015869141,0.9991297721862793,0.9845336675643921,0.1000189408659935,0.9415602684020996,0.19088247418403625,0.9090797901153564,0.2046501338481903,0.9067118763923645,0.21668797731399536,0.872196614742279,0.21932239830493927,0.9990972876548767,0.998455822467804,0.8945674896240234,0.6393849849700928,0.9554904699325562,0.8030981421470642,0.9010273814201355,0.7921856641769409,0.9559691548347473,0.8587791323661804,0.24754074215888977,0.2533860206604004,0.2555496394634247,0.2577590346336365,0.24994325637817383,0.24977156519889832,0.24957409501075745,0.26911410689353943,0.2592240273952484,0.25278013944625854,0.24843068420886993,0.28696712851524353,0.263910174369812,0.29267042875289917,0.25681033730506897,0.27689671516418457,0.23707470297813416,0.27881738543510437,0.23058751225471497,0.27235740423202515,0.2311563789844513,0.27136164903640747,0.23382869362831116,0.2801503539085388,0.27144208550453186,0.277133047580719,0.2822350561618805,0.28213661909103394,0.2930682897567749,0.2909708321094513,0.3074006140232086,0.26074907183647156,0.28311747312545776,0.3233940303325653,0.30915576219558716,0.30876705050468445,0.30824804306030273,0.30943968892097473,0.3093120753765106,0.3090311586856842,0.3128689229488373,0.3129218518733978,0.33470237255096436,0.33542537689208984,0.3768630027770996,0.3856264352798462,0.48472750186920166,0.4621330797672272,0.5701701045036316,0.5137003660202026,0.5925903916358948,0.5291207432746887,0.5932865738868713,0.5249515175819397,0.5845330357551575,0.5241016745567322,0.5472854375839233,0.5464605689048767,0.6771786212921143,0.6806067228317261,0.8097731471061707,0.8046723008155823,0.8256805539131165,0.8210122585296631,0.8565657138824463,0.8459281921386719,-0.09987818449735641,-0.11014175415039062,-0.11018510907888412,-0.11022140830755234,-0.0842154324054718,-0.08419830352067947,-0.08420009911060333,-0.11559133231639862,-0.0017115154769271612,-0.09922558814287186,-0.06611351668834686,-0.16134671866893768,0.09826774895191193,-0.2013654261827469,0.15449269115924835,-0.20794999599456787,0.10391052067279816,-0.23248843848705292,0.09102240949869156,-0.23699577152729034,0.06431003659963608,-0.208919957280159,0.0896051898598671,-0.08690831065177917,0.0869654044508934,-0.1032782793045044,0.07264818251132965,-0.06223418191075325,0.11880163103342056,-0.061521977186203,0.11993400007486343,-0.14717888832092285,0.058231644332408905,Walk-From-Chair
101,0.9996207356452942,0.9995088577270508,0.9995739459991455,0.9996594190597534,0.9992031455039978,0.9990015625953674,0.9990189075469971,0.9997270107269287,0.9980158805847168,0.9996711015701294,0.9992287158966064,0.9999498724937439,0.9990382790565491,0.9847890138626099,0.09761051088571548,0.940205991268158,0.1888204663991928,0.9068560004234314,0.20634856820106506,0.9046227931976318,0.21891513466835022,0.8706808686256409,0.2213587611913681,0.999143123626709,0.9984947443008423,0.884655773639679,0.6182953715324402,0.9523175358772278,0.7905157804489136,0.8974456787109375,0.7798430323600769,0.9539520144462585,0.8490375280380249,0.23683078587055206,0.24235525727272034,0.24460606276988983,0.24689356982707977,0.2391088455915451,0.23917198181152344,0.2392590343952179,0.2594839334487915,0.25121504068374634,0.2426573783159256,0.23900213837623596,0.2795808017253876,0.25538548827171326,0.2835959792137146,0.23604857921600342,0.27060529589653015,0.21977925300598145,0.27197912335395813,0.21429558098316193,0.2675913870334625,0.20580807328224182,0.26663950085639954,0.21441490948200226,0.270338237285614,0.2609610855579376,0.26799920201301575,0.24933560192584991,0.3013598322868347,0.2573912441730499,0.3151337802410126,0.26762962341308594,0.28114673495292664,0.21744322776794434,0.32343921065330505,0.309834361076355,0.30944836139678955,0.30884307622909546,0.309760719537735,0.30946028232574463,0.3090152144432068,0.3124871850013733,0.3126169443130493,0.33509567379951477,0.33533984422683716,0.3789559602737427,0.38658374547958374,0.486568421125412,0.45578235387802124,0.5773081183433533,0.4626770317554474,0.6004145741462708,0.46906355023384094,0.6030440926551819,0.4374837875366211,0.5942617654800415,0.4612842798233032,0.5485360026359558,0.5546550154685974,0.6802662014961243,0.6845842599868774,0.8125505447387695,0.8139191269874573,0.8305379748344421,0.8317797183990479,0.8646981120109558,0.8548527359962463,-0.08586667478084564,-0.09374865144491196,-0.09382671117782593,-0.09388802945613861,-0.0692182332277298,-0.06919530779123306,-0.06918203830718994,-0.08882026374340057,0.019097790122032166,-0.08132459223270416,-0.05030210688710213,-0.14522022008895874,0.13107898831367493,-0.19311875104904175,0.1814308762550354,-0.1948782503604889,0.10480030626058578,-0.21893206238746643,0.09359033405780792,-0.22555840015411377,0.06947334855794907,-0.19560152292251587,0.0904962494969368,-0.08757853507995605,0.0876174047589302,-0.11741193383932114,0.050654418766498566,-0.08583714067935944,0.09463348239660263,-0.08650562167167664,0.09477198123931885,-0.1734365075826645,0.024253500625491142,Walk-From-Chair
102,0.9996410608291626,0.9995401501655579,0.9995999336242676,0.9996814727783203,0.9992465376853943,0.999056339263916,0.9990807771682739,0.9997438192367554,0.9981600642204285,0.9996908903121948,0.9992755651473999,0.999954104423523,0.9990927577018738,0.985393762588501,0.0938364714384079,0.9431707859039307,0.17915473878383636,0.9111154675483704,0.19723442196846008,0.9089546799659729,0.2090521901845932,0.8757609128952026,0.2119450569152832,0.9992040395736694,0.9985708594322205,0.8844951391220093,0.585325300693512,0.9544773101806641,0.7648046612739563,0.9049891233444214,0.7707255482673645,0.9560340642929077,0.8365077972412109,0.22291091084480286,0.2287093847990036,0.23063333332538605,0.23254919052124023,0.2266225814819336,0.22717969119548798,0.22779254615306854,0.24644120037555695,0.24272659420967102,0.2296866625547409,0.2270633429288864,0.2681499719619751,0.25398069620132446,0.2652342617511749,0.24297329783439636,0.25751793384552,0.22537772357463837,0.25719204545021057,0.22014422714710236,0.2538972795009613,0.21640844643115997,0.2537233531475067,0.21928223967552185,0.260763943195343,0.2574029564857483,0.2478283941745758,0.25674885511398315,0.2971346378326416,0.2776314616203308,0.3296886086463928,0.2890205979347229,0.2581910192966461,0.24477732181549072,0.3231388032436371,0.3091545104980469,0.3087628483772278,0.3081761300563812,0.3091509938240051,0.3088827431201935,0.30847975611686707,0.312013179063797,0.3122662603855133,0.33473730087280273,0.33521443605422974,0.3825809061527252,0.38636186718940735,0.48669883608818054,0.4563330113887787,0.5819399356842041,0.4960971772670746,0.6047824025154114,0.5029393434524536,0.607379138469696,0.500464677810669,0.599249005317688,0.4996892511844635,0.5642110705375671,0.5592172741889954,0.7155091166496277,0.6866629719734192,0.8266564011573792,0.8101747632026672,0.8359124064445496,0.8268639445304871,0.8894578218460083,0.8540030717849731,-0.0741584300994873,-0.0930730402469635,-0.09310315549373627,-0.09313536435365677,-0.06106378883123398,-0.0610499270260334,-0.06105140596628189,-0.1265517622232437,0.006360136903822422,-0.08688633143901825,-0.04598410427570343,-0.19628459215164185,0.1145608052611351,-0.25190845131874084,0.17100925743579865,-0.24671101570129395,0.12918689846992493,-0.27905648946762085,0.13227643072605133,-0.26928943395614624,0.10273078829050064,-0.24221082031726837,0.11481566727161407,-0.10320247709751129,0.10314689576625824,-0.11215551197528839,0.14251522719860077,-0.05653844028711319,0.21462932229042053,-0.05462299659848213,0.2192499190568924,-0.1323365867137909,0.18215349316596985,Walk-From-Chair
103,0.9996600151062012,0.9995673894882202,0.999621570110321,0.9997001886367798,0.9992882609367371,0.9991063475608826,0.9991390705108643,0.9997578263282776,0.9982962012290955,0.9997065663337708,0.9993184208869934,0.9999576210975647,0.9991462826728821,0.9858720898628235,0.08882360905408859,0.9460492730140686,0.16964282095432281,0.9154515862464905,0.18886734545230865,0.9133653044700623,0.2001670002937317,0.8810074329376221,0.2035907506942749,0.9992570281028748,0.9986587166786194,0.887538492679596,0.5564683079719543,0.9564430713653564,0.7440694570541382,0.911441445350647,0.7616028785705566,0.9582591652870178,0.8238898515701294,0.21227982640266418,0.21794800460338593,0.21979472041130066,0.22156886756420135,0.21624627709388733,0.21697089076042175,0.21775007247924805,0.2353786677122116,0.23226892948150635,0.2185867577791214,0.21609821915626526,0.25527578592300415,0.24179843068122864,0.2553434669971466,0.23275034129619598,0.24445852637290955,0.21222718060016632,0.24497708678245544,0.20645971596240997,0.24111095070838928,0.20384737849235535,0.241562157869339,0.20576608180999756,0.24650029838085175,0.24187973141670227,0.23086436092853546,0.24573040008544922,0.30944544076919556,0.27549999952316284,0.31478506326675415,0.28873804211616516,0.257480651140213,0.24919474124908447,0.3217524588108063,0.3084180951118469,0.3079923987388611,0.3073115646839142,0.30858659744262695,0.30833685398101807,0.30785730481147766,0.3117476999759674,0.31179866194725037,0.33386749029159546,0.33410078287124634,0.3837745785713196,0.3832855224609375,0.48671621084213257,0.4558192193508148,0.581885039806366,0.4990746080875397,0.604611337184906,0.5090717673301697,0.6072949171066284,0.5055068731307983,0.5991705060005188,0.5046038031578064,0.5665323734283447,0.5596325397491455,0.7184864282608032,0.6877538561820984,0.8215239644050598,0.8139411211013794,0.8339246511459351,0.8322964906692505,0.8915202617645264,0.8603090643882751,-0.026983344927430153,-0.04640621319413185,-0.046436574310064316,-0.046458564698696136,-0.014426743611693382,-0.014410428702831268,-0.014422823674976826,-0.09556446224451065,0.04537710174918175,-0.042406149208545685,-0.0015201414935290813,-0.18051768839359283,0.14174626767635345,-0.24178913235664368,0.21390128135681152,-0.24281008541584015,0.21176743507385254,-0.274384468793869,0.2217600792646408,-0.26302430033683777,0.19244566559791565,-0.2377059906721115,0.19858980178833008,-0.10470690578222275,0.1046820729970932,-0.11791537702083588,0.11952067911624908,-0.08613832294940948,0.1913873851299286,-0.08353377878665924,0.19800975918769836,-0.13633279502391815,0.12590718269348145,Walk-From-Chair
104,0.9996176362037659,0.999529242515564,0.9995797276496887,0.9996708631515503,0.9992415904998779,0.9990400671958923,0.999106764793396,0.9997438788414001,0.9982985854148865,0.9996820688247681,0.9992915391921997,0.9999598264694214,0.9991747140884399,0.986213743686676,0.08639782667160034,0.9481286406517029,0.16338372230529785,0.9183793067932129,0.1821838617324829,0.9161245226860046,0.19275125861167908,0.8838905692100525,0.19641683995723724,0.9992575645446777,0.9985873103141785,0.8863067030906677,0.532966136932373,0.9550386071205139,0.7200532555580139,0.9117952585220337,0.7511447072029114,0.9562075138092041,0.8041539788246155,0.2067047357559204,0.21152988076210022,0.21310362219810486,0.2145671546459198,0.2100093811750412,0.2107456475496292,0.21141842007637024,0.2262725830078125,0.22461362183094025,0.21310904622077942,0.21097545325756073,0.2513049244880676,0.23626098036766052,0.2526400685310364,0.23579800128936768,0.2336966097354889,0.2269906997680664,0.22838667035102844,0.22152729332447052,0.22794099152088165,0.22087569534778595,0.22927501797676086,0.22282461822032928,0.23743312060832977,0.23155412077903748,0.21247601509094238,0.221698597073555,0.26400226354599,0.2594446539878845,0.2790946960449219,0.269406259059906,0.22022421658039093,0.22486093640327454,0.32834962010383606,0.3147544860839844,0.31407374143600464,0.3131221532821655,0.3146623373031616,0.31396856904029846,0.312981516122818,0.3143135905265808,0.31377023458480835,0.33854201436042786,0.33862537145614624,0.3899955153465271,0.38669824600219727,0.4907722473144531,0.484017938375473,0.5857752561569214,0.566100537776947,0.6155634522438049,0.5817804932594299,0.6097671985626221,0.5833598971366882,0.6031619310379028,0.5798990726470947,0.5876147747039795,0.5789626240730286,0.7348759174346924,0.7222465872764587,0.860253632068634,0.8364359140396118,0.8636731505393982,0.85541170835495,0.8965373635292053,0.8779058456420898,-0.06746078282594681,-0.08641067892313004,-0.08645681291818619,-0.08649913221597672,-0.05406830459833145,-0.05404267460107803,-0.05406755954027176,-0.10019057989120483,0.01685839518904686,-0.0790264755487442,-0.037466708570718765,-0.21306820213794708,0.12241905927658081,-0.264276385307312,0.16765397787094116,-0.2434152364730835,0.10811493545770645,-0.27520108222961426,0.10740411281585693,-0.265043705701828,0.07789331674575806,-0.23811295628547668,0.09362223744392395,-0.10652565956115723,0.10650753974914551,-0.11350854486227036,0.1299043744802475,-0.06520246714353561,0.18964578211307526,-0.06297247111797333,0.1923823356628418,-0.13031475245952606,0.14653538167476654,Walk-From-Chair
105,0.9996011257171631,0.9995167851448059,0.9995665550231934,0.9996625781059265,0.999196469783783,0.9989833235740662,0.9990525841712952,0.9997401833534241,0.9982509016990662,0.9996715188026428,0.9992261528968811,0.9999601244926453,0.9991430044174194,0.9866457581520081,0.08968514204025269,0.9488111734390259,0.16785892844200134,0.9188187718391418,0.18831904232501984,0.9166763424873352,0.1990257054567337,0.8851975202560425,0.20276179909706116,0.9992750287055969,0.9985994696617126,0.8818674683570862,0.5139797329902649,0.9537736773490906,0.7044061422348022,0.9135381579399109,0.739830493927002,0.9554920196533203,0.7960208654403687,0.19446423649787903,0.20039018988609314,0.20317725837230682,0.20607809722423553,0.1967906802892685,0.19694724678993225,0.1971234530210495,0.22148755192756653,0.2130367010831833,0.20310278236865997,0.19846227765083313,0.25454822182655334,0.21379542350769043,0.2601955831050873,0.20352816581726074,0.23275427520275116,0.1796318143606186,0.22990533709526062,0.1748795211315155,0.22455251216888428,0.1722119152545929,0.22518475353717804,0.17413650453090668,0.23067554831504822,0.209837406873703,0.21286579966545105,0.2191019356250763,0.2537223696708679,0.2545846700668335,0.27223891019821167,0.27393749356269836,0.22653797268867493,0.22675006091594696,0.3163559138774872,0.30369940400123596,0.30354151129722595,0.30322569608688354,0.30368202924728394,0.30352863669395447,0.30311304330825806,0.30779218673706055,0.3073157072067261,0.3304471969604492,0.3300386071205139,0.3870849907398224,0.3770918846130371,0.4817042350769043,0.44337376952171326,0.56673663854599,0.43074050545692444,0.5907883048057556,0.4278506636619568,0.586725652217865,0.4213610589504242,0.5790203213691711,0.42382821440696716,0.5766507983207703,0.56364506483078,0.7150039672851562,0.7033872008323669,0.8433945775032043,0.8203599452972412,0.8492119908332825,0.8400941491127014,0.8932035565376282,0.8730777502059937,-0.07250271737575531,-0.09004627168178558,-0.09008323401212692,-0.09013175964355469,-0.06124915927648544,-0.06124463677406311,-0.06124844402074814,-0.11633361876010895,0.008324298076331615,-0.07967609912157059,-0.042865537106990814,-0.16693267226219177,0.10003551095724106,-0.2065451592206955,0.1573190689086914,-0.20073680579662323,0.11266559362411499,-0.22226497530937195,0.11187277734279633,-0.21938900649547577,0.09058190882205963,-0.19721417129039764,0.10139584541320801,-0.0921250581741333,0.09207783639431,-0.099212646484375,0.11300677061080933,-0.05736912041902542,0.1647922843694687,-0.055169690400362015,0.16880273818969727,-0.11400575935840607,0.1324964016675949,Walk-From-Chair
106,0.9995991587638855,0.9995020627975464,0.9995467662811279,0.999638557434082,0.9991967082023621,0.9990003108978271,0.9990816116333008,0.9996955990791321,0.9983317852020264,0.9996423721313477,0.9992270469665527,0.9999510645866394,0.9992026090621948,0.9827006459236145,0.08995052427053452,0.9333249926567078,0.16437216103076935,0.9017748236656189,0.18584704399108887,0.8990676999092102,0.19586093723773956,0.8671956658363342,0.19924107193946838,0.9992749691009521,0.9986451268196106,0.8832619786262512,0.5021032691001892,0.9537051320075989,0.6951415538787842,0.9166998267173767,0.733015239238739,0.9554120898246765,0.7896101474761963,0.19198724627494812,0.1971452534198761,0.19890637695789337,0.20062761008739471,0.19604894518852234,0.19711478054523468,0.19819094240665436,0.213349387049675,0.21138039231300354,0.19822043180465698,0.19666163623332977,0.23526576161384583,0.2133145034313202,0.23190703988075256,0.20650605857372284,0.20996947586536407,0.189764603972435,0.21367383003234863,0.18546977639198303,0.21110880374908447,0.19461286067962646,0.21153685450553894,0.19599685072898865,0.21764877438545227,0.20877909660339355,0.20650669932365417,0.21102039515972137,0.247512549161911,0.2453717291355133,0.260081022977829,0.2606430649757385,0.22298777103424072,0.2265036553144455,0.3220732808113098,0.30895885825157166,0.308818519115448,0.3084588646888733,0.3087345063686371,0.30842724442481995,0.3078620731830597,0.3128297030925751,0.31160542368888855,0.3352128267288208,0.33492282032966614,0.3907114565372467,0.37755337357521057,0.4974914491176605,0.4656206965446472,0.570052981376648,0.5113620758056641,0.5782593488693237,0.5214958786964417,0.5779129862785339,0.5298609137535095,0.5717122554779053,0.5282957553863525,0.5756549835205078,0.5633682608604431,0.7155645489692688,0.7066476345062256,0.8416351079940796,0.8212586641311646,0.848605751991272,0.8391650319099426,0.8906605839729309,0.8708041310310364,-0.039670586585998535,-0.0584070198237896,-0.05844791978597641,-0.05848703905940056,-0.02984032593667507,-0.029825523495674133,-0.029859483242034912,-0.09944102168083191,0.0269011203199625,-0.051287371665239334,-0.014746947214007378,-0.1524401307106018,0.1001184731721878,-0.17597149312496185,0.14010480046272278,-0.15508119761943817,0.0950331836938858,-0.1755572110414505,0.09232424944639206,-0.1733866035938263,0.06808499991893768,-0.15341845154762268,0.08291058242321014,-0.08512667566537857,0.0850522592663765,-0.09429963678121567,0.09623481333255768,-0.0545683279633522,0.14189507067203522,-0.052203767001628876,0.14409390091896057,-0.10514358431100845,0.10870534181594849,Walk-From-Chair
107,0.999615490436554,0.9995164275169373,0.999558687210083,0.999644935131073,0.9992266297340393,0.9990406632423401,0.9991196990013123,0.9997002482414246,0.9984132647514343,0.9996494650840759,0.9992498159408569,0.9999515414237976,0.9992489218711853,0.9829133152961731,0.0946466252207756,0.9332103729248047,0.16442836821079254,0.9008877873420715,0.1856483817100525,0.898141086101532,0.19501562416553497,0.8662019968032837,0.19775313138961792,0.9993025660514832,0.9986779093742371,0.8852329254150391,0.4888351261615753,0.9532649517059326,0.6835204362869263,0.9181796908378601,0.7213789820671082,0.9556114673614502,0.7787109017372131,0.18122895061969757,0.18713989853858948,0.18977150321006775,0.19235435128211975,0.18422123789787292,0.184820756316185,0.18539971113204956,0.2072385549545288,0.19970446825027466,0.18914398550987244,0.18544554710388184,0.2317817211151123,0.20348545908927917,0.24146786332130432,0.20166945457458496,0.21041183173656464,0.186841681599617,0.2086780071258545,0.18805597722530365,0.20478054881095886,0.19078022241592407,0.2058454006910324,0.1905919462442398,0.22050762176513672,0.20243127644062042,0.20436206459999084,0.2031358927488327,0.23110516369342804,0.23219220340251923,0.24442391097545624,0.24676434695720673,0.21542790532112122,0.21148273348808289,0.32116273045539856,0.3080676198005676,0.3077363073825836,0.30712276697158813,0.3078625500202179,0.307403564453125,0.3066927194595337,0.3098929822444916,0.30925220251083374,0.3337600529193878,0.33324748277664185,0.3826751112937927,0.374507874250412,0.4965270757675171,0.46679526567459106,0.5587171316146851,0.5249002575874329,0.574810802936554,0.5336657762527466,0.5720071792602539,0.5375559329986572,0.5685691237449646,0.5301496386528015,0.5687177181243896,0.5598195791244507,0.6880970001220703,0.7056019902229309,0.8321430683135986,0.8218863606452942,0.843968391418457,0.837749719619751,0.875757098197937,0.8689858317375183,-0.07452042400836945,-0.08788517862558365,-0.08791618049144745,-0.08794515579938889,-0.06659739464521408,-0.0665813609957695,-0.06657682359218597,-0.11017830669879913,-0.004375210963189602,-0.07487328350543976,-0.04802686348557472,-0.1644987016916275,0.06896702200174332,-0.1947680115699768,0.10675175487995148,-0.18788783252239227,0.05796193331480026,-0.21207332611083984,0.05493546649813652,-0.20756983757019043,0.028251031413674355,-0.1850002557039261,0.04537109285593033,-0.07935609668493271,0.07936502993106842,-0.1321854442358017,0.09643518924713135,-0.10833148658275604,0.13785770535469055,-0.10717924684286118,0.1386842429637909,-0.16563919186592102,0.09589501470327377,Walk-From-Chair
108,0.9996291399002075,0.9995236992835999,0.9995597004890442,0.9996434450149536,0.9992398023605347,0.9990631341934204,0.999151885509491,0.9996915459632874,0.9984850287437439,0.9996485114097595,0.9992748498916626,0.9999504089355469,0.9993027448654175,0.9827332496643066,0.09252206981182098,0.9330843687057495,0.15757276117801666,0.9000217914581299,0.17833787202835083,0.8970555663108826,0.1868647187948227,0.8644476532936096,0.18958653509616852,0.9993371963500977,0.9987596869468689,0.8846138119697571,0.486317902803421,0.9518144130706787,0.6864655017852783,0.9198290109634399,0.7241640686988831,0.9550405144691467,0.7802931070327759,0.16792063415050507,0.17254701256752014,0.1745726764202118,0.1762997955083847,0.171513631939888,0.17276132106781006,0.17383116483688354,0.1908016800880432,0.18884322047233582,0.17485202848911285,0.1731843650341034,0.2042180299758911,0.19989684224128723,0.22210724651813507,0.20300981402397156,0.19998334348201752,0.19011065363883972,0.19685736298561096,0.18830737471580505,0.1948699653148651,0.18458032608032227,0.19568496942520142,0.1856979876756668,0.20887139439582825,0.19863353669643402,0.18825696408748627,0.20091800391674042,0.21825894713401794,0.22247950732707977,0.23098094761371613,0.23079116642475128,0.2100084275007248,0.19835177063941956,0.3117198050022125,0.2979794144630432,0.297518253326416,0.29686564207077026,0.29830262064933777,0.29796305298805237,0.2974039614200592,0.2998683750629425,0.2995249629020691,0.32294943928718567,0.3233116865158081,0.3615490198135376,0.35457438230514526,0.49039122462272644,0.4496895372867584,0.5631961226463318,0.5166938304901123,0.5796498656272888,0.5305229425430298,0.5746009945869446,0.5338674783706665,0.570313572883606,0.5249238610267639,0.5520451664924622,0.5385734438896179,0.6659148335456848,0.6671352386474609,0.786576509475708,0.8168659210205078,0.7873266935348511,0.8088844418525696,0.8714922070503235,0.848113477230072,-0.06301425397396088,-0.08210806548595428,-0.0821203887462616,-0.08212710916996002,-0.05253845453262329,-0.052503228187561035,-0.05251578241586685,-0.11313372850418091,0.0032267142087221146,-0.07567284256219864,-0.038475193083286285,-0.17467547953128815,0.07955813407897949,-0.2130519598722458,0.12234765291213989,-0.21843619644641876,0.07747142016887665,-0.24930651485919952,0.07488062232732773,-0.23452071845531464,0.047928404062986374,-0.21348711848258972,0.06385209411382675,-0.0824095606803894,0.08240731060504913,-0.1070527657866478,0.11124160140752792,-0.02845194563269615,0.17199337482452393,-0.02136165276169777,0.1750742495059967,-0.05558048561215401,0.1365819275379181,Walk-From-Chair
109,0.9996564984321594,0.9995554685592651,0.9995889067649841,0.9996643662452698,0.9992924928665161,0.9991326928138733,0.9992173314094543,0.9997098445892334,0.9986089468002319,0.9996718764305115,0.9993284344673157,0.9999517798423767,0.999356746673584,0.9821237325668335,0.0942048504948616,0.9333198070526123,0.15354155004024506,0.9005545973777771,0.17280401289463043,0.8974071741104126,0.1805906593799591,0.8648297786712646,0.18341200053691864,0.9993880391120911,0.9988569021224976,0.8934699296951294,0.5107024312019348,0.9551389217376709,0.7058501243591309,0.9242979884147644,0.7349799871444702,0.9581862688064575,0.7932502627372742,0.16096167266368866,0.1661522537469864,0.16835477948188782,0.1703910231590271,0.16403193771839142,0.16485455632209778,0.1656884104013443,0.18648311495780945,0.18297578394412994,0.1689586490392685,0.1661282479763031,0.21186664700508118,0.19391103088855743,0.21097569167613983,0.1976228952407837,0.1925344169139862,0.19018018245697021,0.18944190442562103,0.18986234068870544,0.188914492726326,0.19051139056682587,0.19007286429405212,0.19121582806110382,0.20873984694480896,0.19414013624191284,0.19647064805030823,0.18975293636322021,0.21661782264709473,0.21042302250862122,0.2270812690258026,0.22001726925373077,0.2016238421201706,0.1878071129322052,0.31090599298477173,0.29496538639068604,0.29437628388404846,0.29360806941986084,0.2950579822063446,0.2944614589214325,0.2936552166938782,0.2964786887168884,0.29626065492630005,0.32286337018013,0.3230985105037689,0.366729736328125,0.3601423501968384,0.49035829305648804,0.4595174193382263,0.5646155476570129,0.5443896055221558,0.5804221630096436,0.5599127411842346,0.5801641941070557,0.5626851320266724,0.5733252763748169,0.5594221353530884,0.5537154078483582,0.5432235598564148,0.6503613591194153,0.6736182570457458,0.7962453365325928,0.8300711512565613,0.8043622970581055,0.8300030827522278,0.8722160458564758,0.8594523668289185,-0.03937679901719093,-0.05896461009979248,-0.05898253247141838,-0.05898354575037956,-0.02979574166238308,-0.029751047492027283,-0.02977452054619789,-0.10746641457080841,0.01968342252075672,-0.05536442995071411,-0.017891330644488335,-0.16349069774150848,0.08299775421619415,-0.19168969988822937,0.11276670545339584,-0.18554921448230743,0.06890542060136795,-0.21239204704761505,0.06702481210231781,-0.2070498913526535,0.03926045075058937,-0.1833256632089615,0.05585753172636032,-0.07506556808948517,0.07499060034751892,-0.11664686352014542,0.09558935463428497,-0.06399130821228027,0.12126084417104721,-0.06050819158554077,0.1200268417596817,-0.1060142070055008,0.07293109595775604,Walk-From-Chair
110,0.9996668100357056,0.9995561242103577,0.999587893486023,0.9996589422225952,0.9993096590042114,0.9991642236709595,0.9992495775222778,0.9996974468231201,0.9986806511878967,0.9996678829193115,0.9993470311164856,0.9999496936798096,0.9993844628334045,0.9815187454223633,0.09759896248579025,0.9332305192947388,0.15503302216529846,0.9011845588684082,0.17435193061828613,0.8980954885482788,0.1817774474620819,0.8657712340354919,0.18422049283981323,0.9994019269943237,0.9988532662391663,0.8978885412216187,0.5097784996032715,0.9571439623832703,0.7048766016960144,0.9274111390113831,0.7305184602737427,0.9602553844451904,0.7950039505958557,0.1591273993253708,0.16414813697338104,0.16657772660255432,0.16884030401706696,0.16210386157035828,0.16319017112255096,0.16431468725204468,0.1841193586587906,0.1806398630142212,0.1680654138326645,0.16608481109142303,0.20436875522136688,0.1870139241218567,0.20128318667411804,0.1897294670343399,0.18317551910877228,0.18009142577648163,0.18001607060432434,0.18023031949996948,0.18139109015464783,0.17766770720481873,0.1825207769870758,0.18164226412773132,0.19906410574913025,0.1886839121580124,0.18791207671165466,0.18833118677139282,0.2046622931957245,0.2003728598356247,0.21482589840888977,0.20907382667064667,0.1842149943113327,0.17425420880317688,0.3139457106590271,0.29513856768608093,0.29500022530555725,0.2947036623954773,0.295694500207901,0.2951744496822357,0.29436159133911133,0.29764896631240845,0.29674941301345825,0.3289480209350586,0.32913342118263245,0.3755244016647339,0.36374393105506897,0.4887320101261139,0.46277105808258057,0.5643807053565979,0.5384407043457031,0.5825611352920532,0.5577606558799744,0.5816076397895813,0.5527184009552002,0.5754221081733704,0.5526402592658997,0.5644009113311768,0.5541440844535828,0.6880794167518616,0.6834275722503662,0.851885974407196,0.8506144881248474,0.8676281571388245,0.8630242943763733,0.9005298614501953,0.8657990097999573,-0.051213573664426804,-0.06836558133363724,-0.06839626282453537,-0.06840348988771439,-0.04134459048509598,-0.041316546499729156,-0.04133661836385727,-0.10187281668186188,0.015193544328212738,-0.06066564843058586,-0.02641390636563301,-0.15299466252326965,0.08514206856489182,-0.18226175010204315,0.11877219378948212,-0.17691545188426971,0.07197411358356476,-0.20075659453868866,0.06878800690174103,-0.19757942855358124,0.0417732410132885,-0.17513079941272736,0.05911921337246895,-0.07699562609195709,0.07693155109882355,-0.10600695759057999,0.08906836807727814,-0.07079652696847916,0.11020362377166748,-0.07011564821004868,0.10842859745025635,-0.12627866864204407,0.06439705938100815,Walk-From-Chair
111,0.9994334578514099,0.9992950558662415,0.9993329048156738,0.9994109869003296,0.9989301562309265,0.9986811280250549,0.9988232254981995,0.9995242953300476,0.9978120923042297,0.9993350505828857,0.9987777471542358,0.999887228012085,0.9993184208869934,0.9754785299301147,0.09165273606777191,0.9160105586051941,0.14261029660701752,0.8799052834510803,0.16088129580020905,0.8754869699478149,0.16763944923877716,0.8392264246940613,0.16972829401493073,0.9994099736213684,0.9988941550254822,0.8962204456329346,0.5257766246795654,0.9421468377113342,0.7151116728782654,0.921303391456604,0.7392053008079529,0.9523565173149109,0.7960359454154968,0.1496826708316803,0.15430474281311035,0.156934455037117,0.1590966135263443,0.152515709400177,0.15377435088157654,0.1548234522342682,0.17473414540290833,0.1710200011730194,0.15756037831306458,0.15557678043842316,0.18702790141105652,0.18558716773986816,0.2008219212293625,0.19645996391773224,0.18554545938968658,0.18931762874126434,0.18208876252174377,0.18892434239387512,0.17950895428657532,0.18526500463485718,0.18062646687030792,0.18622790277004242,0.195329949259758,0.18490678071975708,0.19064471125602722,0.18292856216430664,0.1871756762266159,0.19429561495780945,0.19625252485275269,0.2038901150226593,0.1778709888458252,0.16674929857254028,0.30321699380874634,0.28915640711784363,0.28886380791664124,0.2884560227394104,0.2897014319896698,0.2895449995994568,0.28917062282562256,0.2916794419288635,0.29071044921875,0.3150898814201355,0.31587088108062744,0.35759058594703674,0.3419152796268463,0.4695395529270172,0.43031755089759827,0.5538114309310913,0.4886516034603119,0.5708250403404236,0.5018953680992126,0.5700408816337585,0.4996141791343689,0.5650438070297241,0.4957316517829895,0.5292980074882507,0.5286473631858826,0.5336520671844482,0.6564002633094788,0.6586806774139404,0.8009293675422668,0.6578264236450195,0.8230121731758118,0.6890401244163513,0.8346890807151794,-0.0341179184615612,-0.05399235337972641,-0.05401071906089783,-0.05403311178088188,-0.02390647679567337,-0.023853370919823647,-0.023898441344499588,-0.10249374061822891,0.02967858873307705,-0.049133382737636566,-0.010688744485378265,-0.15898214280605316,0.0904773622751236,-0.1946028769016266,0.12372716516256332,-0.18817757070064545,0.08646649867296219,-0.20782168209552765,0.0972566157579422,-0.21007411181926727,0.0696057379245758,-0.17769138514995575,0.07467634975910187,-0.07365747541189194,0.07361914217472076,-0.23531083762645721,0.08826881647109985,-0.17844687402248383,0.09597871452569962,-0.17284846305847168,0.09338419139385223,-0.2040119618177414,0.04785970225930214,Walk-From-Chair
112,0.9993361234664917,0.9991583228111267,0.9991815090179443,0.9992905259132385,0.9987375140190125,0.9983958005905151,0.9985851049423218,0.9994338750839233,0.9973883032798767,0.9992796182632446,0.9986725449562073,0.9998637437820435,0.9993314743041992,0.9647549390792847,0.08792153745889664,0.9072469472885132,0.13545002043247223,0.8701156973838806,0.1534527838230133,0.8646665811538696,0.15945909917354584,0.8273007869720459,0.16111832857131958,0.9993728995323181,0.9989399313926697,0.8978800177574158,0.5686326026916504,0.9129647612571716,0.7366488575935364,0.883668839931488,0.7524571418762207,0.9314545392990112,0.8075904250144958,0.1464894711971283,0.15226730704307556,0.15478725731372833,0.15780866146087646,0.14991320669651031,0.15093480050563812,0.15194189548492432,0.17280855774879456,0.16825827956199646,0.15448112785816193,0.15196116268634796,0.1981072574853897,0.1671529859304428,0.19735465943813324,0.1840100735425949,0.17887888848781586,0.18321050703525543,0.17919288575649261,0.18334585428237915,0.17594124376773834,0.1795588582754135,0.1749737560749054,0.18104755878448486,0.19831666350364685,0.16992908716201782,0.2011844664812088,0.16712814569473267,0.19286981225013733,0.16959181427955627,0.18387115001678467,0.17701153457164764,0.18058328330516815,0.15206998586654663,0.3054942190647125,0.2913757264614105,0.2910648286342621,0.2906414866447449,0.2919505834579468,0.2917711138725281,0.29119589924812317,0.29388707876205444,0.29327157139778137,0.31804192066192627,0.31857576966285706,0.3627238869667053,0.3517305254936218,0.4668704867362976,0.4393261671066284,0.5570112466812134,0.5218117833137512,0.5755220055580139,0.5469712615013123,0.5725482106208801,0.5479522347450256,0.5674673914909363,0.5382674932479858,0.5345847606658936,0.5378240346908569,0.498898983001709,0.6690235137939453,0.5799140930175781,0.809281051158905,0.5804301500320435,0.8254839181900024,0.6155027747154236,0.86361163854599,-0.033060964196920395,-0.04859224334359169,-0.04863440617918968,-0.04867977648973465,-0.023646242916584015,-0.023590419441461563,-0.02366357110440731,-0.07870868593454361,0.032906271517276764,-0.0414607897400856,-0.009020456112921238,-0.12166228145360947,0.08534374088048935,-0.16994300484657288,0.09987036883831024,-0.19346225261688232,0.054732292890548706,-0.2162637710571289,0.0564735047519207,-0.21494705975055695,0.02724112570285797,-0.18515504896640778,0.04182551056146622,-0.05275179073214531,0.052760619670152664,-0.206995889544487,0.028938785195350647,-0.13010801374912262,0.02498229593038559,-0.12462979555130005,0.02079993300139904,-0.1639292687177658,-0.038250960409641266,Walk-From-Chair
113,0.9993833899497986,0.9992169141769409,0.9992398619651794,0.9993430972099304,0.9988266825675964,0.9985129237174988,0.9986846446990967,0.9994769096374512,0.9975824356079102,0.9993354082107544,0.9987615346908569,0.9998758435249329,0.9992539882659912,0.9676883220672607,0.08547743409872055,0.9139890074729919,0.1278965026140213,0.8782973289489746,0.14514677226543427,0.8731898665428162,0.15061546862125397,0.8377993106842041,0.15221896767616272,0.9993489384651184,0.9985121488571167,0.8768311142921448,0.5285923480987549,0.8986024260520935,0.68787682056427,0.8698895573616028,0.7111133337020874,0.9202589988708496,0.7705361247062683,0.1388428509235382,0.1454109400510788,0.14853523671627045,0.15153886377811432,0.14049820601940155,0.14032450318336487,0.1402760148048401,0.16633340716362,0.1571933925151825,0.14808298647403717,0.14251656830310822,0.1919489949941635,0.17277565598487854,0.20016925036907196,0.19058501720428467,0.17657867074012756,0.18729284405708313,0.17027921974658966,0.18696483969688416,0.16752444207668304,0.18260884284973145,0.16830027103424072,0.1836586892604828,0.18881811201572418,0.1755600869655609,0.18520522117614746,0.16313053667545319,0.18612900376319885,0.16420388221740723,0.19491703808307648,0.17390218377113342,0.14844346046447754,0.1295253038406372,0.3072454035282135,0.29296258091926575,0.2926146388053894,0.2921229302883148,0.2932940721511841,0.2929691970348358,0.29230135679244995,0.29524216055870056,0.2945255935192108,0.3192296624183655,0.320089191198349,0.3655434846878052,0.35759466886520386,0.4721144437789917,0.4627583920955658,0.5706993341445923,0.5345280766487122,0.5883275866508484,0.5560734272003174,0.5863416194915771,0.5547864437103271,0.5797167420387268,0.5465442538261414,0.5553079843521118,0.5503309369087219,0.6941988468170166,0.7042763233184814,0.8392975330352783,0.8239372372627258,0.8678659796714783,0.8641214966773987,0.8680227398872375,0.876697838306427,-0.07625268399715424,-0.09149628132581711,-0.09154042601585388,-0.09158749878406525,-0.06627554446458817,-0.06621180474758148,-0.06620006263256073,-0.11522720754146576,-0.005730929784476757,-0.0816749781370163,-0.04941490665078163,-0.15964427590370178,0.07977413386106491,-0.17911507189273834,0.11123239994049072,-0.1466747224330902,0.0665593296289444,-0.1686442494392395,0.06703747808933258,-0.16621118783950806,0.038185976445674896,-0.14246749877929688,0.053143084049224854,-0.05561887472867966,0.055455587804317474,-0.08588136732578278,0.06707583367824554,-0.050787538290023804,0.1054501086473465,-0.05191487818956375,0.10561750829219818,-0.12661848962306976,0.052627939730882645,Walk-From-Chair
114,0.9994131326675415,0.999248743057251,0.9992678761482239,0.9993730783462524,0.9988835453987122,0.9985834360122681,0.9987455606460571,0.9994978904724121,0.9977136850357056,0.9993715286254883,0.9988238215446472,0.9998824596405029,0.9992098212242126,0.9677634239196777,0.0850304439663887,0.913169801235199,0.12197832763195038,0.8761605024337769,0.13844560086727142,0.870983898639679,0.14333368837833405,0.8362113833427429,0.1452106535434723,0.9992685317993164,0.9981544613838196,0.8367719054222107,0.49518436193466187,0.8656506538391113,0.6395447850227356,0.8446229100227356,0.6658915877342224,0.8895851969718933,0.7249458432197571,0.13078700006008148,0.13791599869728088,0.14135894179344177,0.14485213160514832,0.1329154521226883,0.13270774483680725,0.132668137550354,0.1615491360425949,0.1500658094882965,0.14054206013679504,0.13446199893951416,0.187171071767807,0.16502830386161804,0.1915569007396698,0.17609857022762299,0.1716441512107849,0.17124339938163757,0.16865132749080658,0.16897206008434296,0.16583551466464996,0.16662341356277466,0.16675397753715515,0.16841717064380646,0.17813760042190552,0.16662296652793884,0.1708110272884369,0.1551571637392044,0.17103520035743713,0.1567651331424713,0.18036925792694092,0.16471172869205475,0.13923236727714539,0.12512919306755066,0.30899232625961304,0.29396507143974304,0.2936547100543976,0.2930654287338257,0.293826699256897,0.2931847870349884,0.29237186908721924,0.2965976297855377,0.2950019836425781,0.3227272629737854,0.32253727316856384,0.365660697221756,0.36735379695892334,0.484211266040802,0.4781404435634613,0.5796766877174377,0.5566049218177795,0.6008337140083313,0.5821245908737183,0.5966023802757263,0.5803423523902893,0.5914087891578674,0.5706998705863953,0.5725225806236267,0.5663154125213623,0.7289068102836609,0.7287970781326294,0.8779403567314148,0.8490017652511597,0.8972289562225342,0.8754858374595642,0.9018867015838623,0.8911144733428955,-0.0772593691945076,-0.09255202114582062,-0.0926104485988617,-0.09266502410173416,-0.0663738027215004,-0.06631454825401306,-0.06632254272699356,-0.1152413934469223,-0.0018267857376486063,-0.081928551197052,-0.04854871705174446,-0.1617545783519745,0.08336912095546722,-0.16923296451568604,0.11486296355724335,-0.11820583045482635,0.07051829993724823,-0.1379278600215912,0.07129187881946564,-0.13823240995407104,0.03868717700242996,-0.1153164952993393,0.0555545911192894,-0.06342305988073349,0.06332468241453171,-0.06873049587011337,0.07484135031700134,-0.027846302837133408,0.1314350962638855,-0.028620485216379166,0.1334637701511383,-0.10583194345235825,0.07782603055238724,Walk-From-Chair
115,0.9994261264801025,0.9992315769195557,0.9992541670799255,0.999360203742981,0.9988579154014587,0.9985698461532593,0.9987218976020813,0.9994701147079468,0.9976872801780701,0.9993953704833984,0.9988471865653992,0.999877393245697,0.9992260336875916,0.9633840322494507,0.11317139118909836,0.9059560894966125,0.14361891150474548,0.8669617772102356,0.1564396619796753,0.8623224496841431,0.16169139742851257,0.8280214071273804,0.16362346708774567,0.9990939497947693,0.997937798500061,0.7915206551551819,0.4869709014892578,0.8186433911323547,0.6082127690315247,0.7922318577766418,0.6244732737541199,0.8397241830825806,0.6871740818023682,0.1287151724100113,0.13382883369922638,0.1374785602092743,0.141388937830925,0.12848523259162903,0.1280328929424286,0.127712681889534,0.15731821954250336,0.14268004894256592,0.13974153995513916,0.133184552192688,0.19858722388744354,0.143433079123497,0.19626684486865997,0.1475299894809723,0.17764228582382202,0.14697714149951935,0.17362824082374573,0.14643684029579163,0.1689082831144333,0.14926189184188843,0.16834864020347595,0.1500902771949768,0.18440955877304077,0.14646780490875244,0.1763196736574173,0.14848153293132782,0.1644275188446045,0.14809851348400116,0.16213759779930115,0.15075665712356567,0.15705955028533936,0.1377565860748291,0.3103509247303009,0.2941250205039978,0.29408901929855347,0.293710321187973,0.29454055428504944,0.2941468060016632,0.2936926782131195,0.2972097396850586,0.2962242662906647,0.3241753578186035,0.3248029053211212,0.3772614300251007,0.380553662776947,0.48445647954940796,0.488653302192688,0.5794850587844849,0.5650678873062134,0.5994328260421753,0.5898019671440125,0.5960758328437805,0.5891638994216919,0.5903289914131165,0.5803025960922241,0.5731544494628906,0.5669035315513611,0.7211604714393616,0.7303761839866638,0.8608895540237427,0.8497759699821472,0.8859760761260986,0.870556652545929,0.899658203125,0.898452877998352,-0.14322306215763092,-0.1498480886220932,-0.14992259442806244,-0.14997009932994843,-0.13048432767391205,-0.13048675656318665,-0.13056771457195282,-0.13506141304969788,-0.04758857935667038,-0.1342717707157135,-0.10889923572540283,-0.13232740759849548,0.010314551182091236,-0.12421953678131104,0.05747639015316963,-0.132265105843544,0.011469660326838493,-0.15523159503936768,0.003948423080146313,-0.16059215366840363,-0.026285653933882713,-0.1330556422472,-0.0018305206904187799,-0.033828381448984146,0.03386219963431358,-0.08935590088367462,0.00837328378111124,-0.008609181270003319,0.08814817667007446,-0.005854816175997257,0.09255474805831909,-0.10238994657993317,0.004236438311636448,Walk-From-Chair
116,0.9992270469665527,0.9984886050224304,0.9985097050666809,0.9986968636512756,0.9979447722434998,0.9976600408554077,0.9978808164596558,0.9981092214584351,0.9960700273513794,0.999244213104248,0.9985955357551575,0.9998558163642883,0.9992474317550659,0.9477803707122803,0.18513469398021698,0.8935077786445618,0.20156551897525787,0.8521950244903564,0.20727376639842987,0.8482489585876465,0.21235592663288116,0.8135181069374084,0.21234667301177979,0.9989082217216492,0.9978429079055786,0.7652063965797424,0.5046242475509644,0.7908024191856384,0.6033211350440979,0.7496547698974609,0.5882129073143005,0.8093751668930054,0.6747440099716187,0.13575565814971924,0.14129868149757385,0.1450536549091339,0.14890576899051666,0.13477033376693726,0.13390764594078064,0.13331875205039978,0.16106238961219788,0.1451408714056015,0.1465715765953064,0.13877952098846436,0.20137342810630798,0.13154391944408417,0.20340673625469208,0.13155479729175568,0.18283627927303314,0.1422511488199234,0.17965658009052277,0.13837873935699463,0.17364764213562012,0.14683140814304352,0.17267420887947083,0.1497499942779541,0.183408722281456,0.14675381779670715,0.18377098441123962,0.14621689915657043,0.17910094559192657,0.15115031599998474,0.17583061754703522,0.14993298053741455,0.16992473602294922,0.1519680917263031,0.31566721200942993,0.29829680919647217,0.29729709029197693,0.29582077264785767,0.2995159924030304,0.2993452250957489,0.2990448772907257,0.29869598150253296,0.3022654950618744,0.32835596799850464,0.33047404885292053,0.38187968730926514,0.38564300537109375,0.47552230954170227,0.4932955801486969,0.5616334676742554,0.5757805705070496,0.5935553312301636,0.6150153875350952,0.5946370363235474,0.6031906604766846,0.587211012840271,0.5925616025924683,0.5760219693183899,0.5741485953330994,0.7210054397583008,0.738655149936676,0.8545161485671997,0.855570375919342,0.882610023021698,0.8717180490493774,0.8992560505867004,0.9053987860679626,-0.2118080109357834,-0.20722956955432892,-0.20728740096092224,-0.20733991265296936,-0.20176270604133606,-0.2018086016178131,-0.2019539326429367,-0.14354398846626282,-0.11643985658884048,-0.18470419943332672,-0.17713600397109985,-0.07945234328508377,-0.08835544437170029,-0.055712632834911346,-0.061962760984897614,-0.11737160384654999,-0.11058846861124039,-0.1407509744167328,-0.13172398507595062,-0.15639686584472656,-0.15683677792549133,-0.12357425689697266,-0.1210143193602562,0.010334455408155918,-0.010381362400949001,-0.062433771789073944,-0.05768384784460068,0.03420436382293701,0.03970581665635109,0.03791329264640808,0.04491224139928818,-0.07209368795156479,-0.06649934500455856,Walk-From-Chair
117,0.9992483258247375,0.9984946846961975,0.9985142350196838,0.998705267906189,0.9979245066642761,0.9976229667663574,0.99783855676651,0.9981651306152344,0.9958431124687195,0.9992814064025879,0.998634934425354,0.9998560547828674,0.9992253184318542,0.946252703666687,0.21052823960781097,0.8860093355178833,0.22520820796489716,0.8400095105171204,0.22794398665428162,0.8363587856292725,0.2334459125995636,0.8016971945762634,0.23294545710086823,0.9989128708839417,0.9978775978088379,0.768845796585083,0.53736412525177,0.792931079864502,0.6235582232475281,0.7266762852668762,0.5827064514160156,0.8069950342178345,0.687099039554596,0.12734034657478333,0.13348281383514404,0.13783764839172363,0.1422530859708786,0.1255788505077362,0.12423783540725708,0.12297986447811127,0.15622682869434357,0.13416002690792084,0.1396237164735794,0.12995681166648865,0.2006370723247528,0.1274600327014923,0.20403683185577393,0.128219872713089,0.17823359370231628,0.13090533018112183,0.17765957117080688,0.1263541579246521,0.16866560280323029,0.13249465823173523,0.1678800880908966,0.13534776866436005,0.18187306821346283,0.14245440065860748,0.18300819396972656,0.13969813287258148,0.1844855397939682,0.14900563657283783,0.18376632034778595,0.15010282397270203,0.17386481165885925,0.14118048548698425,0.3168303370475769,0.29932257533073425,0.29817995429039,0.29669344425201416,0.30130475759506226,0.3014979362487793,0.3016335070133209,0.30038222670555115,0.30572375655174255,0.3297630846500397,0.33221563696861267,0.3859627842903137,0.39183109998703003,0.47961071133613586,0.4987398386001587,0.5769680738449097,0.5835791230201721,0.6031457185745239,0.6251659393310547,0.601932168006897,0.6133339405059814,0.5931512713432312,0.6014311909675598,0.5910913348197937,0.5855575799942017,0.7415161728858948,0.7437018752098083,0.8644291758537292,0.864330530166626,0.8834186792373657,0.8820402026176453,0.9096166491508484,0.9123896956443787,-0.22771890461444855,-0.22784467041492462,-0.22793594002723694,-0.22800776362419128,-0.21072585880756378,-0.2107238471508026,-0.21080322563648224,-0.18299846351146698,-0.10578423738479614,-0.2087927758693695,-0.18619883060455322,-0.13733933866024017,-0.03134408965706825,-0.1133323460817337,0.014523404650390148,-0.159532830119133,-0.058209143579006195,-0.18881753087043762,-0.07687464356422424,-0.20773641765117645,-0.10822544246912003,-0.16735994815826416,-0.07301981747150421,-0.0256828423589468,0.025680193677544594,-0.06578456610441208,0.011405847035348415,0.08850772678852081,0.17112642526626587,0.09714139997959137,0.18191920220851898,-0.02233240380883217,0.06982770562171936,Walk-From-Chair
118,0.9992358088493347,0.998400092124939,0.9983910918235779,0.9985969066619873,0.9978236556053162,0.9975091814994812,0.99774169921875,0.9978960752487183,0.9957237243652344,0.9992761015892029,0.9986398220062256,0.9998411536216736,0.9992749691009521,0.9344862699508667,0.25055792927742004,0.8685343861579895,0.24866174161434174,0.8180870413780212,0.24729451537132263,0.8144757151603699,0.2523781657218933,0.7796386480331421,0.25125405192375183,0.9987797737121582,0.9978633522987366,0.7277031540870667,0.5575765371322632,0.7634206414222717,0.6270596385002136,0.6967005729675293,0.5622448921203613,0.7795792818069458,0.6833099722862244,0.1268896907567978,0.13165010511875153,0.1353107988834381,0.1389276534318924,0.1241205707192421,0.12266192585229874,0.12135355174541473,0.14991721510887146,0.13146235048770905,0.13777926564216614,0.12893207371234894,0.19281139969825745,0.12457902729511261,0.20575964450836182,0.12303735315799713,0.17123033106327057,0.13477672636508942,0.16412101686000824,0.12878966331481934,0.1576969027519226,0.13188815116882324,0.15646180510520935,0.13914380967617035,0.16747014224529266,0.1312739998102188,0.17041268944740295,0.14238622784614563,0.16450834274291992,0.13841459155082703,0.1581014096736908,0.1339351236820221,0.1768859326839447,0.14935624599456787,0.31951168179512024,0.3009515702724457,0.29968124628067017,0.29821717739105225,0.3031112253665924,0.3032301068305969,0.3032796084880829,0.3020959198474884,0.3067096173763275,0.3317040205001831,0.33471378684043884,0.38563811779022217,0.391161173582077,0.4837290346622467,0.49551036953926086,0.5454262495040894,0.5829866528511047,0.5942938327789307,0.6192070841789246,0.5583251714706421,0.6146318912506104,0.5729687809944153,0.5996569395065308,0.5872352123260498,0.5851418375968933,0.7367872595787048,0.7395191788673401,0.8654441237449646,0.8700240850448608,0.8857458829879761,0.8871219754219055,0.9070157408714294,0.9164136648178101,-0.17944729328155518,-0.17991125583648682,-0.17998753488063812,-0.18003356456756592,-0.16734853386878967,-0.16736792027950287,-0.1674654483795166,-0.1382957398891449,-0.07735586911439896,-0.1608501821756363,-0.14311251044273376,-0.06259442865848541,-0.042882390320301056,-0.07571791112422943,-0.01338210143148899,-0.1532703936100006,-0.06554628908634186,-0.1808469146490097,-0.08528468757867813,-0.1939813494682312,-0.1119333878159523,-0.15882188081741333,-0.07729796320199966,0.016952576115727425,-0.01699935272336006,-0.03479056805372238,-0.05867490917444229,0.0497271791100502,0.03233760967850685,0.05238490551710129,0.03643723577260971,-0.05036027356982231,-0.07095146179199219,Walk-From-Chair
119,0.9991122484207153,0.9979580044746399,0.9979888796806335,0.9982171654701233,0.9973300099372864,0.9970272183418274,0.9972368478775024,0.9970604181289673,0.9947862029075623,0.999213695526123,0.9985595345497131,0.9998317360877991,0.9993047714233398,0.9329567551612854,0.3072780668735504,0.8589012026786804,0.2879785895347595,0.8040506839752197,0.2795476019382477,0.8016551733016968,0.28487497568130493,0.7672516703605652,0.28221675753593445,0.9987235069274902,0.9978839159011841,0.7176551222801208,0.5834493637084961,0.7588691711425781,0.6424468755722046,0.6746893525123596,0.544118344783783,0.7684731483459473,0.6902569532394409,0.1236686259508133,0.12749162316322327,0.13113537430763245,0.13482561707496643,0.11983148753643036,0.11825115978717804,0.11679736524820328,0.1456781029701233,0.12493640184402466,0.13404835760593414,0.12441606819629669,0.19404955208301544,0.10673125833272934,0.2064201384782791,0.1015772670507431,0.17158852517604828,0.11110750585794449,0.16714899241924286,0.10785837471485138,0.16613458096981049,0.11711935698986053,0.1654285043478012,0.11901459842920303,0.16702578961849213,0.12272372096776962,0.1730775684118271,0.13141261041164398,0.1712915003299713,0.11624564975500107,0.1659807711839676,0.11301971971988678,0.178353413939476,0.13310465216636658,0.3203815221786499,0.30169838666915894,0.3003542721271515,0.29883873462677,0.30395516753196716,0.30414018034935,0.3042404055595398,0.30277496576309204,0.30812689661979675,0.3320326507091522,0.33478057384490967,0.3879629671573639,0.39301854372024536,0.488892525434494,0.4956839680671692,0.5646796822547913,0.5821411609649658,0.5985774993896484,0.6124163866043091,0.5857089757919312,0.6104903817176819,0.5812568664550781,0.5987306833267212,0.5861279368400574,0.5834007859230042,0.7369329929351807,0.733528733253479,0.8694844841957092,0.8721705079078674,0.8876801133155823,0.8875073194503784,0.9045878648757935,0.9179964065551758,-0.26591476798057556,-0.2593379616737366,-0.2593839466571808,-0.25942862033843994,-0.25195425748825073,-0.25198668241500854,-0.25209110975265503,-0.18159924447536469,-0.14724645018577576,-0.23435106873512268,-0.22422559559345245,-0.09611154347658157,-0.0946812778711319,-0.05936484411358833,-0.032920535653829575,-0.11527612060308456,-0.07944683730602264,-0.13777461647987366,-0.10017561912536621,-0.1600712239742279,-0.1295289397239685,-0.12382384389638901,-0.09197051078081131,0.020246926695108414,-0.02030210569500923,-0.0400502048432827,-0.09589328616857529,0.08509570360183716,0.040069617331027985,0.0906374379992485,0.047702401876449585,-0.030104225501418114,-0.0823911651968956,Walk-From-Chair
120,0.9988808035850525,0.996717631816864,0.996925950050354,0.997096598148346,0.9961681365966797,0.9960504174232483,0.9962471723556519,0.9946070313453674,0.9927648901939392,0.9989384412765503,0.9982364773750305,0.999812126159668,0.9993276000022888,0.9292812347412109,0.36636707186698914,0.8474891185760498,0.3394548296928406,0.7892473340034485,0.3255019783973694,0.7885734438896179,0.3311890959739685,0.7555387020111084,0.32617199420928955,0.9985638856887817,0.9978346228599548,0.7303494811058044,0.6101279854774475,0.7664807438850403,0.6551218628883362,0.6483985781669617,0.524957001209259,0.7690107822418213,0.6951947212219238,0.12768729031085968,0.13185755908489227,0.13551031053066254,0.13921615481376648,0.12328894436359406,0.12100458145141602,0.11875402927398682,0.14761342108249664,0.12249737977981567,0.137123703956604,0.12614741921424866,0.1885555386543274,0.10162868350744247,0.20663106441497803,0.09610792249441147,0.2047799527645111,0.1080223098397255,0.20518696308135986,0.10768161714076996,0.19875767827033997,0.11498571932315826,0.19667920470237732,0.1166171208024025,0.17286726832389832,0.1200418695807457,0.17743687331676483,0.12870314717292786,0.17760531604290009,0.12353073060512543,0.1681995540857315,0.1300848424434662,0.19242146611213684,0.1291152983903885,0.31222817301750183,0.29537829756736755,0.294838547706604,0.29439693689346313,0.2973157465457916,0.2980009615421295,0.29868337512016296,0.30124491453170776,0.30594125390052795,0.323951780796051,0.32657068967819214,0.3833511173725128,0.39091208577156067,0.4773993492126465,0.4933149218559265,0.5582826137542725,0.5781224370002747,0.5880380868911743,0.6071921586990356,0.5823882222175598,0.6052539348602295,0.5733745694160461,0.5943468809127808,0.5842956900596619,0.5810509920120239,0.7284363508224487,0.7314676642417908,0.8700775504112244,0.8691271543502808,0.8864904046058655,0.8826407790184021,0.9041309952735901,0.9174098968505859,-0.2334326207637787,-0.2264905720949173,-0.22652676701545715,-0.22655364871025085,-0.22250118851661682,-0.22253915667533875,-0.22265055775642395,-0.16735334694385529,-0.13123063743114471,-0.20285527408123016,-0.19694320857524872,-0.07263223826885223,-0.08181743323802948,-0.020174507051706314,-0.027160923928022385,-0.08982765674591064,-0.06791951507329941,-0.11053435504436493,-0.08710464835166931,-0.13937601447105408,-0.11717444658279419,-0.10207749903202057,-0.08012600243091583,0.0071817366406321526,-0.007244739681482315,-0.04031982272863388,-0.04913611710071564,0.07875104248523712,0.06305128335952759,0.08325106650590897,0.06197471544146538,-0.045999232679605484,-0.03819163888692856,Walk-From-Chair
121,0.9989110231399536,0.9967901706695557,0.9969242811203003,0.9970927238464355,0.9963647723197937,0.9962431788444519,0.9964650273323059,0.9944561123847961,0.993246853351593,0.9989280104637146,0.9983330965042114,0.9997563362121582,0.999377429485321,0.9130601286888123,0.42109251022338867,0.8216610550880432,0.3885428011417389,0.7572487592697144,0.36894384026527405,0.7561278343200684,0.3745511770248413,0.7223159074783325,0.3678239583969116,0.99839848279953,0.9978433847427368,0.7208461761474609,0.6236853003501892,0.7632298469543457,0.6638795137405396,0.6373370289802551,0.5184798240661621,0.767547070980072,0.6997981071472168,0.12764762341976166,0.13032229244709015,0.13291260600090027,0.1355297863483429,0.12356588989496231,0.12144489586353302,0.11943785101175308,0.1399122178554535,0.11807713657617569,0.13278935849666595,0.12479722499847412,0.1787620186805725,0.09230479598045349,0.2005387544631958,0.08521955460309982,0.18636764585971832,0.0916639119386673,0.17908194661140442,0.08898141235113144,0.17856721580028534,0.09363953769207001,0.17868860065937042,0.09741002321243286,0.16364915668964386,0.11744590848684311,0.16557222604751587,0.1329014152288437,0.1651061773300171,0.13813024759292603,0.1638212502002716,0.14233212172985077,0.18178163468837738,0.13334375619888306,0.3126010596752167,0.2968408167362213,0.2963370382785797,0.2959572374820709,0.2987186014652252,0.29937300086021423,0.30002424120903015,0.30320873856544495,0.30761879682540894,0.3244466781616211,0.3267666697502136,0.38108739256858826,0.3916214108467102,0.47156083583831787,0.4926169514656067,0.47971853613853455,0.5808470249176025,0.4832180440425873,0.6103754639625549,0.4721902310848236,0.6167618036270142,0.4719691574573517,0.6065988540649414,0.5828794240951538,0.5853017568588257,0.7293339967727661,0.7317513823509216,0.8753306269645691,0.8762255311012268,0.8917642831802368,0.8926629424095154,0.9016090035438538,0.9166158437728882,-0.24408313632011414,-0.23309656977653503,-0.23315246403217316,-0.2332049161195755,-0.23381631076335907,-0.23385462164878845,-0.23397907614707947,-0.1562090516090393,-0.14223627746105194,-0.2063533067703247,-0.20737037062644958,-0.06308083236217499,-0.07962800562381744,-0.05848252773284912,-0.04409117251634598,-0.13323572278022766,-0.09195376187562943,-0.1536724865436554,-0.10642115026712418,-0.15661825239658356,-0.13315777480602264,-0.13884958624839783,-0.10228840261697769,0.0038930270820856094,-0.003988004755228758,-0.03238948807120323,-0.0309198759496212,0.047970257699489594,0.061106156557798386,0.054294127970933914,0.0638573095202446,-0.06647704541683197,-0.043507661670446396,Walk-From-Chair
122,0.9989851117134094,0.9969898462295532,0.9971082210540771,0.9972726702690125,0.9966112375259399,0.9964981079101562,0.9967087507247925,0.9948208332061768,0.9937326312065125,0.9990071058273315,0.9984632730484009,0.9997685551643372,0.9994246363639832,0.9149737358093262,0.4727306663990021,0.814497709274292,0.43594542145729065,0.7463269829750061,0.41265302896499634,0.7470030188560486,0.41888898611068726,0.7162638902664185,0.4111095368862152,0.9983946084976196,0.9978692531585693,0.72376549243927,0.6414698362350464,0.7607641220092773,0.6664456725120544,0.6163560748100281,0.5020034909248352,0.7607690095901489,0.6977286338806152,0.1256028562784195,0.12835316359996796,0.1311033070087433,0.13365218043327332,0.12057818472385406,0.11823301017284393,0.11589948832988739,0.13649126887321472,0.1147906631231308,0.13123106956481934,0.12192771583795547,0.1778414398431778,0.08478269726037979,0.20226511359214783,0.07769424468278885,0.20508530735969543,0.08406414091587067,0.2079874724149704,0.08219685405492783,0.21250292658805847,0.08641058951616287,0.1972023993730545,0.09270079433917999,0.16829660534858704,0.12132193893194199,0.16618601977825165,0.1324969232082367,0.16964322328567505,0.14367404580116272,0.17244252562522888,0.14754033088684082,0.18260996043682098,0.1451411098241806,0.3126564025878906,0.2967755198478699,0.29632148146629333,0.2959527373313904,0.2979879081249237,0.2983367145061493,0.29876983165740967,0.3024364709854126,0.3062970042228699,0.3241412341594696,0.3261648118495941,0.3790670931339264,0.3909015953540802,0.47166574001312256,0.49279338121414185,0.5264783501625061,0.5856485962867737,0.5259296894073486,0.6143932938575745,0.5478242039680481,0.6163356304168701,0.5337904095649719,0.6040163040161133,0.58220374584198,0.5835414528846741,0.7297476530075073,0.7347157597541809,0.8738325834274292,0.8741295337677002,0.8872781991958618,0.8893246054649353,0.900232195854187,0.9257371425628662,-0.31580033898353577,-0.30290013551712036,-0.30295759439468384,-0.30302324891090393,-0.3040282726287842,-0.30406323075294495,-0.3041403591632843,-0.19787058234214783,-0.20175400376319885,-0.2734804153442383,-0.27493974566459656,-0.08686698973178864,-0.11914266645908356,-0.044218894094228745,-0.051243435591459274,-0.1104331761598587,-0.105588898062706,-0.1305694580078125,-0.12503008544445038,-0.1580159068107605,-0.16099663078784943,-0.12314282357692719,-0.12043653428554535,0.0009963036281988025,-0.0010400644969195127,-0.034684691578149796,-0.025722157210111618,0.08451194316148758,0.09883080422878265,0.08946153521537781,0.10609996318817139,-0.03915824741125107,-0.03431255370378494,Walk-From-Chair
123,0.9990332126617432,0.9971075057983398,0.9971997737884521,0.9973515868186951,0.996781051158905,0.9966801404953003,0.9968879818916321,0.994993269443512,0.9941063523292542,0.9990650415420532,0.9985747337341309,0.9997695684432983,0.9994646310806274,0.9124985933303833,0.5200121998786926,0.8042383193969727,0.47824764251708984,0.7337099313735962,0.4518691599369049,0.7360701560974121,0.458400696516037,0.7077279090881348,0.44926831126213074,0.9983773827552795,0.9979004859924316,0.7256981134414673,0.6627406477928162,0.75844407081604,0.6762842535972595,0.607154905796051,0.49270984530448914,0.7586458921432495,0.7020475268363953,0.12106110155582428,0.12476589530706406,0.12779095768928528,0.1307472288608551,0.11660157144069672,0.11411859095096588,0.11169818788766861,0.1334914267063141,0.10954134166240692,0.12716291844844818,0.11709617078304291,0.17453916370868683,0.07662086188793182,0.20163407921791077,0.06992407143115997,0.2032550573348999,0.08480870723724365,0.20722612738609314,0.08440512418746948,0.2093336284160614,0.08932685852050781,0.19559669494628906,0.09210272133350372,0.1668335348367691,0.11318063735961914,0.16774672269821167,0.12164019048213959,0.16705664992332458,0.1259947568178177,0.1608106791973114,0.13360388576984406,0.17902618646621704,0.1406056135892868,0.30969810485839844,0.29413387179374695,0.2938271760940552,0.293652206659317,0.29483193159103394,0.2950232923030853,0.2953951954841614,0.3003407120704651,0.3036651909351349,0.32120317220687866,0.32289886474609375,0.37570720911026,0.39025697112083435,0.4713282883167267,0.4924325942993164,0.5447479486465454,0.5821477770805359,0.5391606092453003,0.6110619902610779,0.5531450510025024,0.6104156970977783,0.5536525249481201,0.5992799997329712,0.5817946791648865,0.583052396774292,0.7303570508956909,0.7343704104423523,0.8680979013442993,0.8726254105567932,0.883041501045227,0.8866917490959167,0.8991593718528748,0.9213734269142151,-0.327610045671463,-0.31370338797569275,-0.313750684261322,-0.3137919306755066,-0.31578630208969116,-0.3158222734928131,-0.3159199059009552,-0.20123326778411865,-0.21087512373924255,-0.2828505039215088,-0.2857448160648346,-0.09601206332445145,-0.1321420818567276,-0.02877001091837883,-0.07062886655330658,-0.10413108021020889,-0.13620731234550476,-0.12766848504543304,-0.16000238060951233,-0.15866868197917938,-0.19619221985340118,-0.11809257417917252,-0.151260644197464,0.010058121755719185,-0.010056626982986927,-0.026281869038939476,-0.036039091646671295,0.1456700712442398,0.12761405110359192,0.15596559643745422,0.1383264660835266,0.03263700753450394,-0.0011319777695462108,Walk-From-Chair
124,0.9991017580032349,0.9973350167274475,0.9974111914634705,0.9975576996803284,0.9970356225967407,0.9969338774681091,0.9971264004707336,0.9953998327255249,0.9945535063743591,0.999133288860321,0.9986824989318848,0.9997659921646118,0.9994667172431946,0.9074682593345642,0.5406599640846252,0.7890855073928833,0.4851793050765991,0.71596759557724,0.45702728629112244,0.7190532684326172,0.4644777178764343,0.6914682984352112,0.45405858755111694,0.9983664751052856,0.9978814125061035,0.734258770942688,0.6797886490821838,0.7680874466896057,0.6930472254753113,0.6150158643722534,0.5004688501358032,0.7652062773704529,0.7125263214111328,0.12068162858486176,0.12174198776483536,0.12266460806131363,0.12335171550512314,0.11893882602453232,0.11775834858417511,0.11621777713298798,0.12430764734745026,0.11489659547805786,0.12234070152044296,0.1185351237654686,0.1690339744091034,0.07291105389595032,0.20003005862236023,0.06614009290933609,0.19541212916374207,0.09152919054031372,0.19364246726036072,0.09213908016681671,0.1881481558084488,0.09347429126501083,0.18266446888446808,0.09391899406909943,0.15503492951393127,0.12228956073522568,0.16536150872707367,0.1295272707939148,0.16254927217960358,0.13458803296089172,0.1581355184316635,0.1349102109670639,0.17226485908031464,0.14262302219867706,0.30708345770835876,0.2927889823913574,0.2926689088344574,0.2927051782608032,0.292776882648468,0.2926410138607025,0.29275503754615784,0.29943525791168213,0.30049383640289307,0.31853875517845154,0.31909701228141785,0.37360602617263794,0.39000195264816284,0.47058457136154175,0.49052077531814575,0.5568583011627197,0.5806339979171753,0.57568359375,0.6041979193687439,0.5767619013786316,0.6006320714950562,0.5691472887992859,0.5929517149925232,0.5812166929244995,0.5823619961738586,0.7349597215652466,0.7332103252410889,0.8777440786361694,0.8760403990745544,0.8969414234161377,0.8876726031303406,0.9209126830101013,0.9251165986061096,-0.24775202572345734,-0.24000003933906555,-0.24005644023418427,-0.24012620747089386,-0.2660849690437317,-0.2662256956100464,-0.2664094865322113,-0.1621503233909607,-0.16033978760242462,-0.21420446038246155,-0.2578687071800232,-0.09750806540250778,-0.09401135891675949,-0.05516884848475456,-0.049484606832265854,-0.11579878628253937,-0.1054285392165184,-0.13889512419700623,-0.12427769601345062,-0.15949822962284088,-0.15718916058540344,-0.12510675191879272,-0.11961599439382553,0.0020321880001574755,-0.0020594566594809294,-0.029476914554834366,-0.013496470637619495,0.08928919583559036,0.11510161310434341,0.095155730843544,0.12348339706659317,-0.01570853218436241,-0.000922404055017978,Walk-From-Chair
125,0.9991621971130371,0.9975084066390991,0.9975632429122925,0.9977120161056519,0.9972572326660156,0.9971611499786377,0.9973514080047607,0.9956833124160767,0.9949604868888855,0.9991967678070068,0.9987893104553223,0.9997680187225342,0.9995018243789673,0.9111124873161316,0.5801955461502075,0.7918587923049927,0.5226648449897766,0.7181908488273621,0.4907839894294739,0.7215056419372559,0.4983842968940735,0.6958155035972595,0.48879626393318176,0.9983748197555542,0.9979466199874878,0.7526611089706421,0.7019559741020203,0.7797419428825378,0.7085928320884705,0.5977518558502197,0.4948267638683319,0.7695883512496948,0.7219234108924866,0.11301925033330917,0.11606858670711517,0.11858401447534561,0.12092695385217667,0.11008676141500473,0.10855837911367416,0.10659672319889069,0.12464265525341034,0.10618875920772552,0.11863324791193008,0.11035774648189545,0.17092876136302948,0.06844679266214371,0.20101182162761688,0.058455049991607666,0.1953398585319519,0.07721339911222458,0.19702719151973724,0.07958125323057175,0.1879468858242035,0.08585003018379211,0.18266260623931885,0.08989905565977097,0.1612379103899002,0.11616523563861847,0.1753048300743103,0.1285676658153534,0.1818428784608841,0.12826137244701385,0.17337191104888916,0.1292887032032013,0.1813066601753235,0.13493767380714417,0.30698028206825256,0.2922329306602478,0.29204243421554565,0.29207533597946167,0.29243040084838867,0.29231125116348267,0.2924366593360901,0.2985115945339203,0.2992976903915405,0.3182299733161926,0.3188689053058624,0.37367743253707886,0.3900100290775299,0.46972355246543884,0.4916096329689026,0.5623559951782227,0.5807165503501892,0.5822988152503967,0.6053762435913086,0.5816122889518738,0.6016857028007507,0.574639618396759,0.5927326083183289,0.5811240673065186,0.5827417969703674,0.7322908043861389,0.7325122952461243,0.8733472228050232,0.8752065300941467,0.8964794874191284,0.886964738368988,0.9128273129463196,0.9283643960952759,-0.2563726305961609,-0.24860580265522003,-0.24862448871135712,-0.24867257475852966,-0.25093039870262146,-0.2509678304195404,-0.2510591745376587,-0.1746900975704193,-0.1678284853696823,-0.2260589599609375,-0.23024389147758484,-0.11905179917812347,-0.10841725021600723,-0.06266634911298752,-0.0603615827858448,-0.11030739545822144,-0.09595924615859985,-0.12773391604423523,-0.1121554970741272,-0.1484319418668747,-0.13968755304813385,-0.11802460253238678,-0.10735534131526947,-0.0016278901603072882,0.0016101949149742723,-0.025709057226777077,-0.011140117421746254,0.08321881294250488,0.11001940071582794,0.08753474801778793,0.11699400097131729,-0.019453000277280807,0.008149644359946251,Walk-From-Chair
126,0.9992257356643677,0.9976791143417358,0.997713029384613,0.9978547096252441,0.997469961643219,0.997382640838623,0.9975666999816895,0.9959303140640259,0.9953747391700745,0.9992561936378479,0.998893678188324,0.9997729659080505,0.9995408654212952,0.9154098629951477,0.6196605563163757,0.8008484244346619,0.5645979642868042,0.7281203866004944,0.532055675983429,0.7317813038825989,0.5394140481948853,0.7071654796600342,0.5295571088790894,0.9984390735626221,0.9980641603469849,0.7716577053070068,0.7253383994102478,0.7946882843971252,0.7280346155166626,0.6022031307220459,0.5006886720657349,0.7824527025222778,0.7376269102096558,0.11384421586990356,0.11851531267166138,0.12154724448919296,0.12428583949804306,0.10952041298151016,0.10656944662332535,0.10359059274196625,0.12744058668613434,0.09988738596439362,0.12012289464473724,0.10783223062753677,0.17077450454235077,0.06359100341796875,0.2015904188156128,0.0522037148475647,0.2018793374300003,0.06467494368553162,0.2035961151123047,0.06405650079250336,0.19105078279972076,0.07291232794523239,0.1878042072057724,0.07786870002746582,0.1640992909669876,0.10997478663921356,0.1756850779056549,0.1259598284959793,0.17057251930236816,0.12785835564136505,0.16306480765342712,0.12892010807991028,0.17515376210212708,0.1321525275707245,0.3068876266479492,0.2918725609779358,0.2916968762874603,0.2917329668998718,0.2921195924282074,0.2920442819595337,0.29217925667762756,0.29812610149383545,0.298981249332428,0.3182118833065033,0.31922730803489685,0.37384769320487976,0.38992828130722046,0.4684375524520874,0.49373361468315125,0.561812698841095,0.5842575430870056,0.5856474041938782,0.6141334176063538,0.5836846232414246,0.6096821427345276,0.5759701132774353,0.5972580313682556,0.5808467268943787,0.5847876071929932,0.7356119751930237,0.7400768995285034,0.877447783946991,0.8791387677192688,0.8949142694473267,0.8912463784217834,0.9142423272132874,0.9264851808547974,-0.31534865498542786,-0.3014030456542969,-0.3014145493507385,-0.30143600702285767,-0.3047402799129486,-0.30477604269981384,-0.30485886335372925,-0.19409972429275513,-0.20894591510295868,-0.2723677456378937,-0.2772706151008606,-0.11584097146987915,-0.12768220901489258,-0.03014497086405754,-0.06842649728059769,-0.0916595458984375,-0.12476903200149536,-0.11147461086511612,-0.14641135931015015,-0.14180605113506317,-0.18028493225574493,-0.10371724516153336,-0.13827058672904968,0.002766875782981515,-0.0028344811871647835,-0.007329265587031841,-0.012077366933226585,0.1370067298412323,0.1330164074897766,0.14385011792182922,0.14135628938674927,0.018811361864209175,0.016719777137041092,Walk-From-Chair
127,0.9992807507514954,0.9978414177894592,0.9978650212287903,0.9980041980743408,0.9976553916931152,0.9975730180740356,0.9977456331253052,0.9962005615234375,0.9957146644592285,0.9993135929107666,0.9989855885505676,0.9997829794883728,0.9995569586753845,0.9207175970077515,0.652603805065155,0.8116224408149719,0.5895472764968872,0.7394453883171082,0.5526971817016602,0.7436255812644958,0.560524046421051,0.7199283242225647,0.5501288175582886,0.9984836578369141,0.998113214969635,0.7850584387779236,0.7446415424346924,0.8050328493118286,0.7434804439544678,0.6111355423927307,0.5014632940292358,0.7905724048614502,0.7486564517021179,0.11368761211633682,0.1181703582406044,0.12134524434804916,0.12422770261764526,0.10848705470561981,0.10532726347446442,0.10219778120517731,0.12594306468963623,0.09731324762105942,0.11988991498947144,0.1072254329919815,0.1700548231601715,0.059221018105745316,0.2019689530134201,0.047711484134197235,0.20134563744068146,0.05943260341882706,0.20370788872241974,0.05989015847444534,0.19098412990570068,0.06847143173217773,0.18761876225471497,0.07084958255290985,0.1642162799835205,0.10904805362224579,0.1747819036245346,0.125291109085083,0.15893809497356415,0.13003697991371155,0.14924147725105286,0.12875650823116302,0.1668417751789093,0.13504543900489807,0.304704874753952,0.29028934240341187,0.29027119278907776,0.2904570698738098,0.2904566526412964,0.2905460000038147,0.2908587157726288,0.2973872423171997,0.2979033887386322,0.3170042634010315,0.3178825378417969,0.37403351068496704,0.3901328146457672,0.4690551161766052,0.49441272020339966,0.5661620497703552,0.5884255170822144,0.5897893905639648,0.6185797452926636,0.5892074108123779,0.6143267154693604,0.5809242129325867,0.6024690866470337,0.5817476511001587,0.5867894291877747,0.7444352507591248,0.748941957950592,0.8817882537841797,0.8855592608451843,0.8968373537063599,0.899413526058197,0.919765293598175,0.9315201640129089,-0.3428915739059448,-0.3260698914527893,-0.32609882950782776,-0.32614338397979736,-0.3304961025714874,-0.3305392265319824,-0.33063000440597534,-0.20854075253009796,-0.23036856949329376,-0.2971258759498596,-0.30353838205337524,-0.12129221856594086,-0.15001216530799866,-0.04836607351899147,-0.0976140946149826,-0.10672593116760254,-0.15706375241279602,-0.13516396284103394,-0.1803945004940033,-0.17157742381095886,-0.2173212319612503,-0.12379221618175507,-0.17220689356327057,0.014481527730822563,-0.0145421726629138,-0.004110319539904594,-0.026588493958115578,0.174425408244133,0.14326944947242737,0.1845596581697464,0.1537054479122162,0.05840004235506058,0.02020835317671299,Walk-From-Chair
128,0.99931800365448,0.9979380965232849,0.9979523420333862,0.9980903267860413,0.9977672100067139,0.9976879954338074,0.9978538751602173,0.9963721036911011,0.9959025382995605,0.9993566274642944,0.9990547895431519,0.9997836351394653,0.9995610117912292,0.9258242249488831,0.679214358329773,0.8202401995658875,0.6065729260444641,0.7482072710990906,0.5650990605354309,0.7528499364852905,0.573205292224884,0.7299652695655823,0.5620480179786682,0.9984930157661438,0.9981268644332886,0.8000327348709106,0.7642138004302979,0.8165473937988281,0.7600513696670532,0.6199047565460205,0.5077250599861145,0.7995465397834778,0.7613849639892578,0.10444432497024536,0.11019005626440048,0.11395987123250961,0.11764095723628998,0.10090462863445282,0.09844639897346497,0.09601183980703354,0.12211988866329193,0.09387177973985672,0.11264820396900177,0.10009422153234482,0.16954560577869415,0.05840545892715454,0.2021665871143341,0.04771796241402626,0.2016567885875702,0.06690698862075806,0.20392031967639923,0.06895564496517181,0.19125723838806152,0.07530605047941208,0.18796241283416748,0.07952508330345154,0.16377903521060944,0.10729844868183136,0.17384019494056702,0.12317808717489243,0.15853598713874817,0.13074567914009094,0.15012864768505096,0.12912346422672272,0.16042038798332214,0.13330963253974915,0.3045854866504669,0.2896782457828522,0.28947627544403076,0.28951528668403625,0.29031112790107727,0.29048120975494385,0.290822833776474,0.29670313000679016,0.29784876108169556,0.3169163465499878,0.3180832266807556,0.3740712106227875,0.39022523164749146,0.46928712725639343,0.4940519630908966,0.5695458054542542,0.5862706899642944,0.5926637053489685,0.6160395741462708,0.5921468138694763,0.6121250987052917,0.5841305255889893,0.6007250547409058,0.5825920104980469,0.5879948139190674,0.7450307607650757,0.7503719925880432,0.8835748434066772,0.8863478899002075,0.8985982537269592,0.8995819687843323,0.9199164509773254,0.9290207624435425,-0.3513726592063904,-0.33612746000289917,-0.3361549377441406,-0.33619552850723267,-0.3363856077194214,-0.33642715215682983,-0.3365322947502136,-0.22079963982105255,-0.2240051031112671,-0.3062560558319092,-0.30712828040122986,-0.12987196445465088,-0.1377646028995514,-0.05494285374879837,-0.0815979391336441,-0.11853653192520142,-0.15083488821983337,-0.14800791442394257,-0.1756439357995987,-0.18292665481567383,-0.2113858461380005,-0.13487961888313293,-0.16580185294151306,0.009471152909100056,-0.009515022858977318,-0.01588844694197178,-0.025079870596528053,0.17622816562652588,0.16243278980255127,0.1879362016916275,0.17393849790096283,0.054791420698165894,0.03363538160920143,Walk-From-Chair
129,0.9993641972541809,0.9980860948562622,0.9980931878089905,0.9982258677482605,0.9979372620582581,0.9978619813919067,0.9980160593986511,0.9966131448745728,0.9962141513824463,0.9993960857391357,0.9991219639778137,0.9997696280479431,0.9995747804641724,0.9242220520973206,0.7014476656913757,0.8102371096611023,0.6169989705085754,0.7343140244483948,0.5714394450187683,0.739781379699707,0.5798003673553467,0.7179939150810242,0.5682307481765747,0.9985063672065735,0.9981603622436523,0.8075740933418274,0.7761358618736267,0.8252217769622803,0.7705269455909729,0.6298496723175049,0.5080875754356384,0.8063512444496155,0.7691142559051514,0.10456941276788712,0.10837994515895844,0.11121396720409393,0.11425391584634781,0.10163109004497528,0.09971163421869278,0.09759858250617981,0.11910177767276764,0.0949890986084938,0.11041401326656342,0.10125239938497543,0.16599950194358826,0.05787944793701172,0.19828107953071594,0.04604944586753845,0.1929200142621994,0.07114966958761215,0.1953096091747284,0.07021381705999374,0.18022212386131287,0.07473403960466385,0.17810894548892975,0.07922755926847458,0.15736015141010284,0.11088168621063232,0.165201798081398,0.12492167949676514,0.15752696990966797,0.13403384387493134,0.1512378752231598,0.13008469343185425,0.16431865096092224,0.13347651064395905,0.3002910315990448,0.28683632612228394,0.28674131631851196,0.28687798976898193,0.2878205180168152,0.28833910822868347,0.2890101373195648,0.29518023133277893,0.2970902621746063,0.3139270544052124,0.31502774357795715,0.3740743398666382,0.38989952206611633,0.4706801772117615,0.4939899146556854,0.5706925988197327,0.5908997058868408,0.5947107076644897,0.6148414611816406,0.5931561589241028,0.6114577054977417,0.5850000977516174,0.6002820730209351,0.5814553499221802,0.5876935124397278,0.7425304055213928,0.7474206686019897,0.8854799270629883,0.8853413462638855,0.902459979057312,0.9003340005874634,0.9169551730155945,0.9256485104560852,-0.334811806678772,-0.32276999950408936,-0.32278817892074585,-0.32283321022987366,-0.3257552981376648,-0.32579857110977173,-0.3258872330188751,-0.22440068423748016,-0.2415095865726471,-0.29570358991622925,-0.3005153238773346,-0.14678481221199036,-0.16830679774284363,-0.08089527487754822,-0.12716121971607208,-0.1293545663356781,-0.17126309871673584,-0.15217316150665283,-0.19005300104618073,-0.18095991015434265,-0.2212175577878952,-0.14138609170913696,-0.18387481570243835,0.00712199043482542,-0.007184342946857214,-0.0035218498669564724,-0.0070709483698010445,0.1705770194530487,0.1484762728214264,0.1601227968931198,0.1629871428012848,0.028900032863020897,0.02632700279355049,Walk-From-Chair
130,0.9993544816970825,0.9981297850608826,0.998114824295044,0.9982567429542542,0.9980142116546631,0.9979316592216492,0.9980879426002502,0.9966648817062378,0.99640291929245,0.999363124370575,0.9991332292556763,0.9996922612190247,0.9995607733726501,0.8904504179954529,0.7058283686637878,0.7660070657730103,0.604002833366394,0.694240391254425,0.559541642665863,0.6997889280319214,0.5676466226577759,0.6795011758804321,0.555622935295105,0.9982402324676514,0.9978824257850647,0.7992939352989197,0.7810430526733398,0.827284038066864,0.776401698589325,0.6436606049537659,0.5174294114112854,0.8069576621055603,0.7708953619003296,0.10830867290496826,0.111275814473629,0.11477573215961456,0.11742325127124786,0.10505841672420502,0.10379867255687714,0.10225051641464233,0.11795823276042938,0.09916715323925018,0.1140906810760498,0.10431406646966934,0.16018375754356384,0.05868849903345108,0.17833325266838074,0.052611373364925385,0.1891699731349945,0.07830341160297394,0.18164652585983276,0.08467603474855423,0.17353402078151703,0.08304526656866074,0.17189902067184448,0.07952545583248138,0.15361012518405914,0.11170397698879242,0.14953219890594482,0.13393069803714752,0.15336082875728607,0.1434231698513031,0.1465311199426651,0.13548120856285095,0.16116641461849213,0.14390036463737488,0.3011440634727478,0.2872482240200043,0.2871458828449249,0.287249892950058,0.28801119327545166,0.2883664667606354,0.2888445258140564,0.29531505703926086,0.2965100109577179,0.3144935369491577,0.31560850143432617,0.37384092807769775,0.3861085772514343,0.48150500655174255,0.49416014552116394,0.5697715282440186,0.5686845183372498,0.5942531228065491,0.5902637839317322,0.5919983983039856,0.5839601159095764,0.5839151740074158,0.5866450667381287,0.5876650214195251,0.5894257426261902,0.7435197830200195,0.745688796043396,0.8879054188728333,0.8877566456794739,0.9054076075553894,0.9048580527305603,0.9165105223655701,0.9159387946128845,-0.21666550636291504,-0.20738330483436584,-0.20743095874786377,-0.20747104287147522,-0.2167305052280426,-0.21677163243293762,-0.21689262986183167,-0.12927447259426117,-0.17974497377872467,-0.18408408761024475,-0.19732216000556946,-0.07513995468616486,-0.15048512816429138,-0.036780379712581635,-0.10253328084945679,-0.08957220613956451,-0.14319345355033875,-0.11045005172491074,-0.16123487055301666,-0.12791547179222107,-0.19435718655586243,-0.09788907319307327,-0.1555730402469635,0.009735610336065292,-0.009745003655552864,0.01769186183810234,-0.0013925980310887098,0.15426114201545715,0.11412453651428223,0.1451839953660965,0.11989708244800568,0.018703805282711983,0.02582821622490883,Walk-From-Chair
131,0.9993795156478882,0.9982063174247742,0.9981674551963806,0.9983009696006775,0.9981303811073303,0.9980547428131104,0.9982079863548279,0.9966566562652588,0.9966514706611633,0.9993740320205688,0.9991864562034607,0.9996143579483032,0.999573290348053,0.8832868337631226,0.7290575504302979,0.7482542395591736,0.6232509613037109,0.67415452003479,0.5762982368469238,0.6802488565444946,0.5840117931365967,0.6614140868186951,0.5707159638404846,0.9982450008392334,0.9979405999183655,0.8099089860916138,0.7974894642829895,0.8382803201675415,0.7917399406433105,0.6615334749221802,0.5291321277618408,0.8175734877586365,0.7838311195373535,0.10996224731206894,0.11345694959163666,0.11663167178630829,0.1191464439034462,0.10646333545446396,0.10442590713500977,0.10215906798839569,0.1207524761557579,0.09775567799806595,0.11560306698083878,0.10543428361415863,0.16167423129081726,0.05870949104428291,0.18400058150291443,0.0457923524081707,0.18944740295410156,0.07457295060157776,0.182014599442482,0.07916558533906937,0.1750771701335907,0.08456673473119736,0.17399148643016815,0.0832708328962326,0.15598583221435547,0.11114872992038727,0.15567240118980408,0.1326596587896347,0.1568164825439453,0.14166733622550964,0.14945824444293976,0.13369333744049072,0.1764563024044037,0.14366105198860168,0.30304619669914246,0.28925323486328125,0.2892540693283081,0.28947603702545166,0.28978997468948364,0.2900332510471344,0.2904129922389984,0.2972969710826874,0.29844167828559875,0.31621262431144714,0.3170287013053894,0.37666556239128113,0.3880783021450043,0.4810531437397003,0.4941939115524292,0.5686883926391602,0.570141613483429,0.5935608744621277,0.5928531885147095,0.5912695527076721,0.5871421098709106,0.5826183557510376,0.585522472858429,0.586783230304718,0.5899057984352112,0.7421084046363831,0.7447173595428467,0.8856116533279419,0.8872172236442566,0.9026033878326416,0.9032871723175049,0.9151641726493835,0.9160155653953552,-0.31775641441345215,-0.3035540282726288,-0.30356261134147644,-0.30358070135116577,-0.3110935091972351,-0.3111543357372284,-0.31125035881996155,-0.19758149981498718,-0.2359924018383026,-0.27619487047195435,-0.2870576083660126,-0.10085880756378174,-0.17553703486919403,-0.04353269189596176,-0.1405326873064041,-0.0952283963561058,-0.18843525648117065,-0.11578576266765594,-0.20966407656669617,-0.13900519907474518,-0.23818179965019226,-0.10516071319580078,-0.1994173526763916,0.019774941727519035,-0.019851256161928177,0.023495273664593697,-0.010090330615639687,0.1453220546245575,0.11768494546413422,0.14737555384635925,0.1241326779127121,0.030262580141425133,0.019596833735704422,Walk-From-Chair
132,0.9993922710418701,0.9982441663742065,0.9981926083564758,0.9983211755752563,0.9981977939605713,0.9981260895729065,0.9982810020446777,0.9966642260551453,0.9968037605285645,0.9993712306022644,0.9992170333862305,0.9995926022529602,0.9995782375335693,0.881814181804657,0.7506993412971497,0.7399372458457947,0.6413019299507141,0.663894772529602,0.5901111364364624,0.6706047654151917,0.597897469997406,0.6527475118637085,0.5842064023017883,0.9982398748397827,0.9979605078697205,0.8212281465530396,0.8082412481307983,0.8467890024185181,0.8007369637489319,0.6639600396156311,0.5298609137535095,0.8246923089027405,0.7905860543251038,0.1111096516251564,0.1145770400762558,0.1173967719078064,0.11938176304101944,0.10739877074956894,0.10494101047515869,0.10239747911691666,0.12173040956258774,0.09757811576128006,0.11672037839889526,0.10660606622695923,0.16233423352241516,0.06012604385614395,0.18743692338466644,0.03577248007059097,0.1900930404663086,0.0593193843960762,0.18564537167549133,0.06243983656167984,0.17623725533485413,0.07240048795938492,0.17458052933216095,0.0739714652299881,0.15666134655475616,0.11088182032108307,0.15679922699928284,0.13018572330474854,0.15860216319561005,0.14159932732582092,0.15181288123130798,0.1352439969778061,0.1761447936296463,0.13878175616264343,0.3014768958091736,0.2880825996398926,0.28818458318710327,0.2884673774242401,0.2885942757129669,0.2889670133590698,0.28943172097206116,0.2967306971549988,0.29796311259269714,0.31497296690940857,0.3158388137817383,0.37607574462890625,0.38632795214653015,0.47724854946136475,0.4917905628681183,0.5645267367362976,0.5708958506584167,0.5904990434646606,0.5940307378768921,0.5894308686256409,0.5889290571212769,0.5789926648139954,0.5853396058082581,0.5807196497917175,0.588546633720398,0.7326038479804993,0.7403193116188049,0.8829847574234009,0.8821732401847839,0.9002097845077515,0.8991715908050537,0.908223569393158,0.9087327718734741,-0.32094401121139526,-0.3059772551059723,-0.30599910020828247,-0.3060300946235657,-0.31112876534461975,-0.3111657202243805,-0.31125396490097046,-0.19901204109191895,-0.22566647827625275,-0.2790714502334595,-0.2867833971977234,-0.1168503612279892,-0.15094158053398132,-0.047896984964609146,-0.11184654384851456,-0.09750023484230042,-0.1620684266090393,-0.11958982050418854,-0.18100163340568542,-0.14681383967399597,-0.21044957637786865,-0.11189134418964386,-0.17386703193187714,0.010897419415414333,-0.010958490893244743,0.01674143224954605,-0.006808418780565262,0.13814881443977356,0.12989386916160583,0.14097675681114197,0.1371164619922638,0.013582110404968262,0.02040461078286171,Walk-From-Chair
133,0.999410092830658,0.9982864260673523,0.998201847076416,0.9983307719230652,0.9982889294624329,0.9982196688652039,0.9983797669410706,0.9965387582778931,0.9970104098320007,0.9993656277656555,0.999258279800415,0.9995412826538086,0.9995993971824646,0.8722147345542908,0.7720404267311096,0.7243816256523132,0.663663387298584,0.6473545432090759,0.6111319065093994,0.6544947624206543,0.6188045740127563,0.639480471611023,0.6054863333702087,0.9982067346572876,0.9980083107948303,0.8251182436943054,0.8156450390815735,0.8489278554916382,0.8046882748603821,0.6673566699028015,0.5249428749084473,0.8245965242385864,0.790393054485321,0.11350055038928986,0.11896276473999023,0.1220889538526535,0.12460412830114365,0.10969654470682144,0.10654725134372711,0.10294250398874283,0.1237635463476181,0.09920632094144821,0.11700352281332016,0.10723379999399185,0.16304950416088104,0.05835936218500137,0.18901844322681427,0.039491984993219376,0.1902267336845398,0.06546705961227417,0.18827976286411285,0.06844152510166168,0.17643287777900696,0.07675781846046448,0.17587599158287048,0.07751160115003586,0.15700195729732513,0.1092396005988121,0.1595870405435562,0.12988819181919098,0.1595361977815628,0.14084327220916748,0.15263210237026215,0.13559255003929138,0.17933855950832367,0.13888779282569885,0.30427512526512146,0.2898871600627899,0.2900995910167694,0.29041340947151184,0.2897410988807678,0.2898224890232086,0.29004818201065063,0.2979298233985901,0.298078328371048,0.31788569688796997,0.31826189160346985,0.37643152475357056,0.38680678606033325,0.47416946291923523,0.4926135241985321,0.5624362826347351,0.5723825693130493,0.5892046689987183,0.5955190658569336,0.5885384678840637,0.5914494395256042,0.5770992636680603,0.5856311321258545,0.5807112455368042,0.5900687575340271,0.7305558919906616,0.7386277914047241,0.8780420422554016,0.8793027400970459,0.8952531814575195,0.8957663178443909,0.9027470350265503,0.9059524536132812,-0.2689158320426941,-0.2562163174152374,-0.2562319040298462,-0.2562505900859833,-0.2647179663181305,-0.26475051045417786,-0.26483118534088135,-0.16309860348701477,-0.2116352617740631,-0.23175689578056335,-0.24417605996131897,-0.09293898195028305,-0.1437094360589981,-0.026622306555509567,-0.10959099233150482,-0.0650053545832634,-0.14918144047260284,-0.0802512913942337,-0.16030563414096832,-0.10170502960681915,-0.17996294796466827,-0.07429997622966766,-0.15405598282814026,0.013125836849212646,-0.013188757002353668,0.019083142280578613,-0.00954937469214201,0.12353353202342987,0.10134343802928925,0.12402113527059555,0.10694446414709091,0.015165421180427074,0.0033695674501359463,Walk-From-Chair
134,0.999400794506073,0.9983464479446411,0.9982513189315796,0.998376727104187,0.9983559250831604,0.9982852339744568,0.9984392523765564,0.9967148303985596,0.9971484541893005,0.9993320107460022,0.9992378354072571,0.9995307326316833,0.9995614886283875,0.8648318648338318,0.7543008923530579,0.7080795764923096,0.6537349224090576,0.629256546497345,0.6043143272399902,0.635221004486084,0.6098460555076599,0.6211493611335754,0.5928480625152588,0.9981560707092285,0.9977293014526367,0.8242726922035217,0.7933954000473022,0.8515018224716187,0.7991222739219666,0.689028799533844,0.5422526597976685,0.8257178068161011,0.7821087837219238,0.11575569957494736,0.11858843266963959,0.11909035593271255,0.11850450187921524,0.11582803726196289,0.11580890417098999,0.11573679745197296,0.11522875726222992,0.1127796396613121,0.11677545309066772,0.11415521055459976,0.08133010566234589,0.13501861691474915,0.12943041324615479,0.13463565707206726,0.1308290660381317,0.1544429212808609,0.13281670212745667,0.16530704498291016,0.13045063614845276,0.15915335714817047,0.1298234760761261,0.15636184811592102,0.13597062230110168,0.1355750560760498,0.1456662118434906,0.1398209035396576,0.15158413350582123,0.14487069845199585,0.14958681166172028,0.14296987652778625,0.15406015515327454,0.1389314830303192,0.3043149411678314,0.2899640202522278,0.29014450311660767,0.29042717814445496,0.28985679149627686,0.2899113595485687,0.29007136821746826,0.2975887060165405,0.29739367961883545,0.31741631031036377,0.3178541362285614,0.376746267080307,0.37985435128211975,0.48752841353416443,0.49270182847976685,0.5681865215301514,0.5614778995513916,0.5935782194137573,0.5807792544364929,0.5896695256233215,0.5762431025505066,0.578866720199585,0.5689620971679688,0.588551938533783,0.5899457335472107,0.730006754398346,0.7311583757400513,0.8751750588417053,0.8731645345687866,0.894970178604126,0.8910678625106812,0.8978551030158997,0.895546019077301,-0.0031416690908372402,-0.02093234658241272,-0.020921729505062103,-0.020924868062138557,-0.017558906227350235,-0.017540957778692245,-0.017600884661078453,-0.06903629750013351,-0.058371543884277344,-0.016017219051718712,-0.012666136026382446,-0.09798820316791534,-0.042539458721876144,-0.08631743490695953,-0.04132292792201042,-0.08195815235376358,-0.049000661820173264,-0.10111317783594131,-0.04696749895811081,-0.10961931943893433,-0.06532592326402664,-0.09122826159000397,-0.05540807917714119,-0.032547302544116974,0.03259874880313873,-0.009797305800020695,0.06133326143026352,0.03541851416230202,0.12203595787286758,0.03538557142019272,0.12385299056768417,-0.028955873101949692,0.0656069815158844,Walk-From-Chair
135,0.9994190335273743,0.998412013053894,0.9982990026473999,0.9984189867973328,0.9984508752822876,0.9983821511268616,0.9985324144363403,0.996708333492279,0.9973365068435669,0.9993298053741455,0.9992734789848328,0.9994896650314331,0.999589204788208,0.8381275534629822,0.7733422517776489,0.6804166436195374,0.6747741103172302,0.6034632921218872,0.6255807876586914,0.6100899577140808,0.630969226360321,0.5984869003295898,0.6134955286979675,0.9981780648231506,0.9978016018867493,0.8226000666618347,0.7980763912200928,0.8533869981765747,0.8037833571434021,0.6980406045913696,0.5420508980751038,0.8289511203765869,0.7865877747535706,0.12691707909107208,0.1297268569469452,0.1302100569009781,0.13047130405902863,0.12637344002723694,0.1246844157576561,0.12317399680614471,0.1229478269815445,0.11623144149780273,0.12503448128700256,0.12236319482326508,0.12227316200733185,0.08862636238336563,0.13717663288116455,0.06775716692209244,0.14226947724819183,0.10994229465723038,0.1521388292312622,0.11369733512401581,0.14904725551605225,0.1132231205701828,0.14867332577705383,0.11556877940893173,0.1432899832725525,0.127054363489151,0.15142163634300232,0.13562768697738647,0.149603009223938,0.1384265422821045,0.1441473662853241,0.13424818217754364,0.15789614617824554,0.13887980580329895,0.30485716462135315,0.29025202989578247,0.2902989089488983,0.2904570996761322,0.2902337610721588,0.2902151346206665,0.2902412414550781,0.2972436547279358,0.29738178849220276,0.31749168038368225,0.3179565370082855,0.3766847252845764,0.38016512989997864,0.47985538840293884,0.49236610531806946,0.5624217391014099,0.565470814704895,0.5859904885292053,0.5880638360977173,0.5842939019203186,0.5815354585647583,0.5734968781471252,0.5731828808784485,0.586199164390564,0.589613676071167,0.7278088331222534,0.7311047315597534,0.8693827986717224,0.866908073425293,0.8887869715690613,0.8857353329658508,0.8927295207977295,0.8948938250541687,-0.17120496928691864,-0.16916480660438538,-0.16918091475963593,-0.1692044585943222,-0.16548244655132294,-0.16548427939414978,-0.16554829478263855,-0.11287985742092133,-0.14782817661762238,-0.1497364640235901,-0.1443992555141449,-0.06270243227481842,-0.14070439338684082,-0.004918367136269808,-0.13442818820476532,-0.04270657151937485,-0.14583556354045868,-0.05583983659744263,-0.1572858691215515,-0.07595454156398773,-0.1797724813222885,-0.05242997407913208,-0.15364687144756317,0.011669788509607315,-0.011763491667807102,0.02346028760075569,0.011235342361032963,0.08454447984695435,0.10494790226221085,0.08331504464149475,0.10989411175251007,0.015112687833607197,0.029505709186196327,Walk-From-Chair
136,0.9994570016860962,0.9985129833221436,0.9984009265899658,0.9985060691833496,0.9985588192939758,0.9984961152076721,0.9986391067504883,0.9968761801719666,0.9975423812866211,0.9993666410446167,0.9993264675140381,0.9994876384735107,0.9996166229248047,0.8369758129119873,0.7933202385902405,0.6720144748687744,0.6986473202705383,0.5948159098625183,0.6491064429283142,0.6015799045562744,0.654461681842804,0.5912624001502991,0.637813150882721,0.9982443451881409,0.9979089498519897,0.8254388570785522,0.8015278577804565,0.8560208082199097,0.8054248094558716,0.6946136951446533,0.5403309464454651,0.831010103225708,0.787192702293396,0.12561488151550293,0.12989738583564758,0.13205040991306305,0.13426634669303894,0.12441623210906982,0.12372692674398422,0.1222958192229271,0.13145706057548523,0.11460993438959122,0.1261381059885025,0.12135251611471176,0.14816153049468994,0.07476132363080978,0.14918965101242065,0.047287460416555405,0.15237095952033997,0.07566773146390915,0.1638612300157547,0.07331137359142303,0.16259334981441498,0.08448336273431778,0.15304136276245117,0.08242468535900116,0.14611247181892395,0.10211454331874847,0.1533905416727066,0.1272648721933365,0.15182098746299744,0.13780979812145233,0.14524045586585999,0.13430432975292206,0.1615755259990692,0.13661089539527893,0.30346962809562683,0.28885820508003235,0.2887754440307617,0.28882840275764465,0.2892259955406189,0.28931596875190735,0.2893582582473755,0.2957708537578583,0.296647846698761,0.3163491487503052,0.31633394956588745,0.37570294737815857,0.38014861941337585,0.4759070575237274,0.4886932969093323,0.5624152421951294,0.567896842956543,0.5874035358428955,0.5898452997207642,0.584295392036438,0.5902454853057861,0.5740387439727783,0.5756655931472778,0.579356849193573,0.585843026638031,0.7216879725456238,0.7254403233528137,0.8635079264640808,0.862113356590271,0.8841451406478882,0.8814153075218201,0.8905264139175415,0.893017590045929,-0.2902824878692627,-0.2766741216182709,-0.27669695019721985,-0.27671751379966736,-0.28170299530029297,-0.28174257278442383,-0.28182968497276306,-0.1781250387430191,-0.20967450737953186,-0.25164881348609924,-0.2593265473842621,-0.11150310933589935,-0.1499512642621994,-0.05164997652173042,-0.12427209317684174,-0.10725035518407822,-0.16420046985149384,-0.12670239806175232,-0.18156065046787262,-0.14923904836177826,-0.20833249390125275,-0.11744288355112076,-0.1745963841676712,0.0021795646753162146,-0.002249552169814706,-0.0008967194007709622,0.0094767389819026,0.0806933268904686,0.11736790090799332,0.08223755657672882,0.1230514645576477,-0.01833133026957512,0.027273857966065407,Walk-From-Chair
137,0.9994775652885437,0.9985952973365784,0.998478889465332,0.9985747933387756,0.9986523985862732,0.9985945820808411,0.9987346529960632,0.9970200061798096,0.9977126121520996,0.9993618130683899,0.9993516206741333,0.9994003772735596,0.9996203184127808,0.820873498916626,0.7987350225448608,0.6411343216896057,0.6959803104400635,0.5669856071472168,0.6459137797355652,0.5733497738838196,0.6514946222305298,0.5625205636024475,0.6343613266944885,0.9979637265205383,0.9976465106010437,0.8147513270378113,0.7853765487670898,0.8549058437347412,0.7955990433692932,0.7094871997833252,0.544988214969635,0.8291078209877014,0.7772362232208252,0.13308225572109222,0.13560986518859863,0.13644397258758545,0.13746479153633118,0.13237431645393372,0.13085731863975525,0.12853144109249115,0.13370230793952942,0.12050999701023102,0.13178502023220062,0.12855638563632965,0.1500888168811798,0.07499022781848907,0.16403695940971375,0.07001172006130219,0.16036848723888397,0.08186934888362885,0.16143584251403809,0.08088956773281097,0.15875037014484406,0.08684777468442917,0.15529468655586243,0.08560700714588165,0.14189466834068298,0.10711479187011719,0.14049255847930908,0.13998667895793915,0.14809629321098328,0.14931991696357727,0.1470433473587036,0.15319392085075378,0.1463964581489563,0.1465643048286438,0.31076183915138245,0.2971663177013397,0.2967354655265808,0.29619190096855164,0.2972879111766815,0.29622066020965576,0.2957892417907715,0.29967886209487915,0.3011936545372009,0.322356253862381,0.3224695920944214,0.375000536441803,0.3803635835647583,0.4737958312034607,0.4888078272342682,0.5617038011550903,0.5635546445846558,0.5869213342666626,0.5851050019264221,0.5812029242515564,0.5808770060539246,0.5712094902992249,0.5718037486076355,0.5802218914031982,0.5823392868041992,0.7214683294296265,0.7195795774459839,0.8593109250068665,0.8567491769790649,0.8778944611549377,0.8744347095489502,0.8851386904716492,0.8789354562759399,-0.2701762318611145,-0.2601031959056854,-0.26012158393859863,-0.2601413428783417,-0.2631230056285858,-0.26313936710357666,-0.26322802901268005,-0.17698422074317932,-0.19984416663646698,-0.2397872507572174,-0.24252590537071228,-0.1110047698020935,-0.1486261785030365,-0.07586689293384552,-0.11966502666473389,-0.13305847346782684,-0.17213357985019684,-0.154031902551651,-0.1899440586566925,-0.1701357513666153,-0.21479615569114685,-0.1408543884754181,-0.18196870386600494,-0.014300365932285786,0.014276904985308647,-0.00729408347979188,0.025277648121118546,0.05938849598169327,0.117357037961483,0.06004464626312256,0.12261922657489777,-0.031215554103255272,0.03022311069071293,Walk-From-Chair
138,0.999380886554718,0.9986081719398499,0.9984928965568542,0.9985688924789429,0.9986587166786194,0.9986059665679932,0.9987332224845886,0.9971989989280701,0.9978281259536743,0.9993029236793518,0.9993157982826233,0.9993758797645569,0.9995320439338684,0.7893806099891663,0.7466264367103577,0.608121931552887,0.6521673202514648,0.5375704765319824,0.6098199486732483,0.5428540706634521,0.6141026616096497,0.5313758850097656,0.5949062705039978,0.9980276823043823,0.9976389408111572,0.8245896100997925,0.7645847201347351,0.8636686205863953,0.7943747043609619,0.7341965436935425,0.5678227543830872,0.8338696956634521,0.7697021961212158,0.140827476978302,0.13988085091114044,0.1382671296596527,0.13733214139938354,0.14333316683769226,0.14424532651901245,0.1450079381465912,0.1326991319656372,0.1388031542301178,0.13546830415725708,0.13929502665996552,0.08376093208789825,0.1587081253528595,0.10040082782506943,0.15904173254966736,0.09737101942300797,0.1566515415906906,0.09402057528495789,0.1696506142616272,0.09127218276262283,0.16009990870952606,0.10119529813528061,0.15637646615505219,0.11794763803482056,0.14566871523857117,0.13164213299751282,0.15216687321662903,0.14607562124729156,0.15471114218235016,0.14705340564250946,0.15912982821464539,0.1421748399734497,0.15458965301513672,0.3122219145298004,0.2987566590309143,0.29810845851898193,0.2973354756832123,0.2991812527179718,0.29842981696128845,0.29789772629737854,0.30038556456565857,0.30239513516426086,0.32280591130256653,0.3244110941886902,0.37978723645210266,0.37793460488319397,0.49462348222732544,0.4882686734199524,0.5654575228691101,0.5405174493789673,0.5869628190994263,0.5528161525726318,0.5808296203613281,0.5534643530845642,0.5714250802993774,0.5389524698257446,0.5864622592926025,0.5822219252586365,0.7207543849945068,0.714547336101532,0.856627881526947,0.852641761302948,0.8759526014328003,0.8738585710525513,0.8848401308059692,0.8762229681015015,0.09543286263942719,0.07183356583118439,0.07182870805263519,0.07183454930782318,0.06857144832611084,0.06857532262802124,0.06855535507202148,-0.01056397520005703,-0.02818850241601467,0.0709979459643364,0.06599174439907074,-0.06187831237912178,-0.038341257721185684,-0.06990643590688705,-0.06864967942237854,-0.06913688033819199,-0.11193869262933731,-0.08404265344142914,-0.12148581445217133,-0.08107630908489227,-0.12939444184303284,-0.06939919292926788,-0.11593769490718842,-0.027279162779450417,0.027368584647774696,0.0026232735253870487,0.07747630029916763,0.07133220881223679,0.1565776765346527,0.07411874830722809,0.16192445158958435,0.03211313113570213,0.1133914440870285,Walk-From-Chair
139,0.9994224309921265,0.9987030029296875,0.9985849857330322,0.9986574649810791,0.9987649321556091,0.9987152814865112,0.9988357424736023,0.9973334074020386,0.9980084300041199,0.9993399977684021,0.999364972114563,0.9993610382080078,0.9995676279067993,0.7680169343948364,0.767970621585846,0.5902250409126282,0.6790260076522827,0.5196854472160339,0.6375337839126587,0.5254918336868286,0.6417201161384583,0.5154364705085754,0.6227778196334839,0.9980230927467346,0.997732400894165,0.8277204036712646,0.771384060382843,0.8625343441963196,0.7974398732185364,0.7311505675315857,0.5543869137763977,0.8333247900009155,0.7714192271232605,0.15141907334327698,0.15229520201683044,0.15235476195812225,0.15259882807731628,0.14934875071048737,0.14744435250759125,0.14465756714344025,0.1443542242050171,0.1344124972820282,0.1471676230430603,0.1442350596189499,0.1498003900051117,0.10655728727579117,0.16378122568130493,0.09236123412847519,0.16456761956214905,0.08454027771949768,0.16825726628303528,0.08079181611537933,0.1589287370443344,0.08690518140792847,0.15901435911655426,0.0920424833893776,0.15068797767162323,0.12205996364355087,0.1486842930316925,0.13848216831684113,0.14958316087722778,0.14813415706157684,0.15041831135749817,0.15215733647346497,0.15745286643505096,0.14864160120487213,0.31224364042282104,0.2988767921924591,0.298439621925354,0.2979074716567993,0.2987141013145447,0.2980085611343384,0.29750725626945496,0.3009081184864044,0.3021791875362396,0.32352522015571594,0.3241502642631531,0.37911996245384216,0.38045766949653625,0.4836423993110657,0.4887159466743469,0.5578790903091431,0.5665363073348999,0.5803407430648804,0.5858107209205627,0.5745574235916138,0.6017293334007263,0.5640135407447815,0.5771992206573486,0.5810678005218506,0.5810136795043945,0.718120813369751,0.7170121073722839,0.8557681441307068,0.853392481803894,0.8743975758552551,0.8729073405265808,0.8845909833908081,0.8813217878341675,-0.002084443811327219,-0.08491615951061249,-0.08482937514781952,-0.08480729162693024,0.02693052962422371,0.02625005878508091,0.02568659745156765,-0.08335763961076736,-0.13698545098304749,-0.07773309201002121,-0.02533792331814766,-0.04761696979403496,-0.12830984592437744,-0.003146940376609564,-0.1191178411245346,-0.04767525568604469,-0.13699977099895477,-0.06150541827082634,-0.15137554705142975,-0.08046802133321762,-0.17106139659881592,-0.05694670230150223,-0.1446780264377594,0.008033404126763344,-0.008044839836657047,0.005206669680774212,-0.01298369001597166,0.07390400022268295,0.07645155489444733,0.07602430135011673,0.08016347885131836,0.0021423937287181616,-0.017328688874840736,Walk-From-Chair
140,0.9993802309036255,0.9986345767974854,0.9984756112098694,0.9985723495483398,0.9987364411354065,0.9986709952354431,0.9988096356391907,0.9969683289527893,0.9979620575904846,0.9992473721504211,0.9993128180503845,0.9992101192474365,0.9995700120925903,0.7323917150497437,0.7747730016708374,0.558380126953125,0.678215742111206,0.4931371808052063,0.6377767324447632,0.499176025390625,0.6424301862716675,0.4913826584815979,0.6240032911300659,0.997878909111023,0.9976819753646851,0.8131526112556458,0.7738180756568909,0.852942705154419,0.7978789210319519,0.7247791886329651,0.5463552474975586,0.8250914812088013,0.7703968286514282,0.14680027961730957,0.14959952235221863,0.15014472603797913,0.15141811966896057,0.14643573760986328,0.14387103915214539,0.14183494448661804,0.14551283419132233,0.13310067355632782,0.1440139263868332,0.14021554589271545,0.16236765682697296,0.09652489423751831,0.17390789091587067,0.08905702084302902,0.1687304526567459,0.08540241420269012,0.1701216995716095,0.08586370944976807,0.1646658331155777,0.09084116667509079,0.1630457639694214,0.09396375715732574,0.1566937267780304,0.11553511768579483,0.15022343397140503,0.13273902237415314,0.1496809422969818,0.1478044092655182,0.15067875385284424,0.14961715042591095,0.16883429884910583,0.15009355545043945,0.31074854731559753,0.2984370291233063,0.2982533574104309,0.29763513803482056,0.2975373864173889,0.2967795729637146,0.2961066663265228,0.30087462067604065,0.30051785707473755,0.32289883494377136,0.32247722148895264,0.3778965175151825,0.38055479526519775,0.4813224971294403,0.49000316858291626,0.557153046131134,0.5645006895065308,0.578614354133606,0.5854302048683167,0.5753775238990784,0.5893057584762573,0.5650542378425598,0.5746198296546936,0.5788905620574951,0.5800392031669617,0.714611291885376,0.7170283198356628,0.8507034778594971,0.8506800532341003,0.8701008558273315,0.8707123398780823,0.8810268640518188,0.8831232786178589,-0.11450859159231186,-0.1423099786043167,-0.14230255782604218,-0.14231088757514954,-0.10659009218215942,-0.10679659992456436,-0.10692346096038818,-0.08797203004360199,-0.14434507489204407,-0.12611675262451172,-0.11096677929162979,-0.041509538888931274,-0.13059476017951965,-0.0026984061114490032,-0.12606127560138702,-0.040760304778814316,-0.14481045305728912,-0.053219206631183624,-0.16115523874759674,-0.07148971408605576,-0.1802068054676056,-0.04934447631239891,-0.1526092141866684,0.022790173068642616,-0.022819237783551216,0.028290733695030212,-0.024105966091156006,0.09340445697307587,0.06373172253370285,0.09481936693191528,0.06804586201906204,0.020693201571702957,-0.022908058017492294,Walk-From-Chair
141,0.9994087219238281,0.9987038969993591,0.9985378384590149,0.9986310601234436,0.9988194704055786,0.9987570643424988,0.9988915920257568,0.9970523715019226,0.9981082081794739,0.9992695450782776,0.9993489384651184,0.9991336464881897,0.999595582485199,0.7062792181968689,0.7903386950492859,0.5299049019813538,0.6947329640388489,0.46722695231437683,0.6538223028182983,0.4732627272605896,0.6583874225616455,0.46763938665390015,0.6402149796485901,0.9977303147315979,0.9976620674133301,0.8037233948707581,0.7701081037521362,0.8424198031425476,0.7944110631942749,0.718926727771759,0.5384209156036377,0.8161941766738892,0.7658737897872925,0.158595472574234,0.16078901290893555,0.16121122241020203,0.16183355450630188,0.15621832013130188,0.15354375541210175,0.1508188545703888,0.15341585874557495,0.13745012879371643,0.1544436365365982,0.14965249598026276,0.17089611291885376,0.0925837904214859,0.17955008149147034,0.08291580528020859,0.1757512241601944,0.09007855504751205,0.17391733825206757,0.08668354153633118,0.165975421667099,0.0942312479019165,0.1632014811038971,0.09545943886041641,0.15981921553611755,0.1132359504699707,0.15158280730247498,0.1289009153842926,0.14986306428909302,0.1399562656879425,0.14709578454494476,0.14373986423015594,0.1662919968366623,0.14600126445293427,0.31235188245773315,0.2996974289417267,0.299583375453949,0.2991792857646942,0.29868799448013306,0.2974817454814911,0.2965717315673828,0.3020954132080078,0.3004937171936035,0.32505300641059875,0.32412320375442505,0.3778146803379059,0.3814106583595276,0.48096963763237,0.49001166224479675,0.5593186020851135,0.5883315205574036,0.5844908356666565,0.5985214710235596,0.5777724981307983,0.6148680448532104,0.5663820505142212,0.5860714316368103,0.5782260298728943,0.5796288847923279,0.7128491997718811,0.7151835560798645,0.8436679840087891,0.846953272819519,0.8684184551239014,0.8644763231277466,0.8776147365570068,0.880562424659729,-0.20816802978515625,-0.20206129550933838,-0.20209462940692902,-0.20212499797344208,-0.2135731726884842,-0.21367135643959045,-0.2137872874736786,-0.12255382537841797,-0.20560292899608612,-0.1805083453655243,-0.2004227340221405,-0.05219577997922897,-0.17515476047992706,-0.016261782497167587,-0.16326245665550232,-0.05812522768974304,-0.17835353314876556,-0.07311190664768219,-0.19461607933044434,-0.09057466685771942,-0.21404731273651123,-0.06616108864545822,-0.18552666902542114,0.01699182763695717,-0.01701468601822853,0.02975037693977356,-0.012379174120724201,0.11182184517383575,0.08361425250768661,0.11535324901342392,0.08828200399875641,0.04106300696730614,-0.005685023497790098,Walk-From-Chair
142,0.9994592666625977,0.9988099932670593,0.9986486434936523,0.9987305402755737,0.9989253282546997,0.998869001865387,0.9989932775497437,0.9972472786903381,0.9982880353927612,0.9993287324905396,0.9994091391563416,0.9991717338562012,0.9996333122253418,0.7006859183311462,0.8099939227104187,0.5235953330993652,0.7202891111373901,0.4591979682445526,0.6797738671302795,0.465199738740921,0.6840588450431824,0.46045583486557007,0.6669216752052307,0.997776210308075,0.9977856874465942,0.8070874810218811,0.7787104845046997,0.8418598771095276,0.7972544431686401,0.7187854647636414,0.5334905385971069,0.8155954480171204,0.7675548195838928,0.15855123102664948,0.1638062298297882,0.16581007838249207,0.16773194074630737,0.15503303706645966,0.15104027092456818,0.14703288674354553,0.16260606050491333,0.13550159335136414,0.15763141214847565,0.14856894314289093,0.1794423907995224,0.09074103087186813,0.19209566712379456,0.08014213293790817,0.1920255869626999,0.09078729897737503,0.18932123482227325,0.08769463002681732,0.17768494784832,0.09882939606904984,0.17573340237140656,0.09963251650333405,0.16472268104553223,0.11340473592281342,0.16814759373664856,0.12798860669136047,0.15883144736289978,0.13880984485149384,0.1526106894016266,0.14001911878585815,0.18371497094631195,0.14578181505203247,0.3194131851196289,0.30716654658317566,0.3070954382419586,0.3068157136440277,0.30493342876434326,0.30299198627471924,0.30117225646972656,0.30809515714645386,0.3020443320274353,0.3314100205898285,0.3295894265174866,0.3777417540550232,0.38253939151763916,0.47860315442085266,0.49050071835517883,0.5406197309494019,0.5841739773750305,0.5624616146087646,0.6051954627037048,0.5739123225212097,0.6084882020950317,0.5593092441558838,0.5917335748672485,0.5744003057479858,0.5794150233268738,0.7119194269180298,0.7160937786102295,0.8471141457557678,0.8482062220573425,0.8697673082351685,0.8669756054878235,0.8796399235725403,0.8822876214981079,-0.23484556376934052,-0.2253204584121704,-0.22533948719501495,-0.22535669803619385,-0.2366849184036255,-0.23674528300762177,-0.2368193119764328,-0.13827654719352722,-0.19931724667549133,-0.19982826709747314,-0.21639056503772736,-0.06308687478303909,-0.15816523134708405,-0.0042252736166119576,-0.13995549082756042,-0.04183592647314072,-0.16460390388965607,-0.05416969209909439,-0.1803818643093109,-0.06991701573133469,-0.20312480628490448,-0.04883503541350365,-0.17358122766017914,0.017292017117142677,-0.017321795225143433,0.026586249470710754,-0.026278752833604813,0.07036953419446945,0.05680614709854126,0.07058028131723404,0.06001000478863716,-0.010658876039087772,-0.0355156846344471,Walk-From-Chair
143,0.9995104670524597,0.9989206790924072,0.9987707138061523,0.99884432554245,0.9990291595458984,0.9989786148071289,0.9990915656089783,0.997480571269989,0.9984565377235413,0.9993913173675537,0.9994668364524841,0.9992198944091797,0.9996682405471802,0.7057613730430603,0.8283298015594482,0.5368032455444336,0.7470345497131348,0.47041088342666626,0.7095115184783936,0.4770505726337433,0.7134072780609131,0.47289466857910156,0.6974475383758545,0.9978447556495667,0.9979181885719299,0.8200501799583435,0.793254017829895,0.8494672775268555,0.8070620894432068,0.724069356918335,0.5402581691741943,0.8237265348434448,0.777755618095398,0.172836571931839,0.17541253566741943,0.1761636584997177,0.17677810788154602,0.16962043941020966,0.16612637042999268,0.16219231486320496,0.167883962392807,0.1477910876274109,0.169087216258049,0.1619035005569458,0.18626976013183594,0.09072527289390564,0.2035657912492752,0.08037079125642776,0.20661123096942902,0.09927290678024292,0.20577678084373474,0.10076180845499039,0.2050984799861908,0.1089244857430458,0.19304870069026947,0.10886867344379425,0.1766844242811203,0.12297318875789642,0.17719823122024536,0.13014614582061768,0.16478334367275238,0.14007149636745453,0.15989139676094055,0.14056822657585144,0.18533368408679962,0.14566609263420105,0.32020607590675354,0.30679410696029663,0.3065888285636902,0.3062536418437958,0.30499622225761414,0.3032442629337311,0.3014548420906067,0.3074401617050171,0.30195528268814087,0.33246707916259766,0.33079326152801514,0.37776145339012146,0.3842495381832123,0.47404229640960693,0.4916227161884308,0.5438691973686218,0.5833806395530701,0.5635064244270325,0.6029666662216187,0.574515700340271,0.6057881116867065,0.5599920749664307,0.5917337536811829,0.5738439559936523,0.5801205039024353,0.7126372456550598,0.7163965106010437,0.847445547580719,0.8494808077812195,0.8705701231956482,0.8682563304901123,0.8797275424003601,0.8836753964424133,-0.17639771103858948,-0.16597698628902435,-0.16597549617290497,-0.16596044600009918,-0.18547730147838593,-0.18555845320224762,-0.1856512874364853,-0.09310612827539444,-0.19769805669784546,-0.14629313349723816,-0.17308039963245392,-0.040860436856746674,-0.15484501421451569,0.013102671131491661,-0.1531384289264679,-0.03630496561527252,-0.17952772974967957,-0.05196068435907364,-0.19988660514354706,-0.07177786529064178,-0.2177043855190277,-0.04602420702576637,-0.1853102743625641,0.015978818759322166,-0.016016315668821335,0.03284161910414696,-0.022166451439261436,0.09327072650194168,0.06873820722103119,0.09379421174526215,0.07289578020572662,0.017853450030088425,-0.0177188478410244,Walk-From-Chair
144,0.999548614025116,0.9989995956420898,0.9988568425178528,0.9989244937896729,0.9991076588630676,0.999062180519104,0.9991673827171326,0.9976315498352051,0.9985883235931396,0.999434232711792,0.9995099306106567,0.9992460012435913,0.9996955394744873,0.6939727067947388,0.8432802557945251,0.5325301289558411,0.7680583596229553,0.46663427352905273,0.7318596243858337,0.4733862578868866,0.735354483127594,0.47028908133506775,0.7197262048721313,0.9979215264320374,0.9980225563049316,0.815969705581665,0.7919794321060181,0.8472299575805664,0.8064537048339844,0.7270268201828003,0.5388627052307129,0.8232828378677368,0.7779840230941772,0.1716000735759735,0.17228011786937714,0.17250539362430573,0.17273959517478943,0.16879168152809143,0.16663184762001038,0.16434529423713684,0.1655757576227188,0.15400691330432892,0.16762782633304596,0.16369375586509705,0.18399876356124878,0.09875751286745071,0.19688540697097778,0.09211142361164093,0.19819924235343933,0.11433827877044678,0.20156896114349365,0.11459879577159882,0.20011141896247864,0.1270769238471985,0.1880486160516739,0.1267741620540619,0.17629583179950714,0.13081815838813782,0.17240025103092194,0.13968437910079956,0.16375793516635895,0.14803391695022583,0.16104525327682495,0.14863252639770508,0.18521201610565186,0.1537899523973465,0.3197682499885559,0.30643922090530396,0.30588358640670776,0.30528050661087036,0.3044613301753998,0.3026771545410156,0.3010026514530182,0.3068056106567383,0.30202287435531616,0.33212965726852417,0.3301580548286438,0.3777470588684082,0.3848567306995392,0.4752686619758606,0.4914461076259613,0.5582807660102844,0.5822341442108154,0.5795499682426453,0.6016578078269958,0.5841102004051208,0.6055313944816589,0.5742649435997009,0.590615451335907,0.574515163898468,0.5779827237129211,0.7141982913017273,0.7171325087547302,0.8589428663253784,0.8586627840995789,0.8754555583000183,0.8734293580055237,0.9082591533660889,0.914156973361969,-0.13131952285766602,-0.12491291761398315,-0.12494774907827377,-0.12495636940002441,-0.14068259298801422,-0.14074157178401947,-0.14085358381271362,-0.07325338572263718,-0.15259955823421478,-0.1092061996459961,-0.1310989409685135,-0.03822313994169235,-0.15396353602409363,-0.00033953855745494366,-0.14305594563484192,-0.0436994694173336,-0.16979986429214478,-0.059979937970638275,-0.19288687407970428,-0.07751355320215225,-0.2007133513689041,-0.052256904542446136,-0.17126865684986115,0.014366544783115387,-0.014397229067981243,0.011574034579098225,-0.020385045558214188,0.05287289619445801,0.05165170505642891,0.052028559148311615,0.05393359810113907,-0.024608487263321877,-0.03541414067149162,Walk-From-Chair
145,0.999580979347229,0.9990681409835815,0.9989243745803833,0.9989855289459229,0.9991812109947205,0.9991410970687866,0.9992390871047974,0.997711718082428,0.9987199902534485,0.9994714856147766,0.9995529055595398,0.9992648363113403,0.9997248649597168,0.6619246006011963,0.8587015271186829,0.5365151166915894,0.7907816767692566,0.47133269906044006,0.7576561570167542,0.4790540337562561,0.7607670426368713,0.4759674370288849,0.7461899518966675,0.9980161190032959,0.9981635808944702,0.7972725629806519,0.797662079334259,0.8391852378845215,0.8109831213951111,0.7337563633918762,0.5515612363815308,0.8229925036430359,0.7850315570831299,0.18517707288265228,0.18467020988464355,0.18496182560920715,0.18514591455459595,0.17990142107009888,0.17688006162643433,0.17364229261875153,0.17484050989151,0.16057297587394714,0.18124227225780487,0.17560303211212158,0.18671788275241852,0.10388519614934921,0.19361044466495514,0.09334257990121841,0.1947079598903656,0.11890802532434464,0.19775813817977905,0.12097728252410889,0.19410239160060883,0.13104453682899475,0.18899258971214294,0.1303117275238037,0.17847001552581787,0.13294444978237152,0.17638802528381348,0.13956314325332642,0.15913087129592896,0.14336390793323517,0.15242275595664978,0.1355496346950531,0.1899772584438324,0.16594572365283966,0.3189585506916046,0.30585071444511414,0.3053063154220581,0.30476751923561096,0.30406513810157776,0.30233708024024963,0.30075544118881226,0.30655142664909363,0.3018958866596222,0.331238329410553,0.32978856563568115,0.37858423590660095,0.38365140557289124,0.4749404788017273,0.4917405843734741,0.5594872832298279,0.5828056931495667,0.5826278924942017,0.6020129323005676,0.5857704281806946,0.6034979224205017,0.5767781138420105,0.5925868153572083,0.5768951177597046,0.5784178376197815,0.7145174741744995,0.719306230545044,0.8620738983154297,0.8640406727790833,0.8789211511611938,0.8799115419387817,0.9015775322914124,0.9066875576972961,-0.13594374060630798,-0.12501466274261475,-0.1250194013118744,-0.12499076128005981,-0.1502348929643631,-0.15029171109199524,-0.1503896713256836,-0.050120703876018524,-0.16272637248039246,-0.10473404824733734,-0.13865795731544495,0.03422015160322189,-0.1926823854446411,0.09481290727853775,-0.2169979065656662,0.03143918514251709,-0.24482281506061554,0.01808507740497589,-0.27410855889320374,-0.00862864963710308,-0.2826995253562927,0.018072323873639107,-0.24607081711292267,0.05816217511892319,-0.05822284147143364,0.0655854269862175,-0.06743890047073364,0.13131263852119446,0.031251274049282074,0.132582888007164,0.03553231805562973,0.05903860926628113,-0.06167659908533096,Walk-From-Chair
146,0.9996205568313599,0.9991559386253357,0.9990242123603821,0.9990792274475098,0.9992601275444031,0.9992239475250244,0.9993128180503845,0.9979217052459717,0.9988459348678589,0.9995220303535461,0.9995967745780945,0.9993181824684143,0.9997513294219971,0.6610833406448364,0.8725132346153259,0.5534515976905823,0.8107807040214539,0.48765259981155396,0.7800431251525879,0.4958195984363556,0.7828089594841003,0.4935668706893921,0.7692250609397888,0.9981114864349365,0.9982908964157104,0.780956506729126,0.8033613562583923,0.828312337398529,0.8110716342926025,0.7369908094406128,0.5624536871910095,0.8182654976844788,0.7853270769119263,0.18814310431480408,0.18872147798538208,0.18914900720119476,0.18951965868473053,0.18312348425388336,0.1795094907283783,0.1756552904844284,0.17921148240566254,0.16249367594718933,0.1835353672504425,0.17687536776065826,0.19157572090625763,0.10370860993862152,0.19960620999336243,0.09440017491579056,0.20035120844841003,0.1216219812631607,0.2015453279018402,0.12439171224832535,0.19676843285560608,0.13332942128181458,0.19224676489830017,0.13289634883403778,0.18003472685813904,0.13335241377353668,0.17945146560668945,0.14289917051792145,0.15887907147407532,0.1448160856962204,0.15238603949546814,0.13768213987350464,0.1950903981924057,0.17651954293251038,0.3184531331062317,0.30513954162597656,0.3047095835208893,0.3042713403701782,0.3035590946674347,0.301972359418869,0.3005063831806183,0.3061515986919403,0.30170565843582153,0.3309381604194641,0.3294970393180847,0.3807185888290405,0.384036660194397,0.47857666015625,0.49312862753868103,0.5644513368606567,0.5840082168579102,0.5903528928756714,0.6027507781982422,0.5910308361053467,0.6030733585357666,0.5826621651649475,0.5949310660362244,0.5810126662254333,0.5793306231498718,0.7155033349990845,0.7206754684448242,0.8644255995750427,0.8683336973190308,0.8807189464569092,0.8829067349433899,0.8963693380355835,0.8978368639945984,-0.14827747642993927,-0.1389167606830597,-0.13891850411891937,-0.1388891190290451,-0.1606849730014801,-0.16074447333812714,-0.16083820164203644,-0.07121185213327408,-0.1763933002948761,-0.12000038474798203,-0.14875969290733337,-0.007262386381626129,-0.19228506088256836,0.044208381325006485,-0.20838820934295654,-0.010813198983669281,-0.22438736259937286,-0.026131844148039818,-0.24815265834331512,-0.04738302156329155,-0.2616572082042694,-0.021462248638272285,-0.2278072088956833,0.04864167049527168,-0.04865945130586624,0.07184325158596039,-0.04692154377698898,0.13454878330230713,0.04060465842485428,0.13612154126167297,0.044448621571063995,0.07342424243688583,-0.04256423935294151,Walk-From-Chair
147,0.9996421337127686,0.9992031455039978,0.9990702271461487,0.9991168975830078,0.9993162155151367,0.9992839694023132,0.9993667006492615,0.9979879260063171,0.9989493489265442,0.99954754114151,0.9996299743652344,0.9993283748626709,0.9997752904891968,0.6287521123886108,0.8848697543144226,0.548195481300354,0.8288387060165405,0.4848252832889557,0.800330400466919,0.493571013212204,0.8027628660202026,0.4918363392353058,0.7897288799285889,0.9981378316879272,0.9984238743782043,0.7559865713119507,0.8078964352607727,0.8138457536697388,0.8163653612136841,0.7401155233383179,0.5776903629302979,0.8106228709220886,0.7907140851020813,0.1930283010005951,0.19288918375968933,0.19294996559619904,0.19288702309131622,0.18856394290924072,0.18543139100074768,0.18215002119541168,0.18096515536308289,0.16831529140472412,0.188267320394516,0.18260572850704193,0.18902269005775452,0.10722063481807709,0.1986575573682785,0.09639998525381088,0.19779232144355774,0.1263895034790039,0.20071342587471008,0.1288476586341858,0.19678159058094025,0.13665883243083954,0.19297859072685242,0.13658268749713898,0.17815420031547546,0.13593491911888123,0.1812995821237564,0.14679312705993652,0.15885576605796814,0.1457693725824356,0.15245330333709717,0.13897785544395447,0.19406534731388092,0.17889800667762756,0.3209437429904938,0.3069736361503601,0.3064667880535126,0.3058691620826721,0.3057895004749298,0.30442872643470764,0.3030482828617096,0.3062339723110199,0.3029772639274597,0.3333342373371124,0.33272886276245117,0.3810838758945465,0.384024977684021,0.47793254256248474,0.4940066635608673,0.5642954111099243,0.5846791863441467,0.5896642208099365,0.6036593317985535,0.590276300907135,0.6027759909629822,0.5813424587249756,0.5951737761497498,0.5780652761459351,0.5793723464012146,0.7136743664741516,0.7202033400535583,0.8569586873054504,0.8673733472824097,0.8791091442108154,0.8829853534698486,0.8888447880744934,0.8954850435256958,-0.14287568628787994,-0.1325882226228714,-0.13258466124534607,-0.13254913687705994,-0.15988245606422424,-0.15993869304656982,-0.16002708673477173,-0.06167059391736984,-0.18825817108154297,-0.11268701404333115,-0.14893943071365356,0.024368928745388985,-0.21190524101257324,0.08553722500801086,-0.2288033664226532,0.02132982574403286,-0.23401370644569397,0.010682167485356331,-0.25825566053390503,-0.01649806648492813,-0.26538529992103577,0.008038030937314034,-0.234379842877388,0.06807871907949448,-0.06812942773103714,0.12156578153371811,-0.09319289028644562,0.2193085253238678,-0.028299659490585327,0.22465717792510986,-0.027490895241498947,0.16458448767662048,-0.129034623503685,Walk-From-Chair
148,0.9996315836906433,0.9991706609725952,0.9990091919898987,0.9990372061729431,0.9993363618850708,0.9993085861206055,0.9993918538093567,0.9978110194206238,0.9990225434303284,0.9995080232620239,0.9996419548988342,0.9992517232894897,0.9997942447662354,0.5938591957092285,0.8959248065948486,0.545472264289856,0.8450789451599121,0.48555174469947815,0.8184318542480469,0.49621278047561646,0.8205949664115906,0.4950428605079651,0.8081784844398499,0.997818648815155,0.9984092712402344,0.7360510230064392,0.8012318015098572,0.795839786529541,0.8124052286148071,0.7362216711044312,0.5831030607223511,0.796642541885376,0.7840265035629272,0.19708678126335144,0.196713387966156,0.19687828421592712,0.19688479602336884,0.19214782118797302,0.18908169865608215,0.1858113408088684,0.18489885330200195,0.17220696806907654,0.19286248087882996,0.1869499385356903,0.1897040605545044,0.11185656487941742,0.19975700974464417,0.09741143882274628,0.21501167118549347,0.1300687938928604,0.2183946669101715,0.13358944654464722,0.22041840851306915,0.14103776216506958,0.2170252799987793,0.14040304720401764,0.18407601118087769,0.14017020165920258,0.18520095944404602,0.15209175646305084,0.17296364903450012,0.15402349829673767,0.16346824169158936,0.14921535551548004,0.19141283631324768,0.17865483462810516,0.3239315152168274,0.31007105112075806,0.30956390500068665,0.30898207426071167,0.30934518575668335,0.30827659368515015,0.3071137070655823,0.3084765374660492,0.30667611956596375,0.33616796135902405,0.3358919024467468,0.3810189962387085,0.3850470185279846,0.46837663650512695,0.49436962604522705,0.5152457356452942,0.5847932696342468,0.5313363671302795,0.6036481261253357,0.5214554071426392,0.6023066639900208,0.5166174173355103,0.5951025485992432,0.5667808055877686,0.5748729705810547,0.709927499294281,0.7148887515068054,0.8310417532920837,0.8586267828941345,0.8498934507369995,0.875176727771759,0.8852751851081848,0.8930484056472778,-0.1503119170665741,-0.14117419719696045,-0.14117950201034546,-0.1411592960357666,-0.16284500062465668,-0.1629066914319992,-0.1630256175994873,-0.0713360607624054,-0.2064029425382614,-0.12130270898342133,-0.15365386009216309,0.0018140655010938644,-0.21664030849933624,0.08345652371644974,-0.23083379864692688,0.04409734532237053,-0.22962959110736847,0.038984060287475586,-0.2489958554506302,0.012470203451812267,-0.25580257177352905,0.03145753964781761,-0.22970297932624817,0.05784568935632706,-0.057840485125780106,0.08865689486265182,-0.06524092704057693,0.17011792957782745,0.001664349576458335,0.17370598018169403,0.0012731199385598302,0.11216570436954498,-0.11357460916042328,Walk-From-Chair
149,0.9996306300163269,0.9991884827613831,0.9990265369415283,0.9990515112876892,0.9993650317192078,0.9993396401405334,0.9994192719459534,0.9978436827659607,0.9990931153297424,0.9995110630989075,0.9996588826179504,0.9992550015449524,0.9998113512992859,0.5601795315742493,0.905663251876831,0.537498950958252,0.8591551184654236,0.48142075538635254,0.8339282274246216,0.49283725023269653,0.8358010649681091,0.49162161350250244,0.8233240246772766,0.9978224039077759,0.9984753727912903,0.7088276147842407,0.7947220206260681,0.7811431884765625,0.810679018497467,0.7367076277732849,0.5944390892982483,0.7880873680114746,0.7830461263656616,0.20392334461212158,0.20252485573291779,0.20199136435985565,0.20132136344909668,0.19952335953712463,0.19673508405685425,0.19368770718574524,0.18728236854076385,0.17910714447498322,0.1980358362197876,0.19433948397636414,0.18929849565029144,0.11858644336462021,0.19813241064548492,0.10303648561239243,0.20732347667217255,0.13451573252677917,0.2092377245426178,0.13785423338413239,0.20773884654045105,0.14564892649650574,0.20445749163627625,0.1448751986026764,0.18256041407585144,0.1445620208978653,0.18343475461006165,0.15785406529903412,0.16965818405151367,0.16355730593204498,0.16237762570381165,0.15665678679943085,0.19093221426010132,0.18683141469955444,0.32400116324424744,0.3096463978290558,0.30916255712509155,0.30857208371162415,0.3087754547595978,0.30761998891830444,0.30642691254615784,0.3081498444080353,0.3064028322696686,0.3363563120365143,0.3356826603412628,0.38095536828041077,0.38502371311187744,0.4722398817539215,0.4951671361923218,0.5383506417274475,0.5853822827339172,0.5557536482810974,0.6047139763832092,0.5569376349449158,0.6019887924194336,0.5532750487327576,0.5950425863265991,0.5665227174758911,0.5739222168922424,0.7106323838233948,0.7136613130569458,0.8313670754432678,0.8489216566085815,0.8636981844902039,0.8752774596214294,0.8854100704193115,0.8935034275054932,-0.13963696360588074,-0.13051177561283112,-0.130508154630661,-0.13046477735042572,-0.16147039830684662,-0.16153043508529663,-0.16163967549800873,-0.06524662673473358,-0.21374312043190002,-0.11092092096805573,-0.15266141295433044,0.018024209886789322,-0.23941972851753235,0.07411377131938934,-0.2640998363494873,0.011517869308590889,-0.2567494213581085,0.0011927904561161995,-0.28039222955703735,-0.02165258303284645,-0.2831348478794098,0.0012159908656030893,-0.25524085760116577,0.06886213272809982,-0.06884490698575974,0.10472573339939117,-0.07270312309265137,0.1921563446521759,0.003156472695991397,0.19575659930706024,0.005009093787521124,0.1325656920671463,-0.08849907666444778,Walk-From-Chair
150,0.9996654391288757,0.9992643594741821,0.9991158246994019,0.9991376399993896,0.999426007270813,0.999403178691864,0.999475359916687,0.9980366826057434,0.9991819858551025,0.999556839466095,0.9996920824050903,0.9993024468421936,0.9998295307159424,0.5605676770210266,0.9147809147834778,0.5465673804283142,0.8725191950798035,0.4884694516658783,0.8491348624229431,0.5001189708709717,0.8508332371711731,0.4999523460865021,0.839172899723053,0.9979100227355957,0.9985852837562561,0.7048910856246948,0.7993318438529968,0.7761865258216858,0.8128668665885925,0.7412245273590088,0.6010355353355408,0.7867388725280762,0.7847632765769958,0.20400691032409668,0.2041759490966797,0.204393669962883,0.2044987678527832,0.19933947920799255,0.1960170567035675,0.19238325953483582,0.1931115835905075,0.17835722863674164,0.1997479349374771,0.19373390078544617,0.2009371966123581,0.1178961992263794,0.2132149040699005,0.10634744167327881,0.2173381745815277,0.13360747694969177,0.21824857592582703,0.13657188415527344,0.212100550532341,0.14376530051231384,0.20947830379009247,0.1442628651857376,0.1947670876979828,0.14751172065734863,0.1919449418783188,0.16157852113246918,0.1820819079875946,0.16581515967845917,0.1696186363697052,0.16309133172035217,0.19854727387428284,0.18745288252830505,0.3289579749107361,0.3132438063621521,0.3126758635044098,0.3119787573814392,0.3123328387737274,0.31094449758529663,0.3092370927333832,0.3106657564640045,0.30834251642227173,0.3413413166999817,0.3405870795249939,0.38100963830947876,0.3865182101726532,0.4731973111629486,0.49525052309036255,0.5519921183586121,0.5868234038352966,0.5737715363502502,0.6068726778030396,0.5758416056632996,0.604232132434845,0.5712620615959167,0.5969485640525818,0.5781139731407166,0.5824873447418213,0.7112163305282593,0.7163441181182861,0.8385016322135925,0.8499453663825989,0.8657860159873962,0.875396728515625,0.8884312510490417,0.8950244188308716,-0.14069870114326477,-0.13056306540966034,-0.13055361807346344,-0.1305115967988968,-0.15619714558124542,-0.15625151991844177,-0.15631145238876343,-0.059610120952129364,-0.18235790729522705,-0.111061692237854,-0.14571335911750793,0.011448175646364689,-0.20371773838996887,0.07127858698368073,-0.22147822380065918,0.021163981407880783,-0.23369476199150085,0.008635148406028748,-0.26044708490371704,-0.01455001998692751,-0.2713707983493805,0.010054005309939384,-0.23451311886310577,0.05825691297650337,-0.058261167258024216,0.09109295159578323,-0.061471372842788696,0.16892096400260925,0.012826556339859962,0.17222964763641357,0.01480236928910017,0.11179418861865997,-0.07622422277927399,Walk-From-Chair
151,0.9996848106384277,0.9993016123771667,0.9991512894630432,0.9991713166236877,0.999465823173523,0.9994456171989441,0.999514102935791,0.9980883002281189,0.9992507100105286,0.9995797276496887,0.99971604347229,0.9993301630020142,0.9998455047607422,0.5402489900588989,0.9228780269622803,0.5466700196266174,0.8841743469238281,0.49063876271247864,0.8620682954788208,0.5029169321060181,0.863570511341095,0.5021876692771912,0.8523054718971252,0.997904896736145,0.9986400604248047,0.6723772287368774,0.7897441387176514,0.7474623918533325,0.803595244884491,0.7307726144790649,0.600800633430481,0.7673649787902832,0.7762788534164429,0.20768365263938904,0.2079741656780243,0.20807723701000214,0.2080894410610199,0.20411475002765656,0.20143406093120575,0.19847314059734344,0.19640997052192688,0.18384012579917908,0.20338959991931915,0.19815118610858917,0.20214131474494934,0.12534895539283752,0.21322493255138397,0.11630203574895859,0.21752628684043884,0.13991907238960266,0.22029554843902588,0.1496271789073944,0.21532881259918213,0.15519177913665771,0.2125372439622879,0.1550467163324356,0.1992422193288803,0.1583310067653656,0.19746050238609314,0.1765669286251068,0.17700189352035522,0.16812540590763092,0.1672082096338272,0.16163739562034607,0.2057257890701294,0.19402138888835907,0.33686119318008423,0.3209826350212097,0.3204718828201294,0.3202599883079529,0.3190063536167145,0.31696823239326477,0.31464919447898865,0.31620660424232483,0.311216801404953,0.3472606837749481,0.3454784154891968,0.3827018737792969,0.3880862295627594,0.47429460287094116,0.4966190457344055,0.5536537170410156,0.5882126092910767,0.574434220790863,0.6403999328613281,0.5767089128494263,0.6071884632110596,0.5712168216705322,0.5990176796913147,0.5846716165542603,0.5854838490486145,0.7139138579368591,0.7232599258422852,0.8506550192832947,0.8598622679710388,0.868360161781311,0.8781753182411194,0.8903964161872864,0.8950638175010681,-0.14382319152355194,-0.1348610818386078,-0.13487181067466736,-0.1348499357700348,-0.15832862257957458,-0.158382385969162,-0.15842704474925995,-0.06647922098636627,-0.1908489465713501,-0.11562372744083405,-0.14820241928100586,0.012279117479920387,-0.20996162295341492,0.07166944444179535,-0.22369036078453064,0.013991842977702618,-0.2288244217634201,0.0021540371235460043,-0.2522602677345276,-0.022349437698721886,-0.2612156271934509,0.0020552112255245447,-0.22966596484184265,0.06558999419212341,-0.06562037020921707,0.09468504041433334,-0.06216378137469292,0.16503337025642395,0.020643260329961777,0.1679670512676239,0.023627543821930885,0.11357349157333374,-0.07064516842365265,Walk-From-Chair
152,0.999629020690918,0.9992209076881409,0.9990459084510803,0.9990654587745667,0.9994326233863831,0.9994179010391235,0.999491274356842,0.9979369044303894,0.9992722868919373,0.9995012879371643,0.9996973872184753,0.9992061257362366,0.9998559951782227,0.49177882075309753,0.929615318775177,0.5051651000976562,0.8929163813591003,0.45697444677352905,0.8708827495574951,0.46912333369255066,0.872187614440918,0.4688100218772888,0.8601842522621155,0.9977797865867615,0.998603880405426,0.6434389352798462,0.782213032245636,0.7285717129707336,0.8006817102432251,0.7268286943435669,0.6145320534706116,0.7562509179115295,0.7755770087242126,0.22169634699821472,0.21906474232673645,0.2182663232088089,0.21734745800495148,0.21766190230846405,0.2157847136259079,0.2136339396238327,0.202506422996521,0.1965583860874176,0.2169608622789383,0.21469171345233917,0.2004012167453766,0.13768921792507172,0.2122785747051239,0.12826165556907654,0.21529945731163025,0.14694443345069885,0.21495521068572998,0.1499098837375641,0.21217241883277893,0.15647706389427185,0.2094770222902298,0.15655824542045593,0.1972961127758026,0.16752608120441437,0.19418397545814514,0.18279828131198883,0.1765858232975006,0.1801987886428833,0.16718539595603943,0.17142990231513977,0.20984193682670593,0.20646026730537415,0.33427828550338745,0.3186987042427063,0.3182706832885742,0.3181530237197876,0.316864550113678,0.3150562047958374,0.31308117508888245,0.31505492329597473,0.3108769655227661,0.34495076537132263,0.3434999883174896,0.3848346769809723,0.3879963457584381,0.47444236278533936,0.49528709053993225,0.551801323890686,0.588047206401825,0.574948251247406,0.6366628408432007,0.5767399072647095,0.6069639921188354,0.5696781277656555,0.5992658734321594,0.5839651823043823,0.5860993266105652,0.7140006422996521,0.7231703400611877,0.8508809208869934,0.8577976822853088,0.8690314888954163,0.878117024898529,0.8901208639144897,0.8936004638671875,-0.10637831687927246,-0.09572235494852066,-0.0957346111536026,-0.09570805728435516,-0.12952055037021637,-0.129558727145195,-0.12962819635868073,-0.030941316857933998,-0.18812772631645203,-0.07795794308185577,-0.12248112261295319,0.05854935571551323,-0.22204148769378662,0.12507328391075134,-0.2539529800415039,0.09043300151824951,-0.24454347789287567,0.09106175601482391,-0.2667998671531677,0.06393411755561829,-0.26980695128440857,0.07713603228330612,-0.24355193972587585,0.0772596076130867,-0.0772228091955185,0.10810601711273193,-0.06118273735046387,0.17577385902404785,0.023937638849020004,0.1777569055557251,0.02723805233836174,0.12563447654247284,-0.05847001075744629,Walk-From-Chair
153,0.9995627403259277,0.9990794062614441,0.9988614320755005,0.9988614916801453,0.99937903881073,0.9993770718574524,0.9994576573371887,0.9976858496665955,0.9992942214012146,0.9993458986282349,0.9996659755706787,0.999060332775116,0.9998651742935181,0.4493047297000885,0.9351398348808289,0.4683888852596283,0.8991695642471313,0.42482370138168335,0.876479983329773,0.4363708198070526,0.877438485622406,0.4364659786224365,0.8638727068901062,0.9976286888122559,0.9985417723655701,0.6148752570152283,0.7795205116271973,0.7098715901374817,0.796169102191925,0.7222188711166382,0.6230003237724304,0.7469066977500916,0.7741991281509399,0.22210538387298584,0.22072091698646545,0.22018496692180634,0.21958640217781067,0.2190442532300949,0.21718640625476837,0.215061217546463,0.2067897617816925,0.2000879943370819,0.21775293350219727,0.21497742831707,0.20053303241729736,0.14901895821094513,0.20878322422504425,0.14030605554580688,0.21779246628284454,0.15981216728687286,0.21831873059272766,0.15949873626232147,0.22193065285682678,0.16851581633090973,0.22092470526695251,0.15843607485294342,0.19889993965625763,0.17233726382255554,0.20918524265289307,0.19141563773155212,0.1982380449771881,0.18768146634101868,0.18570297956466675,0.1768384873867035,0.23545081913471222,0.21906372904777527,0.33487972617149353,0.3194179832935333,0.31892129778862,0.3184956908226013,0.3181322515010834,0.3166862726211548,0.31498831510543823,0.31628620624542236,0.3125036358833313,0.3460179269313812,0.3443402647972107,0.3870399296283722,0.38584572076797485,0.4639221727848053,0.5002843737602234,0.47600439190864563,0.6086224317550659,0.4794074296951294,0.6444282531738281,0.47012859582901,0.6384621858596802,0.46996352076530457,0.5997984409332275,0.5838460326194763,0.5863997936248779,0.7133646011352539,0.723110020160675,0.8510322570800781,0.8542231917381287,0.8686817288398743,0.8831901550292969,0.8882194757461548,0.891970694065094,-0.10346414893865585,-0.09328342229127884,-0.09328991919755936,-0.09327422082424164,-0.12680381536483765,-0.126820370554924,-0.1268899142742157,-0.028559241443872452,-0.18524493277072906,-0.07531192898750305,-0.11956994235515594,0.06284503638744354,-0.22091594338417053,0.15181277692317963,-0.25867289304733276,0.17328323423862457,-0.24717867374420166,0.1826205849647522,-0.2632023096084595,0.1674516499042511,-0.26912784576416016,0.1658952683210373,-0.24700689315795898,0.0792844295501709,-0.07931135594844818,0.10419927537441254,-0.06448926031589508,0.16899441182613373,0.021864023059606552,0.17407484352588654,0.025856470689177513,0.11376641690731049,-0.05088198930025101,Walk-From-Chair
154,0.9995813369750977,0.9991253018379211,0.9989105463027954,0.9989072680473328,0.9994181394577026,0.9994178414344788,0.9994943141937256,0.9978123307228088,0.9993546605110168,0.9993619918823242,0.9996864795684814,0.9990370273590088,0.9998754858970642,0.4170844554901123,0.9403920769691467,0.45014962553977966,0.9058669805526733,0.4074566960334778,0.8831973075866699,0.4185177683830261,0.8839600086212158,0.4183618128299713,0.8694144487380981,0.9977151155471802,0.9986039996147156,0.6204695701599121,0.7930925488471985,0.7214416265487671,0.8087918758392334,0.7356916666030884,0.6412492394447327,0.7595159411430359,0.7873023152351379,0.22704775631427765,0.22600731253623962,0.22558970749378204,0.22507436573505402,0.22379529476165771,0.22172749042510986,0.2193373441696167,0.21209773421287537,0.20393046736717224,0.22209814190864563,0.2192329466342926,0.20690758526325226,0.15209902822971344,0.21615827083587646,0.13789042830467224,0.2286740094423294,0.1518392562866211,0.22715787589550018,0.15331324934959412,0.2311825007200241,0.16100020706653595,0.23065447807312012,0.15857157111167908,0.2050505131483078,0.17545916140079498,0.2226157933473587,0.19612258672714233,0.23056642711162567,0.1909409463405609,0.22106435894966125,0.1807810217142105,0.26407676935195923,0.22007524967193604,0.3358287215232849,0.32128217816352844,0.3207192122936249,0.3200647234916687,0.3200920820236206,0.3186763525009155,0.3169223368167877,0.31728094816207886,0.31356459856033325,0.3463112413883209,0.3445579409599304,0.3883189857006073,0.3858512341976166,0.46350786089897156,0.49648699164390564,0.46023324131965637,0.5910249352455139,0.45963814854621887,0.619165301322937,0.4496932327747345,0.6214507222175598,0.4511459171772003,0.5995765328407288,0.583747148513794,0.586842954158783,0.718268096446991,0.7266842126846313,0.850514829158783,0.8555237054824829,0.8679164052009583,0.8802306056022644,0.8880411982536316,0.8935807347297668,-0.10163307189941406,-0.09116543084383011,-0.09116630256175995,-0.09116785228252411,-0.12259183079004288,-0.12258651107549667,-0.12263558804988861,-0.024154014885425568,-0.17202739417552948,-0.07339832931756973,-0.11554040759801865,0.06012867018580437,-0.20824956893920898,0.1684442162513733,-0.2398684322834015,0.22259104251861572,-0.24401827156543732,0.23661716282367706,-0.2458697259426117,0.22623255848884583,-0.2526578903198242,0.21873125433921814,-0.24664878845214844,0.07407930493354797,-0.07411552965641022,0.10223090648651123,-0.05442966893315315,0.16453897953033447,0.03618564456701279,0.1687987744808197,0.04155879095196724,0.11082959175109863,-0.026385053992271423,Walk-From-Chair
155,0.9996093511581421,0.9991804957389832,0.9989690780639648,0.9989684224128723,0.9994624853134155,0.9994614124298096,0.9995341300964355,0.9979382753372192,0.9994127750396729,0.9994008541107178,0.9997115731239319,0.9990229606628418,0.9998847842216492,0.4063689708709717,0.9427734613418579,0.4454359710216522,0.9055836200714111,0.39723458886146545,0.8806921243667603,0.40624260902404785,0.8807101249694824,0.4063541293144226,0.864063024520874,0.9977990984916687,0.9986624717712402,0.6177958846092224,0.795899510383606,0.723810076713562,0.8131152987480164,0.7420694231987,0.6481821537017822,0.7654750943183899,0.7928138375282288,0.2266901433467865,0.22821661829948425,0.22846515476703644,0.22852616012096405,0.22462353110313416,0.22233974933624268,0.21975943446159363,0.2179611474275589,0.20605464279651642,0.2226521521806717,0.21822592616081238,0.2167874276638031,0.15360431373119354,0.23607270419597626,0.14229348301887512,0.23581013083457947,0.15462958812713623,0.2286440134048462,0.15701474249362946,0.22978070378303528,0.16426345705986023,0.23063667118549347,0.16425774991512299,0.2127322405576706,0.1791871041059494,0.22732464969158173,0.19626563787460327,0.23259547352790833,0.2070067673921585,0.22460398077964783,0.19554951786994934,0.25795042514801025,0.2361638844013214,0.33959606289863586,0.3269178569316864,0.32669636607170105,0.3263428807258606,0.32471969723701477,0.3227810561656952,0.3206893801689148,0.3230142295360565,0.316375732421875,0.34862658381462097,0.3464497923851013,0.3887852728366852,0.38634368777275085,0.4551660120487213,0.4944116175174713,0.40701401233673096,0.58838951587677,0.39544355869293213,0.6183294653892517,0.3854081332683563,0.6185652017593384,0.39118850231170654,0.6005670428276062,0.5837336182594299,0.5873185992240906,0.7200893759727478,0.7304153442382812,0.8506662249565125,0.8581798076629639,0.8682267069816589,0.8801568746566772,0.8848528265953064,0.9081118702888489,-0.08325067162513733,-0.07324256002902985,-0.07322985678911209,-0.07323067635297775,-0.10250715911388397,-0.10249415785074234,-0.10256830602884293,-0.005185961257666349,-0.14273206889629364,-0.0548345223069191,-0.09451770782470703,0.06450315564870834,-0.16121362149715424,0.1280735433101654,-0.18232014775276184,0.13499081134796143,-0.14059892296791077,0.13886739313602448,-0.1387847512960434,0.14107216894626617,-0.15050917863845825,0.13398268818855286,-0.14140430092811584,0.07018191367387772,-0.0701783075928688,0.0886714980006218,-0.05080682784318924,0.13062384724617004,0.03532523289322853,0.13229487836360931,0.040658000856637955,0.0796208307147026,-0.032834772020578384,Walk-From-Chair
156,0.999635636806488,0.9992361664772034,0.9990332722663879,0.9990288019180298,0.9995017051696777,0.9995015859603882,0.9995695352554321,0.9980390667915344,0.9994633793830872,0.9994433522224426,0.9997349977493286,0.9990469217300415,0.9998952746391296,0.3809577524662018,0.9480665922164917,0.4313456416130066,0.9139471650123596,0.3892594575881958,0.8906091451644897,0.39867568016052246,0.8906015157699585,0.39944878220558167,0.8750554323196411,0.9978834986686707,0.9987283945083618,0.6025769710540771,0.7985799312591553,0.7141924500465393,0.8113498091697693,0.7411326169967651,0.6498933434486389,0.759131133556366,0.7923186421394348,0.23102596402168274,0.2322666198015213,0.23288173973560333,0.23341357707977295,0.2275114357471466,0.2245996743440628,0.22136199474334717,0.22475183010101318,0.20819906890392303,0.2278871238231659,0.22163991630077362,0.22737514972686768,0.15976640582084656,0.2342519760131836,0.1513156145811081,0.23420903086662292,0.17048734426498413,0.23030540347099304,0.17329560220241547,0.22906136512756348,0.18025851249694824,0.22715714573860168,0.18107716739177704,0.21935780346393585,0.18421152234077454,0.22936391830444336,0.2009592056274414,0.22464433312416077,0.20700034499168396,0.21095779538154602,0.19738927483558655,0.25822725892066956,0.23943623900413513,0.3339705765247345,0.3207648694515228,0.3210197687149048,0.3212750256061554,0.3182317912578583,0.3166045844554901,0.3147916793823242,0.32270917296409607,0.3142509162425995,0.345041960477829,0.3427138924598694,0.3896617591381073,0.386314332485199,0.4650631546974182,0.49314430356025696,0.5227648615837097,0.5862340927124023,0.5552489161491394,0.6117761731147766,0.5566540956497192,0.6115681529045105,0.5451728105545044,0.5996361970901489,0.582751452922821,0.5866527557373047,0.7186765074729919,0.7266750931739807,0.8507104516029358,0.8523988127708435,0.8684216141700745,0.8711984157562256,0.8843709826469421,0.9058949947357178,-0.10104545205831528,-0.09159012138843536,-0.09157826751470566,-0.0915771946310997,-0.11983457952737808,-0.11985079199075699,-0.11991961300373077,-0.0242958702147007,-0.14214131236076355,-0.07298003882169724,-0.11023668199777603,0.05385830998420715,-0.16848590970039368,0.11611350625753403,-0.19119514524936676,0.07128723710775375,-0.1773926168680191,0.06079712510108948,-0.211831733584404,0.036744989454746246,-0.21570637822151184,0.05881233885884285,-0.17793011665344238,0.06862828880548477,-0.06863050162792206,0.09136306494474411,-0.050823111087083817,0.13547439873218536,0.030034299939870834,0.13805803656578064,0.03457747399806976,0.08674857765436172,-0.0351262204349041,Walk-From-Chair
157,0.9996685981750488,0.9993045330047607,0.9991186261177063,0.9991148710250854,0.9995464086532593,0.9995460510253906,0.9996081590652466,0.9982054233551025,0.9995130300521851,0.9994943737983704,0.9997594952583313,0.9991165995597839,0.9999046921730042,0.37942251563072205,0.9525728225708008,0.4438163638114929,0.9207260012626648,0.40230005979537964,0.8982962965965271,0.4114937484264374,0.8981814384460449,0.4118938744068146,0.8832319378852844,0.99800044298172,0.9988135099411011,0.606950581073761,0.8129464983940125,0.7309586405754089,0.8262248635292053,0.7559916377067566,0.672776997089386,0.7726815938949585,0.8075604438781738,0.23275546729564667,0.23370012640953064,0.23447942733764648,0.2351507693529129,0.2280340939760208,0.22470974922180176,0.22120539844036102,0.22635099291801453,0.20806729793548584,0.23012331128120422,0.22313904762268066,0.23259374499320984,0.16543349623680115,0.2405988872051239,0.15746992826461792,0.24840624630451202,0.17373663187026978,0.24787788093090057,0.17502720654010773,0.2438104897737503,0.1864614188671112,0.2375766783952713,0.18712295591831207,0.22621116042137146,0.19112960994243622,0.22869841754436493,0.20906496047973633,0.19338376820087433,0.24429550766944885,0.1903965175151825,0.23547866940498352,0.2392103672027588,0.28169015049934387,0.3351295590400696,0.32193803787231445,0.32210004329681396,0.32217273116111755,0.31979089975357056,0.31844279170036316,0.3169570863246918,0.3236881494522095,0.31732094287872314,0.34658852219581604,0.3442966341972351,0.39289742708206177,0.3901677131652832,0.47545507550239563,0.49244654178619385,0.5579223036766052,0.5857846140861511,0.5815445184707642,0.6102171540260315,0.592833399772644,0.6110076904296875,0.5751480460166931,0.5994566082954407,0.5830432772636414,0.5876575708389282,0.7199419140815735,0.7275358438491821,0.8555344939231873,0.8528493642807007,0.8732614517211914,0.8719317317008972,0.8844681978225708,0.905058741569519,-0.11179377138614655,-0.09668684005737305,-0.096702441573143,-0.09664954245090485,-0.12136121094226837,-0.12137728929519653,-0.12156401574611664,-0.028784791007637978,-0.1436915099620819,-0.07549239695072174,-0.11608173698186874,0.060627542436122894,-0.1734815239906311,0.1114521250128746,-0.2065386325120926,0.03623039647936821,-0.24450580775737762,0.023640811443328857,-0.2777048945426941,-0.0034818588756024837,-0.28193098306655884,0.02239694818854332,-0.2454674243927002,0.0752834677696228,-0.07529375702142715,0.09864199906587601,-0.08122658729553223,0.15104655921459198,-0.03159449249505997,0.15219929814338684,-0.031380750238895416,0.09085877239704132,-0.12008863687515259,Walk-From-Chair
158,0.9995962977409363,0.999203622341156,0.9989874362945557,0.9989967942237854,0.9994724988937378,0.999473512172699,0.9995463490486145,0.9979587197303772,0.9994953870773315,0.999407172203064,0.9997227191925049,0.9990267753601074,0.9999109506607056,0.3455358147621155,0.9562463760375977,0.40785643458366394,0.9260439872741699,0.3721288740634918,0.9040436148643494,0.3809700310230255,0.9038143157958984,0.3822166919708252,0.8885512948036194,0.9978786706924438,0.9987346529960632,0.575501024723053,0.806821882724762,0.6977893114089966,0.8111802935600281,0.7355005145072937,0.661855936050415,0.7480368614196777,0.796265184879303,0.24672918021678925,0.24455782771110535,0.24432051181793213,0.24398498237133026,0.24144859611988068,0.23886601626873016,0.23599345982074738,0.2317647635936737,0.2222137749195099,0.24264264106750488,0.23863914608955383,0.226770281791687,0.1798606961965561,0.2328369915485382,0.1650441437959671,0.23954185843467712,0.18295994400978088,0.23846888542175293,0.1830669492483139,0.23556025326251984,0.19037969410419464,0.231431245803833,0.19144774973392487,0.23088522255420685,0.2017025649547577,0.24159958958625793,0.21027836203575134,0.2287895679473877,0.21893727779388428,0.2113254815340042,0.2095012664794922,0.27089229226112366,0.255648136138916,0.33519965410232544,0.32150256633758545,0.32149824500083923,0.32139378786087036,0.31980791687965393,0.3186570703983307,0.3173247277736664,0.3225134015083313,0.31767404079437256,0.34649857878685,0.34478360414505005,0.3934597373008728,0.3900716006755829,0.47715944051742554,0.4924255311489105,0.5664113759994507,0.5852226614952087,0.5848779082298279,0.6090481281280518,0.5871813297271729,0.6096636056900024,0.5806086659431458,0.5992850065231323,0.5897712707519531,0.5903289914131165,0.7198032140731812,0.7273696660995483,0.8554273247718811,0.8637269735336304,0.8732138276100159,0.8830591440200806,0.8831583857536316,0.8944274187088013,-0.06531329452991486,-0.05387095734477043,-0.05391814559698105,-0.05391611531376839,-0.08604000508785248,-0.08606870472431183,-0.08615082502365112,0.010000912472605705,-0.13537326455116272,-0.037068258970975876,-0.08008594065904617,0.096814826130867,-0.17864778637886047,0.14542749524116516,-0.21748462319374084,0.09164771437644958,-0.2351141721010208,0.08524730056524277,-0.2570995092391968,0.055979687720537186,-0.268769770860672,0.07616505026817322,-0.2392876148223877,0.08002816140651703,-0.07996778190135956,0.0963449627161026,-0.07525226473808289,0.1508636474609375,-0.0056098587810993195,0.15172015130519867,-0.0030432960484176874,0.09140153974294662,-0.08518259227275848,Walk-From-Chair
159,0.9979099035263062,0.9971574544906616,0.9961299896240234,0.9969498515129089,0.997417151927948,0.9970231652259827,0.997713029384613,0.9944910407066345,0.996848464012146,0.9957674145698547,0.996609091758728,0.9972497820854187,0.9992912411689758,0.3128510117530823,0.9517624378204346,0.36850467324256897,0.8894067406654358,0.3373393416404724,0.8633692860603333,0.34558820724487305,0.8618592619895935,0.34697067737579346,0.8438247442245483,0.9976317882537842,0.9984976649284363,0.5445337295532227,0.8068888783454895,0.6817288994789124,0.8149412870407104,0.7248196005821228,0.6794310212135315,0.7326284050941467,0.7989091277122498,0.24690091609954834,0.2454160451889038,0.24527189135551453,0.245093435049057,0.24273566901683807,0.24060022830963135,0.238423153758049,0.2343398779630661,0.22688636183738708,0.24348191916942596,0.24018307030200958,0.22268931567668915,0.19760756194591522,0.22926239669322968,0.20739123225212097,0.23737382888793945,0.25116148591041565,0.23823948204517365,0.2617759108543396,0.23796212673187256,0.2629474997520447,0.23672442138195038,0.25974634289741516,0.22707311809062958,0.20779697597026825,0.24255061149597168,0.23214223980903625,0.23856398463249207,0.22944745421409607,0.22777917981147766,0.21872186660766602,0.26597684621810913,0.257457435131073,0.335216224193573,0.32150936126708984,0.3214675784111023,0.3213333487510681,0.3203605115413666,0.31962403655052185,0.31881293654441833,0.32316917181015015,0.32015860080718994,0.34685781598091125,0.3454143702983856,0.3934794068336487,0.3828439712524414,0.463411420583725,0.35219353437423706,0.4978175759315491,0.2969698905944824,0.5087969303131104,0.29159843921661377,0.5008075833320618,0.2964411973953247,0.4969373643398285,0.3023708462715149,0.5804031491279602,0.5801263451576233,0.6963292360305786,0.6795153021812439,0.777256965637207,0.7652852535247803,0.789928138256073,0.7766368985176086,0.8039759397506714,0.7986552119255066,-0.04019160941243172,-0.031155992299318314,-0.031198199838399887,-0.03125043213367462,-0.05893585830926895,-0.05889631062746048,-0.05889580398797989,0.030352134257555008,-0.09660068899393082,-0.013219115324318409,-0.050009358674287796,0.10059972107410431,-0.13951848447322845,0.1908372938632965,-0.2178894728422165,0.17534364759922028,-0.18478713929653168,0.17505116760730743,-0.202438086271286,0.1522558033466339,-0.18937382102012634,0.1639944612979889,-0.178876593708992,0.07697112113237381,-0.07694528996944427,0.11038128286600113,-0.044447220861911774,0.16552576422691345,0.028938641771674156,0.16844424605369568,0.0366453193128109,0.12927719950675964,0.001393847749568522,Walk-From-Chair
160,0.9978566765785217,0.9970000386238098,0.9959779977798462,0.9967695474624634,0.9973719716072083,0.9969990253448486,0.9976656436920166,0.9940579533576965,0.9968951344490051,0.995818555355072,0.9967591762542725,0.9973037838935852,0.9993557929992676,0.289626806974411,0.9542566537857056,0.3460051715373993,0.8968126177787781,0.3201814293861389,0.8712674975395203,0.32817915081977844,0.869564414024353,0.32925957441329956,0.8502403497695923,0.9974549412727356,0.998406708240509,0.5223180651664734,0.8104754090309143,0.6623304486274719,0.8152036070823669,0.7103902697563171,0.6844275593757629,0.717985212802887,0.8012489676475525,0.2577285170555115,0.25614190101623535,0.25560057163238525,0.2550322413444519,0.2547815442085266,0.2533237636089325,0.25186604261398315,0.24346666038036346,0.2410728484392166,0.2536189556121826,0.25214752554893494,0.2209457904100418,0.21126368641853333,0.20497024059295654,0.20146596431732178,0.22397151589393616,0.22411246597766876,0.22561542689800262,0.22727151215076447,0.22671684622764587,0.229405477643013,0.22688643634319305,0.2284521609544754,0.2288593053817749,0.2162420004606247,0.24681952595710754,0.23280200362205505,0.24109725654125214,0.20846250653266907,0.22146646678447723,0.195696622133255,0.2750140428543091,0.2593805491924286,0.3403623700141907,0.3263659179210663,0.3260158896446228,0.3254912793636322,0.3261110186576843,0.32575976848602295,0.3252803683280945,0.3263706564903259,0.3258916139602661,0.350857138633728,0.3501471281051636,0.39694944024086,0.38506367802619934,0.4751061797142029,0.4545045495033264,0.5306198596954346,0.5370053052902222,0.5421255230903625,0.5592374205589294,0.537641704082489,0.5608144402503967,0.525896430015564,0.5507705211639404,0.5827241539955139,0.5805922746658325,0.7072354555130005,0.6933450698852539,0.8247088193893433,0.7847767472267151,0.8293458223342896,0.8318101763725281,0.8646818995475769,0.8449608087539673,-0.041153017431497574,-0.03333813697099686,-0.03337056562304497,-0.033355142921209335,-0.0643802285194397,-0.06439953297376633,-0.06447040289640427,0.017888713628053665,-0.11941114813089371,-0.018049340695142746,-0.05859069153666496,0.09754377603530884,-0.17166462540626526,0.15616865456104279,-0.22107164561748505,0.1376415193080902,-0.19442367553710938,0.13268998265266418,-0.2224358767271042,0.11970852315425873,-0.19857355952262878,0.13371631503105164,-0.18078497052192688,0.08467571437358856,-0.0846758559346199,0.08948366343975067,-0.12696368992328644,0.12397865206003189,-0.06442104279994965,0.1223597377538681,-0.06108967214822769,0.06960278004407883,-0.12882667779922485,Walk-From-Chair
161,0.9980064630508423,0.9971627593040466,0.9962208867073059,0.9969315528869629,0.9975294470787048,0.9972020983695984,0.9978010058403015,0.9942529201507568,0.9971211552619934,0.99610835313797,0.9970130920410156,0.9974686503410339,0.9994143843650818,0.2742101848125458,0.9572712779045105,0.3343162536621094,0.9036602973937988,0.3104122281074524,0.8783831000328064,0.31882238388061523,0.8766819834709167,0.31984594464302063,0.8568348288536072,0.9975358843803406,0.9984285235404968,0.5380027294158936,0.8234418034553528,0.6753223538398743,0.826804518699646,0.7158049941062927,0.6895231008529663,0.7278292775154114,0.811682403087616,0.2690700888633728,0.26643022894859314,0.266166627407074,0.26582056283950806,0.26393452286720276,0.26183536648750305,0.2595084309577942,0.2560219466686249,0.24798457324504852,0.26636767387390137,0.2632632553577423,0.24440081417560577,0.2116389274597168,0.24822604656219482,0.20672225952148438,0.24288220703601837,0.2192274034023285,0.24586477875709534,0.2202850878238678,0.24117246270179749,0.22547245025634766,0.2393675148487091,0.22520622611045837,0.23960228264331818,0.21772055327892303,0.2740383744239807,0.22511354088783264,0.29467156529426575,0.18218638002872467,0.2890821397304535,0.17204880714416504,0.32412242889404297,0.2289176732301712,0.3395538628101349,0.32537737488746643,0.3250403106212616,0.32454654574394226,0.32494184374809265,0.3244200050830841,0.3237537145614624,0.325355589389801,0.32441622018814087,0.3502768278121948,0.34948721528053284,0.39686745405197144,0.38690465688705444,0.48968127369880676,0.4937681555747986,0.5603159666061401,0.5795871615409851,0.5806251764297485,0.6035872101783752,0.5821945071220398,0.6053791642189026,0.5759924054145813,0.5949465036392212,0.5825543999671936,0.5807400941848755,0.7080943584442139,0.70396888256073,0.8425279259681702,0.8333974480628967,0.8607003688812256,0.8628717660903931,0.8808481097221375,0.8898373246192932,-0.10058877617120743,-0.08958293497562408,-0.08963458985090256,-0.0896458551287651,-0.11924634128808975,-0.11930374801158905,-0.11938916146755219,-0.020438380539417267,-0.1544896513223648,-0.07064385712146759,-0.10972867906093597,0.08189161121845245,-0.2029615342617035,0.12370425462722778,-0.22780296206474304,0.07966583967208862,-0.21196511387825012,0.07397773116827011,-0.2398357391357422,0.04922598972916603,-0.23860430717468262,0.06755657494068146,-0.20868881046772003,0.08285164833068848,-0.08287569880485535,0.0786174014210701,-0.10728640854358673,0.12277959287166595,-0.029946422204375267,0.12186276912689209,-0.02652357518672943,0.06105967238545418,-0.10833154618740082,Walk-From-Chair
162,0.9981378316879272,0.9973058104515076,0.9964097142219543,0.9970834851264954,0.9976769089698792,0.997369110584259,0.9979293942451477,0.9944032430648804,0.9972955584526062,0.996374249458313,0.9972417950630188,0.9975768327713013,0.9994617700576782,0.25372445583343506,0.9568474292755127,0.31901460886001587,0.9045371413230896,0.30044007301330566,0.8781599998474121,0.3091934025287628,0.8760431408882141,0.30979394912719727,0.8545610904693604,0.9973885416984558,0.998332142829895,0.5067039728164673,0.801056444644928,0.6464194655418396,0.8140922784805298,0.6975230574607849,0.6846415400505066,0.7044748663902283,0.7996859550476074,0.2780652344226837,0.2756967842578888,0.27523988485336304,0.27462679147720337,0.2728695273399353,0.270405113697052,0.26768869161605835,0.26198917627334595,0.2541140615940094,0.274598628282547,0.2710777223110199,0.25236135721206665,0.22458653151988983,0.25604942440986633,0.22476065158843994,0.2595810294151306,0.23766079545021057,0.26418787240982056,0.2381439208984375,0.26198190450668335,0.24062010645866394,0.2702474892139435,0.24051538109779358,0.25484922528266907,0.23465485870838165,0.26810091733932495,0.26092857122421265,0.26509085297584534,0.25778263807296753,0.255409300327301,0.24850866198539734,0.30308178067207336,0.2957729697227478,0.3317045569419861,0.31823423504829407,0.31780004501342773,0.31724807620048523,0.3188113868236542,0.31901267170906067,0.31896698474884033,0.3197563886642456,0.3228552043437958,0.34352752566337585,0.3442310690879822,0.3922351598739624,0.3857804536819458,0.4882263243198395,0.4933391511440277,0.556958794593811,0.5833678841590881,0.5673208832740784,0.6108866930007935,0.5645058751106262,0.6112646460533142,0.5610039830207825,0.6018906831741333,0.5700936913490295,0.5710636973381042,0.7003324627876282,0.706007182598114,0.828141450881958,0.8390394449234009,0.8477506637573242,0.8657309412956238,0.8740659952163696,0.8869593739509583,-0.061248939484357834,-0.050056684762239456,-0.05011308938264847,-0.05012208968400955,-0.08044734597206116,-0.0804586112499237,-0.08051747828722,0.01535293273627758,-0.12141261994838715,-0.03277315944433212,-0.07228442281484604,0.10397724062204361,-0.1800399124622345,0.15323154628276825,-0.2051876336336136,0.0991198867559433,-0.1818007528781891,0.09348355978727341,-0.2046002894639969,0.06718099862337112,-0.20485424995422363,0.08518919348716736,-0.1797981560230255,0.08080248534679413,-0.08081616461277008,0.06863420456647873,-0.09774407744407654,0.1014573946595192,-0.046527519822120667,0.10037638992071152,-0.04534918814897537,0.04480219632387161,-0.1223122626543045,Walk-From-Chair
163,0.9982677102088928,0.9973838925361633,0.9964912533760071,0.9971209168434143,0.9978160858154297,0.9975399374961853,0.9980764389038086,0.9940950870513916,0.9974930882453918,0.9966475963592529,0.9974918365478516,0.9976543188095093,0.999514102935791,0.23938696086406708,0.9603846073150635,0.30833378434181213,0.9122737646102905,0.29384133219718933,0.886995792388916,0.3024445176124573,0.8849590420722961,0.30254510045051575,0.8642489910125732,0.9973281025886536,0.9984285831451416,0.49321889877319336,0.8083913922309875,0.6501213312149048,0.8254328966140747,0.7041262984275818,0.7045720219612122,0.708489179611206,0.8102145791053772,0.28229981660842896,0.28091925382614136,0.28080159425735474,0.2806032598018646,0.27780503034591675,0.27527257800102234,0.2729092240333557,0.26976650953292847,0.2604251205921173,0.2802872359752655,0.276315838098526,0.26771172881126404,0.22728979587554932,0.2724640369415283,0.21825435757637024,0.267747700214386,0.2379021942615509,0.2726459801197052,0.24080470204353333,0.2691827416419983,0.24555008113384247,0.26855871081352234,0.245369553565979,0.2621624767780304,0.2445925921201706,0.26166456937789917,0.28157833218574524,0.19873802363872528,0.30445826053619385,0.19280485808849335,0.3011952340602875,0.21113470196723938,0.3298932909965515,0.3317408263683319,0.31788843870162964,0.3173981010913849,0.31676480174064636,0.31835323572158813,0.3185013234615326,0.3185323476791382,0.31810906529426575,0.3227686583995819,0.3435458242893219,0.34421783685684204,0.3936005234718323,0.38813963532447815,0.49036315083503723,0.4952548146247864,0.5622193813323975,0.5872989296913147,0.5861056447029114,0.6127707362174988,0.5889281034469604,0.6124786734580994,0.5790805220603943,0.6027690768241882,0.5758660435676575,0.5777527689933777,0.7015416622161865,0.7120659351348877,0.8284496665000916,0.8510404229164124,0.8488644361495972,0.8702240586280823,0.8707306385040283,0.8872812390327454,-0.13275612890720367,-0.12170946598052979,-0.12172951549291611,-0.12168607860803604,-0.1483101099729538,-0.1483617126941681,-0.14847299456596375,-0.04681207984685898,-0.1672089397907257,-0.10043936967849731,-0.1350315511226654,0.05704685300588608,-0.2085232436656952,0.09019118547439575,-0.24863985180854797,0.005585578270256519,-0.2675979435443878,-0.006096447352319956,-0.29967841506004333,-0.03129454329609871,-0.3026614487171173,-0.008405165746808052,-0.26717326045036316,0.07970762997865677,-0.07972748577594757,0.11333785206079483,-0.09049396216869354,0.19801753759384155,-0.03278719261288643,0.20196211338043213,-0.032030366361141205,0.1429556906223297,-0.11881367117166519,Walk-From-Chair
164,0.9982045292854309,0.9970808029174805,0.9960535168647766,0.9967085123062134,0.9976789951324463,0.9974489808082581,0.9980098009109497,0.9927598834037781,0.9974933862686157,0.9965254664421082,0.997568666934967,0.9975810050964355,0.9995574951171875,0.21859638392925262,0.9624838829040527,0.2842135727405548,0.9171615839004517,0.2723221778869629,0.8919529914855957,0.2805107831954956,0.8899012207984924,0.28097981214523315,0.8686838746070862,0.9973588585853577,0.9984157681465149,0.4729796051979065,0.8035396933555603,0.6302772760391235,0.8172257542610168,0.6911025643348694,0.6934646368026733,0.6968604326248169,0.803311824798584,0.29369738698005676,0.2901533544063568,0.2898736894130707,0.2895388603210449,0.28716641664505005,0.2846464514732361,0.2819437086582184,0.2777562439441681,0.2675529420375824,0.29147595167160034,0.2873169779777527,0.2656397521495819,0.24353063106536865,0.2645014822483063,0.24398747086524963,0.26613107323646545,0.26050055027008057,0.27057021856307983,0.26198810338974,0.2721855044364929,0.26664823293685913,0.270120769739151,0.26660704612731934,0.273506224155426,0.25594252347946167,0.2870809733867645,0.2577076554298401,0.29920443892478943,0.25951191782951355,0.2925988435745239,0.2194080799818039,0.3256641626358032,0.2901233732700348,0.32029154896736145,0.30595511198043823,0.30549344420433044,0.30499696731567383,0.30650821328163147,0.30668240785598755,0.3069123327732086,0.30842235684394836,0.3135787546634674,0.33297863602638245,0.333379328250885,0.3861578106880188,0.38635537028312683,0.488288551568985,0.4974563717842102,0.561054527759552,0.5891924500465393,0.5862134695053101,0.6122918725013733,0.5876621007919312,0.6109548807144165,0.5766739249229431,0.6018679738044739,0.5787491202354431,0.5782746076583862,0.7044479250907898,0.7135185599327087,0.8450317978858948,0.8475940823554993,0.8641360402107239,0.8598040342330933,0.8700880408287048,0.8871820569038391,-0.1300259679555893,-0.12119963020086288,-0.12123141437768936,-0.12122230231761932,-0.15362966060638428,-0.1536932736635208,-0.15379618108272552,-0.057366419583559036,-0.2065875083208084,-0.10093100368976593,-0.143549382686615,0.04818754270672798,-0.25756388902664185,0.10237838327884674,-0.2829163670539856,0.031342845410108566,-0.26395183801651,-0.001235452713444829,-0.2898293137550354,-0.029021894559264183,-0.2938796579837799,0.020126838237047195,-0.26359429955482483,0.08162961155176163,-0.0816705971956253,0.11985190212726593,-0.05683303624391556,0.20739445090293884,0.060490746051073074,0.21129298210144043,0.06808039546012878,0.16215313971042633,-0.002937720622867346,Walk-From-Chair
165,0.998300313949585,0.997123122215271,0.9961339235305786,0.9967397451400757,0.9977467656135559,0.9975442886352539,0.9980704188346863,0.992499053478241,0.9975967407226562,0.9966867566108704,0.9977315664291382,0.9976882934570312,0.9995976090431213,0.2047620564699173,0.9652922749519348,0.27674710750579834,0.9230135083198547,0.2688758373260498,0.8986576199531555,0.2774990200996399,0.8967026472091675,0.27805107831954956,0.8756121397018433,0.9974473118782043,0.9984742999076843,0.4790213108062744,0.8120008111000061,0.6399450898170471,0.828551173210144,0.7012470960617065,0.7074225544929504,0.7080298662185669,0.8153215050697327,0.2983766794204712,0.2966374456882477,0.2963830232620239,0.29606279730796814,0.2935105860233307,0.29062145948410034,0.2881127595901489,0.28467634320259094,0.2744298279285431,0.29549556970596313,0.2917981743812561,0.276864618062973,0.2438846081495285,0.27275487780570984,0.2387399673461914,0.2749766707420349,0.2569431960582733,0.28073862195014954,0.26086387038230896,0.28116318583488464,0.266390323638916,0.27850133180618286,0.26561370491981506,0.28223273158073425,0.2578381597995758,0.2892175316810608,0.2721298038959503,0.27087563276290894,0.27529507875442505,0.26230472326278687,0.26547032594680786,0.29988008737564087,0.30730921030044556,0.32467207312583923,0.31101104617118835,0.3105071783065796,0.3097877502441406,0.3102089762687683,0.30940958857536316,0.3088618218898773,0.30942612886428833,0.31368282437324524,0.3338228464126587,0.3336911201477051,0.3864825665950775,0.38635319471359253,0.4884903132915497,0.4943154752254486,0.5633165240287781,0.5853234529495239,0.5868489742279053,0.6062719225883484,0.5890300273895264,0.6059948205947876,0.5809005498886108,0.5980290770530701,0.5738704800605774,0.5710137486457825,0.6975644826889038,0.7025509476661682,0.8186561465263367,0.8306776881217957,0.8355468511581421,0.8475949764251709,0.8587589263916016,0.8753182888031006,-0.11907756328582764,-0.10921391099691391,-0.10924334824085236,-0.10923393815755844,-0.13995784521102905,-0.13999894261360168,-0.14007800817489624,-0.045333798974752426,-0.18764309585094452,-0.09013321250677109,-0.1300165355205536,0.07397206872701645,-0.22859184443950653,0.11566106230020523,-0.2636059522628784,0.052971236407756805,-0.2619571089744568,0.041275106370449066,-0.29068174958229065,0.01564371958374977,-0.2907521724700928,0.03950358182191849,-0.2602574825286865,0.08492092788219452,-0.08490099757909775,0.11184227466583252,-0.06489674746990204,0.1854947805404663,0.03172694146633148,0.18757611513137817,0.034939710050821304,0.13793906569480896,-0.05687350034713745,Walk-From-Chair
166,0.9984106421470642,0.9972532987594604,0.9962891340255737,0.9968586564064026,0.9978909492492676,0.9977117776870728,0.9982041120529175,0.9925879240036011,0.9977809190750122,0.9969159960746765,0.9979272484779358,0.9977992177009583,0.999636173248291,0.1903916895389557,0.9682166576385498,0.26253172755241394,0.929363489151001,0.25752508640289307,0.9061208963394165,0.2660866677761078,0.9042536616325378,0.26645374298095703,0.8837218284606934,0.9975219964981079,0.998518705368042,0.48978307843208313,0.818422794342041,0.6431009769439697,0.8366122841835022,0.7035745978355408,0.7159842848777771,0.7165992856025696,0.8255274295806885,0.30997198820114136,0.3068268895149231,0.3068147301673889,0.30677735805511475,0.3034477233886719,0.3008821904659271,0.29823318123817444,0.2958372235298157,0.28454095125198364,0.3078947067260742,0.3035448491573334,0.28802886605262756,0.2529442608356476,0.28925931453704834,0.250679075717926,0.2883729636669159,0.2748550474643707,0.29357942938804626,0.27606716752052307,0.29397130012512207,0.2809552848339081,0.2920584976673126,0.2811085879802704,0.30088523030281067,0.27405068278312683,0.31172803044319153,0.2761671245098114,0.28380605578422546,0.2584662437438965,0.26132699847221375,0.24642100930213928,0.30664247274398804,0.2904694676399231,0.31403863430023193,0.29904234409332275,0.2987207770347595,0.29841339588165283,0.2990157902240753,0.2988368272781372,0.2987862825393677,0.3016510605812073,0.30451250076293945,0.32459649443626404,0.32469117641448975,0.38090386986732483,0.38510820269584656,0.48684215545654297,0.49278780817985535,0.56187504529953,0.5906846523284912,0.588224470615387,0.6152825951576233,0.589769184589386,0.6165204644203186,0.5798032879829407,0.605908989906311,0.5742552280426025,0.5751160979270935,0.7040587067604065,0.7076975107192993,0.8201545476913452,0.8327856063842773,0.8410244584083557,0.8545805811882019,0.8629343509674072,0.8760246634483337,-0.13007821142673492,-0.11810163408517838,-0.11812951415777206,-0.11809974908828735,-0.15082894265651703,-0.15087655186653137,-0.15096420049667358,-0.04145841673016548,-0.18804284930229187,-0.09629025310277939,-0.13879017531871796,0.07209861278533936,-0.23949973285198212,0.11828140914440155,-0.2770155370235443,0.05798199027776718,-0.28394216299057007,0.04887280613183975,-0.31493350863456726,0.023510867729783058,-0.319797545671463,0.044010378420352936,-0.28395816683769226,0.08685894310474396,-0.08686310052871704,0.11733915656805038,-0.059904925525188446,0.20655302703380585,0.04492324963212013,0.21036796271800995,0.04985332116484642,0.1495048999786377,-0.04144395515322685,Turn-First
167,0.998516857624054,0.9973673820495605,0.9964377880096436,0.9969667196273804,0.9980273246765137,0.9978710412979126,0.9983303546905518,0.9927853345870972,0.9979425668716431,0.9971455931663513,0.998108446598053,0.997834324836731,0.9996709227561951,0.18025529384613037,0.9706339836120605,0.24931080639362335,0.9342344403266907,0.2465560883283615,0.9115089178085327,0.2547850012779236,0.9096584916114807,0.25505679845809937,0.8890026211738586,0.9973608255386353,0.9985231161117554,0.48416343331336975,0.8231447339057922,0.6360398530960083,0.8424721360206604,0.7026916742324829,0.7290685772895813,0.7183566093444824,0.8324793577194214,0.32181316614151,0.31878435611724854,0.31861600279808044,0.31848815083503723,0.31599852442741394,0.3136689364910126,0.31122344732284546,0.30685484409332275,0.2962909936904907,0.31889599561691284,0.31515926122665405,0.29863256216049194,0.2640104591846466,0.3100776672363281,0.25814563035964966,0.3092896640300751,0.2884387969970703,0.3145827651023865,0.290595680475235,0.3160631060600281,0.29645219445228577,0.31385356187820435,0.2959292531013489,0.31135958433151245,0.28805187344551086,0.3123118281364441,0.3025731146335602,0.2723369598388672,0.29722875356674194,0.25576579570770264,0.28075215220451355,0.29742664098739624,0.33070817589759827,0.3143179714679718,0.2984919548034668,0.2979958653450012,0.2975274622440338,0.29855599999427795,0.29823535680770874,0.29797932505607605,0.30102434754371643,0.3035065531730652,0.3257662057876587,0.32610413432121277,0.3816143572330475,0.3860320448875427,0.48846063017845154,0.49831467866897583,0.5656039714813232,0.5924039483070374,0.5947878956794739,0.6167821288108826,0.5934600234031677,0.6160617470741272,0.5871407985687256,0.6068270206451416,0.5774503946304321,0.580596387386322,0.7048949599266052,0.7204543948173523,0.8231016397476196,0.8570468425750732,0.8392149209976196,0.8670523166656494,0.862616240978241,0.8846847414970398,-0.1813066303730011,-0.1682949960231781,-0.16831466555595398,-0.16827532649040222,-0.20081350207328796,-0.20087459683418274,-0.2009836733341217,-0.08212757855653763,-0.22820350527763367,-0.14438942074775696,-0.18655739724636078,0.04045865684747696,-0.2787734568119049,0.0855075865983963,-0.3219216763973236,0.008176031522452831,-0.3421083092689514,-0.0018458322156220675,-0.3779962658882141,-0.02761954441666603,-0.383736252784729,-0.006422916892915964,-0.3429866433143616,0.09203536808490753,-0.09203798323869705,0.16984064877033234,-0.0585712268948555,0.29577574133872986,0.03765137121081352,0.3038269877433777,0.04145364463329315,0.24679794907569885,-0.04838605970144272,Turn-First
168,0.998569130897522,0.9973760843276978,0.9964504837989807,0.996950089931488,0.9980671405792236,0.9979375004768372,0.9983874559402466,0.9924699068069458,0.9980164766311646,0.9972857236862183,0.9982414841651917,0.9978724718093872,0.9996982216835022,0.17496995627880096,0.9730173349380493,0.24422310292720795,0.9391044974327087,0.241622656583786,0.9167690873146057,0.2505447566509247,0.9149931073188782,0.2500726878643036,0.8941711783409119,0.9973799586296082,0.9984688758850098,0.490842342376709,0.8186439871788025,0.6350033283233643,0.8396326303482056,0.6995598673820496,0.7184018492698669,0.7220743894577026,0.8334908485412598,0.32910269498825073,0.3257109522819519,0.32553476095199585,0.3253496289253235,0.3227539658546448,0.3202762007713318,0.31760451197624207,0.3136036992073059,0.30206671357154846,0.3271297514438629,0.32285866141319275,0.319338858127594,0.26769518852233887,0.32705575227737427,0.26585257053375244,0.3278321325778961,0.29985934495925903,0.33429524302482605,0.3000032603740692,0.33002880215644836,0.30515190958976746,0.3266453146934509,0.30559587478637695,0.3204343914985657,0.2864512503147125,0.3162555694580078,0.2958119511604309,0.28125548362731934,0.2847598195075989,0.2710447311401367,0.2745530605316162,0.30037105083465576,0.30670642852783203,0.305018812417984,0.2907951772212982,0.290631502866745,0.29056376218795776,0.29119256138801575,0.2913151979446411,0.2915128767490387,0.2972787916660309,0.29881933331489563,0.31905844807624817,0.31954702734947205,0.3822673261165619,0.38663890957832336,0.4870000183582306,0.4973383843898773,0.5658349990844727,0.588903546333313,0.592511773109436,0.6122958064079285,0.5930197238922119,0.6119257211685181,0.5848119258880615,0.6029196977615356,0.5776576399803162,0.5806673169136047,0.7097814083099365,0.7195355296134949,0.8259680867195129,0.8501763939857483,0.8415316343307495,0.8651434779167175,0.8633061051368713,0.8749376535415649,-0.21880009770393372,-0.2030743658542633,-0.2031131237745285,-0.2031104862689972,-0.23320500552654266,-0.23327669501304626,-0.23340420424938202,-0.10451169312000275,-0.2408720701932907,-0.17804692685604095,-0.21735522150993347,0.018217964097857475,-0.2731928527355194,0.06743020564317703,-0.3061037063598633,-0.028939997777342796,-0.34033632278442383,-0.046856917440891266,-0.3779926896095276,-0.07623440027236938,-0.38672953844070435,-0.04565586894750595,-0.34253066778182983,0.08554889261722565,-0.08552183955907822,0.09406600892543793,-0.05858362838625908,0.2538425326347351,0.11136917769908905,0.264055460691452,0.1220661848783493,0.18492808938026428,0.00569199351593852,Turn-First
169,0.9983891844749451,0.996701717376709,0.995598316192627,0.9962442517280579,0.9977179765701294,0.9976141452789307,0.9980961084365845,0.9898005723953247,0.9976732134819031,0.996990442276001,0.9981749057769775,0.9978561997413635,0.9997143149375916,0.16325031220912933,0.9738371968269348,0.23228473961353302,0.9410447478294373,0.23093119263648987,0.9181351661682129,0.24036206305027008,0.9164396524429321,0.2400798797607422,0.893764078617096,0.997390866279602,0.9983407855033875,0.4974319636821747,0.8071891069412231,0.6287789940834045,0.8332551717758179,0.693415105342865,0.706513524055481,0.7229907512664795,0.8330005407333374,0.34261661767959595,0.3366723954677582,0.33573731780052185,0.33479130268096924,0.33546435832977295,0.33360302448272705,0.3315965235233307,0.32118821144104004,0.3168594241142273,0.33926600217819214,0.33718541264533997,0.3281993269920349,0.2806928753852844,0.3284934461116791,0.28110766410827637,0.341764360666275,0.31044477224349976,0.3496395945549011,0.3101099133491516,0.35111603140830994,0.314665824174881,0.34187304973602295,0.31542447209358215,0.3340049684047699,0.29782456159591675,0.33282771706581116,0.3061162829399109,0.29514098167419434,0.2932735085487366,0.28622034192085266,0.2842806577682495,0.31312984228134155,0.31302767992019653,0.29606711864471436,0.2831093370914459,0.2831162214279175,0.28329890966415405,0.28375521302223206,0.28424766659736633,0.28489693999290466,0.2920164167881012,0.29313400387763977,0.3101186156272888,0.3103957772254944,0.3754408657550812,0.3840401768684387,0.4776363968849182,0.49616631865501404,0.5634424090385437,0.5866697430610657,0.5886986255645752,0.6357612013816833,0.5893484354019165,0.6090863943099976,0.5811650156974792,0.6001908779144287,0.5759639739990234,0.5800241827964783,0.7095621824264526,0.7189627289772034,0.820925772190094,0.8336568474769592,0.8355370163917542,0.8498178124427795,0.8634570240974426,0.8749290108680725,-0.17316505312919617,-0.1598985493183136,-0.1599341183900833,-0.15992893278598785,-0.192733496427536,-0.19278830289840698,-0.19290995597839355,-0.07605285197496414,-0.22781431674957275,-0.13739708065986633,-0.1802903562784195,0.027781402692198753,-0.2787248492240906,0.09231746941804886,-0.3171904683113098,0.0290010217577219,-0.32040518522262573,0.021513909101486206,-0.35195499658584595,-0.01277690939605236,-0.3600866198539734,0.009454647079110146,-0.3220323920249939,0.08836483955383301,-0.08835113793611526,0.08216848969459534,-0.05092053487896919,0.23076143860816956,0.13299711048603058,0.239474818110466,0.14557687938213348,0.16725336015224457,0.04391065984964371,Turn-First
170,0.9966189861297607,0.9935722947120667,0.9916126728057861,0.9931626915931702,0.9959486126899719,0.9958649277687073,0.996820867061615,0.9811155796051025,0.995820939540863,0.9938161969184875,0.9969020485877991,0.9971709251403809,0.9997149705886841,0.14833663403987885,0.9707531929016113,0.21224947273731232,0.9384804368019104,0.2123595029115677,0.914767324924469,0.22092093527317047,0.9125744104385376,0.22040575742721558,0.8857389688491821,0.9963715672492981,0.9975380301475525,0.47550633549690247,0.7939687371253967,0.6052709817886353,0.8222548365592957,0.6740456819534302,0.7042050361633301,0.7050761580467224,0.8267322182655334,0.35142892599105835,0.34584999084472656,0.3445855379104614,0.34322652220726013,0.34539154171943665,0.34392958879470825,0.3424052298069,0.32941678166389465,0.328547865152359,0.3464762270450592,0.3452717065811157,0.30818337202072144,0.3083162307739258,0.3130304217338562,0.3068644106388092,0.32818955183029175,0.3271554112434387,0.326460063457489,0.32954567670822144,0.3295285105705261,0.3310061991214752,0.3274516761302948,0.3288417458534241,0.3218323290348053,0.30991700291633606,0.32842594385147095,0.32303065061569214,0.30431050062179565,0.3066486716270447,0.29642021656036377,0.3002571761608124,0.31892088055610657,0.32638245820999146,0.29886630177497864,0.2854126989841461,0.28520211577415466,0.28512752056121826,0.28598660230636597,0.2862042784690857,0.28655850887298584,0.2921355664730072,0.2940778434276581,0.31294193863868713,0.31326621770858765,0.37579360604286194,0.3805404603481293,0.4761591851711273,0.49574965238571167,0.5447289943695068,0.5858443975448608,0.5746253132820129,0.6157435178756714,0.5755284428596497,0.6040564775466919,0.5640583038330078,0.5991819500923157,0.5758371353149414,0.5794395208358765,0.7071462273597717,0.718199610710144,0.8231987357139587,0.8326806426048279,0.8382439017295837,0.8499748706817627,0.8637468814849854,0.8744295835494995,-0.12843497097492218,-0.11636506021022797,-0.11640794575214386,-0.11638684570789337,-0.15486446022987366,-0.15490327775478363,-0.15505045652389526,-0.04716366529464722,-0.2134760171175003,-0.09737737476825714,-0.14732056856155396,0.06753964722156525,-0.2682061493396759,0.10741107165813446,-0.3079097867012024,0.04349634796380997,-0.3045727014541626,0.04318671673536301,-0.3357606530189514,0.017363164573907852,-0.33816179633140564,0.02747655287384987,-0.30382269620895386,0.09244027733802795,-0.09250827878713608,0.1422490030527115,-0.044994570314884186,0.25640085339546204,0.08857940882444382,0.26212161779403687,0.09676851332187653,0.20300140976905823,0.012929193675518036,Turn-First
171,0.996587336063385,0.9932695627212524,0.9913501739501953,0.9928295612335205,0.9957910180091858,0.9957442879676819,0.9966151118278503,0.9803400635719299,0.9957070350646973,0.9938863515853882,0.9969578981399536,0.9971737861633301,0.9997268319129944,0.14065366983413696,0.972083330154419,0.20225021243095398,0.9395501613616943,0.2027069330215454,0.9148032069206238,0.21153202652931213,0.9125402569770813,0.21126201748847961,0.8832764029502869,0.9964553713798523,0.9974473714828491,0.5080978274345398,0.8065633177757263,0.6257652640342712,0.8326566219329834,0.6888876557350159,0.7113853693008423,0.7233296036720276,0.8373907208442688,0.3625011444091797,0.3566257953643799,0.3555935025215149,0.3545493185520172,0.35580974817276,0.3541499674320221,0.3524320125579834,0.3406294584274292,0.3377423882484436,0.35886937379837036,0.3568049669265747,0.34754103422164917,0.30060309171676636,0.3464275002479553,0.29708045721054077,0.3552936017513275,0.3266151547431946,0.3647882044315338,0.33028730750083923,0.3626536428928375,0.3336854577064514,0.3544217050075531,0.33173736929893494,0.3379005193710327,0.3143400549888611,0.3589918315410614,0.31802529096603394,0.32864782214164734,0.315540075302124,0.31816819310188293,0.3089691996574402,0.35637468099594116,0.3410552740097046,0.3000902831554413,0.287293940782547,0.28709131479263306,0.28700363636016846,0.2878483533859253,0.28804895281791687,0.28834378719329834,0.29364460706710815,0.2952575087547302,0.31388431787490845,0.31458723545074463,0.37570762634277344,0.3808837831020355,0.4761591851711273,0.49412763118743896,0.5461164116859436,0.5815381407737732,0.5771569013595581,0.6089531183242798,0.5781722664833069,0.6019096374511719,0.5669010877609253,0.5958064794540405,0.5769308805465698,0.5794808864593506,0.7072197794914246,0.7180070281028748,0.831814706325531,0.8341703414916992,0.851151704788208,0.8526612520217896,0.8674865365028381,0.872696042060852,-0.13108506798744202,-0.11878947913646698,-0.11883102357387543,-0.1188194751739502,-0.15546981990337372,-0.15550991892814636,-0.15564630925655365,-0.042196545749902725,-0.20848123729228973,-0.09873103350400925,-0.14715537428855896,0.0675044059753418,-0.2609962522983551,0.12138678133487701,-0.30223220586776733,0.060714494436979294,-0.3001851439476013,0.05474703386425972,-0.3318289518356323,0.02610175870358944,-0.3373575210571289,0.04422429949045181,-0.30090439319610596,0.09125350415706635,-0.09126237034797668,0.08215485513210297,-0.0411812886595726,0.20696909725666046,0.11003663390874863,0.21410182118415833,0.11855455487966537,0.13016359508037567,0.015604031272232533,Turn-First
172,0.9959656000137329,0.9920123815536499,0.9897236824035645,0.9915163516998291,0.9948906302452087,0.9948230385780334,0.9959325194358826,0.9772529602050781,0.9949553608894348,0.9929946660995483,0.9965888261795044,0.9969112277030945,0.9997356534004211,0.12804187834262848,0.967448353767395,0.1849435716867447,0.9320932626724243,0.1865188479423523,0.9057051539421082,0.19452105462551117,0.9024004936218262,0.19434060156345367,0.8686831593513489,0.9964346885681152,0.9973335862159729,0.49488747119903564,0.811573326587677,0.6221720576286316,0.8336136937141418,0.6850925087928772,0.709400475025177,0.7236401438713074,0.8365697264671326,0.36658385396003723,0.3621857762336731,0.3610312342643738,0.35976654291152954,0.36179715394973755,0.3604212999343872,0.358925461769104,0.34522920846939087,0.34412118792533875,0.3622072637081146,0.3608618378639221,0.3344413936138153,0.32462558150291443,0.32720446586608887,0.3225764334201813,0.345899373292923,0.33657383918762207,0.35255903005599976,0.33783233165740967,0.3532436788082123,0.343299001455307,0.3511592447757721,0.34189608693122864,0.3473634421825409,0.3481834828853607,0.35641199350357056,0.361009806394577,0.33914902806282043,0.33964046835899353,0.33116528391838074,0.3289199769496918,0.3750096559524536,0.375637948513031,0.3022289574146271,0.28912878036499023,0.28892162442207336,0.2887948751449585,0.2895941734313965,0.2897443473339081,0.28996536135673523,0.29474565386772156,0.2964237332344055,0.3159331977367401,0.3164406418800354,0.3763442635536194,0.3811260759830475,0.4778110682964325,0.4933820366859436,0.5530592203140259,0.5758955478668213,0.5775663256645203,0.5980537533760071,0.5780685544013977,0.5931718349456787,0.5698695778846741,0.586500883102417,0.5780749917030334,0.5792872905731201,0.7072820067405701,0.7183576226234436,0.8353295922279358,0.8389489650726318,0.8591268062591553,0.864331066608429,0.8667392134666443,0.8722438216209412,-0.09583251923322678,-0.08548368513584137,-0.08552064001560211,-0.0854903906583786,-0.12119583040475845,-0.12122783809900284,-0.1213616132736206,-0.02506363019347191,-0.18801917135715485,-0.06862831115722656,-0.11530011892318726,0.0763283371925354,-0.2554977536201477,0.12321929633617401,-0.29688766598701477,0.07737862318754196,-0.28137442469596863,0.07557569444179535,-0.3121756911277771,0.05027645081281662,-0.3107678294181824,0.06322599947452545,-0.27982136607170105,0.09076880663633347,-0.09078992903232574,0.11105246841907501,-0.04412200301885605,0.21363618969917297,0.0947577953338623,0.21895992755889893,0.10015847533941269,0.15378668904304504,0.0003593273286242038,Turn-First
173,0.9962579607963562,0.9926547408103943,0.9905642867088318,0.9921974539756775,0.9952677488327026,0.9951934814453125,0.9962105751037598,0.9791783690452576,0.9953172206878662,0.9934646487236023,0.9967921376228333,0.9971253871917725,0.9997528195381165,0.12815310060977936,0.9678927063941956,0.1718478947877884,0.9271626472473145,0.17369428277015686,0.8976948261260986,0.18066395819187164,0.8937317728996277,0.18067185580730438,0.8570165038108826,0.9966785907745361,0.9974616169929504,0.5145034193992615,0.8269924521446228,0.6414414048194885,0.8467156291007996,0.6989299654960632,0.7297961711883545,0.7321131229400635,0.8470215201377869,0.3715094029903412,0.3666066825389862,0.36532923579216003,0.36397814750671387,0.3672149181365967,0.36643677949905396,0.36563143134117126,0.35192421078681946,0.35372400283813477,0.36810702085494995,0.36815953254699707,0.32130998373031616,0.35161489248275757,0.31814342737197876,0.3674044907093048,0.34117335081100464,0.3760390877723694,0.3458440601825714,0.3799588680267334,0.34852135181427,0.383470356464386,0.3483005464076996,0.3801623284816742,0.33542710542678833,0.3595021069049835,0.338305801153183,0.38765913248062134,0.3270760476589203,0.3793564438819885,0.31426095962524414,0.3721066117286682,0.3570851981639862,0.4139489531517029,0.30265530943870544,0.2901262938976288,0.2899410128593445,0.28983306884765625,0.29052919149398804,0.2906663119792938,0.29087570309638977,0.2951030731201172,0.29659637808799744,0.31625860929489136,0.316946417093277,0.37882423400878906,0.38445985317230225,0.482732892036438,0.49580758810043335,0.5633399486541748,0.5805364847183228,0.5828744769096375,0.5998465418815613,0.581757128238678,0.5983850955963135,0.5762142539024353,0.5900412797927856,0.588363528251648,0.5826797485351562,0.7194147109985352,0.7232474088668823,0.8595539927482605,0.8477600812911987,0.8817420601844788,0.8702760934829712,0.8761807084083557,0.8712534308433533,0.005230718292295933,0.012566670775413513,0.012537742964923382,0.012552415020763874,-0.022354958578944206,-0.022353630512952805,-0.02244424633681774,0.04391384869813919,-0.11230434477329254,0.021822059527039528,-0.023245880380272865,0.11665649712085724,-0.20977625250816345,0.1438855528831482,-0.23124149441719055,0.11896829307079315,-0.1581200808286667,0.12580415606498718,-0.17487072944641113,0.10650458186864853,-0.16546884179115295,0.10815322399139404,-0.15182140469551086,0.09604830294847488,-0.09621519595384598,0.13608849048614502,-0.03213399648666382,0.2145499885082245,0.06769970059394836,0.21925190091133118,0.07418207824230194,0.17788369953632355,0.013106065802276134,Turn-First
174,0.9962301850318909,0.9924444556236267,0.9903696775436401,0.9921129941940308,0.9950697422027588,0.9950028657913208,0.9960821270942688,0.9783309698104858,0.9950205683708191,0.9934342503547668,0.9967606663703918,0.9970960021018982,0.9997695684432983,0.11842622607946396,0.9687680006027222,0.16356943547725677,0.9309300184249878,0.1671006828546524,0.902778685092926,0.17338615655899048,0.898739755153656,0.17316381633281708,0.8622714877128601,0.9966205358505249,0.9974942803382874,0.4985021948814392,0.8368082046508789,0.6430127620697021,0.8569227457046509,0.7017146944999695,0.7466484904289246,0.7377116680145264,0.8562240600585938,0.3800167143344879,0.37630587816238403,0.3752428889274597,0.37403038144111633,0.37575697898864746,0.3743647634983063,0.3728053569793701,0.3604678809642792,0.3592422604560852,0.37599828839302063,0.3745591640472412,0.33627551794052124,0.34091609716415405,0.3340049684047699,0.3509986102581024,0.3519672155380249,0.3662625253200531,0.3520790934562683,0.37029188871383667,0.35409098863601685,0.36654505133628845,0.3550873100757599,0.3663908541202545,0.3465117812156677,0.34848761558532715,0.3413272798061371,0.3872172236442566,0.3243923485279083,0.4099174439907074,0.31547296047210693,0.4030002951622009,0.35882049798965454,0.43627744913101196,0.30364522337913513,0.290946900844574,0.29075369238853455,0.2906038165092468,0.2913038432598114,0.2914106547832489,0.2915607690811157,0.29550448060035706,0.29686078429222107,0.31733712553977966,0.3178585171699524,0.37726423144340515,0.37507393956184387,0.48228707909584045,0.4876728057861328,0.5644431710243225,0.5786954760551453,0.5885838866233826,0.5998741388320923,0.5882923603057861,0.5983700156211853,0.5797873735427856,0.5900613069534302,0.5807358026504517,0.5767608880996704,0.717807412147522,0.7129676938056946,0.8548747301101685,0.8474581241607666,0.8791484236717224,0.869793176651001,0.8759630918502808,0.8685799837112427,-0.06400356441736221,-0.05363355204463005,-0.053666986525058746,-0.05364266037940979,-0.08835281431674957,-0.08837880939245224,-0.08848422765731812,0.004421272315084934,-0.14176060259342194,-0.037365399301052094,-0.08237791806459427,0.1066189557313919,-0.23165634274482727,0.13780105113983154,-0.27675580978393555,0.09578163921833038,-0.2669396996498108,0.09484287351369858,-0.30557379126548767,0.07426278293132782,-0.2977743148803711,0.08454214781522751,-0.262654572725296,0.10015050321817398,-0.10023550689220428,0.14536705613136292,-0.06014177203178406,0.23360808193683624,0.009524116292595863,0.2376156598329544,0.010958652012050152,0.18447062373161316,-0.07345812022686005,Turn-First
175,0.9963721632957458,0.9927358031272888,0.9907441735267639,0.9924523830413818,0.9952263236045837,0.9951711297035217,0.996250331401825,0.9791200757026672,0.9952583312988281,0.9937606453895569,0.9969275593757629,0.9970734715461731,0.9997876286506653,0.10862592607736588,0.9699669480323792,0.15086908638477325,0.9319171905517578,0.15524107217788696,0.9040088057518005,0.16088750958442688,0.8996677398681641,0.1607826203107834,0.8621819019317627,0.9965454339981079,0.9975041151046753,0.48170149326324463,0.845090389251709,0.6416156888008118,0.8647404909133911,0.7023585438728333,0.7610925436019897,0.7381005883216858,0.862838089466095,0.3899967670440674,0.3862501382827759,0.38534560799598694,0.3842740058898926,0.3853916823863983,0.38397207856178284,0.38237079977989197,0.37141966819763184,0.3694426119327545,0.38660162687301636,0.3846891224384308,0.348503440618515,0.35464730858802795,0.34811633825302124,0.3581027388572693,0.3681652247905731,0.4020136296749115,0.36767733097076416,0.4063916802406311,0.36865517497062683,0.41439566016197205,0.3696085512638092,0.4109501242637634,0.35378915071487427,0.3557797074317932,0.352857381105423,0.39144617319107056,0.32387322187423706,0.43049249053001404,0.3172628879547119,0.42841702699661255,0.35201403498649597,0.46392694115638733,0.30789172649383545,0.2932984232902527,0.29283440113067627,0.29234012961387634,0.2938397228717804,0.29384729266166687,0.2938099801540375,0.296443372964859,0.2982744574546814,0.32153892517089844,0.3220767676830292,0.37753263115882874,0.37390002608299255,0.4821487367153168,0.4867841899394989,0.5645102858543396,0.5752211213111877,0.5874288082122803,0.5986098051071167,0.5862609148025513,0.5955142378807068,0.5789034962654114,0.5870121121406555,0.5788583755493164,0.5760400295257568,0.7184863686561584,0.7116240859031677,0.8557869791984558,0.8432657718658447,0.8798915147781372,0.8674491047859192,0.8801834583282471,0.8606781363487244,-0.07604679465293884,-0.0639178678393364,-0.0639561265707016,-0.06393499672412872,-0.09965098649263382,-0.09968231618404388,-0.09978409856557846,0.0008135351235978305,-0.15721435844898224,-0.04739467799663544,-0.09382561594247818,0.11236598342657089,-0.23389188945293427,0.13769321143627167,-0.2820627987384796,0.09240514785051346,-0.2669500410556793,0.09427610784769058,-0.3031579256057739,0.0690966472029686,-0.29669803380966187,0.0790988877415657,-0.2626495063304901,0.10269999504089355,-0.10275331884622574,0.13581529259681702,-0.06066953390836716,0.21952328085899353,0.015428798273205757,0.22173500061035156,0.018018770962953568,0.16522274911403656,-0.06157178804278374,Turn-First
176,0.9966471195220947,0.993281900882721,0.9914270043373108,0.9930329918861389,0.9955759644508362,0.9955194592475891,0.9965312480926514,0.9806551337242126,0.9956040978431702,0.9942539930343628,0.9971680641174316,0.9972003698348999,0.9998039603233337,0.1019655168056488,0.9711890816688538,0.14859582483768463,0.9343985319137573,0.15437963604927063,0.9069690108299255,0.1597055047750473,0.9024507999420166,0.15932755172252655,0.8651084899902344,0.9964362382888794,0.9974339604377747,0.46088284254074097,0.8525152206420898,0.6283211708068848,0.8712278008460999,0.696404218673706,0.7739763855934143,0.7319326400756836,0.8679148554801941,0.3969516158103943,0.39351606369018555,0.39283573627471924,0.3919983506202698,0.3919961154460907,0.39018601179122925,0.3880677819252014,0.37914469838142395,0.3741911053657532,0.3940154016017914,0.39141398668289185,0.36223071813583374,0.351641446352005,0.36299508810043335,0.35653918981552124,0.3804706335067749,0.3709539771080017,0.38514164090156555,0.3724084496498108,0.38461869955062866,0.3766658902168274,0.3846169710159302,0.3768286108970642,0.36258286237716675,0.35774409770965576,0.3673393726348877,0.397632360458374,0.33272865414619446,0.4391573965549469,0.32985445857048035,0.43664827942848206,0.3671312630176544,0.47136950492858887,0.31318429112434387,0.2980191111564636,0.29748156666755676,0.29687008261680603,0.2984364628791809,0.298287570476532,0.2980445325374603,0.30026349425315857,0.3020057678222656,0.32583433389663696,0.32655084133148193,0.3776578903198242,0.37335073947906494,0.4814918637275696,0.478903591632843,0.5641271471977234,0.5725710988044739,0.5849473476409912,0.5951322317123413,0.5835283994674683,0.5924444198608398,0.5766283869743347,0.585272490978241,0.5738405585289001,0.5738868713378906,0.7138988375663757,0.7118763327598572,0.8543694019317627,0.843033492565155,0.876573920249939,0.8673320412635803,0.8796307444572449,0.8587315678596497,-0.08081098645925522,-0.06871630996465683,-0.06875558197498322,-0.06873209029436111,-0.10416781902313232,-0.1041942685842514,-0.10428871959447861,0.001033313455991447,-0.15860864520072937,-0.05034933239221573,-0.09661729633808136,0.11670193821191788,-0.23245450854301453,0.15804651379585266,-0.28494951128959656,0.10271624475717545,-0.2897236943244934,0.10297994315624237,-0.32653719186782837,0.07502129673957825,-0.32316750288009644,0.0877264067530632,-0.28772297501564026,0.10220160335302353,-0.1021808385848999,0.09601374715566635,-0.09012868255376816,0.14148610830307007,-0.05244595557451248,0.14082758128643036,-0.0549299493432045,0.07797454297542572,-0.1446923315525055,Turn-First
177,0.99689120054245,0.9937543869018555,0.9920031428337097,0.993527889251709,0.9958848357200623,0.9958153963088989,0.9967745542526245,0.9819492697715759,0.9959104061126709,0.9946944713592529,0.9973921775817871,0.9971809983253479,0.9998164772987366,0.09617725759744644,0.9717045426368713,0.14506274461746216,0.9360585808753967,0.15158814191818237,0.9087537527084351,0.1569148302078247,0.904140293598175,0.15736675262451172,0.8670371770858765,0.9960858225822449,0.9972529411315918,0.4436222016811371,0.8556998372077942,0.6151123642921448,0.8747054934501648,0.6898248791694641,0.7813176512718201,0.7238222360610962,0.869644045829773,0.408555805683136,0.4051290452480316,0.4044713079929352,0.40364497900009155,0.40360888838768005,0.40187835693359375,0.39987629652023315,0.3912368416786194,0.385989248752594,0.4051840901374817,0.4025503098964691,0.377196729183197,0.35648709535598755,0.3842552602291107,0.352775514125824,0.4108959138393402,0.36517852544784546,0.42243099212646484,0.3671252429485321,0.4318358898162842,0.3725067675113678,0.42118382453918457,0.37295442819595337,0.37854012846946716,0.3651250898838043,0.3831098675727844,0.39868760108947754,0.33159950375556946,0.4426102638244629,0.32707732915878296,0.4311821460723877,0.3650112748146057,0.46158647537231445,0.31556764245033264,0.2992909550666809,0.29871225357055664,0.29803863167762756,0.2997126579284668,0.29955804347991943,0.2993146479129791,0.301433265209198,0.30358466506004333,0.3289889693260193,0.3298293948173523,0.38079553842544556,0.37393027544021606,0.48289042711257935,0.48021775484085083,0.5645614266395569,0.5726367235183716,0.5845029950141907,0.5940539240837097,0.5823590755462646,0.591923177242279,0.5763778686523438,0.5854769349098206,0.5811822414398193,0.5761745572090149,0.7138737440109253,0.7130003571510315,0.8546903133392334,0.8433421850204468,0.8750893473625183,0.8670662641525269,0.8793455362319946,0.8604035973548889,-0.11852777004241943,-0.10585649311542511,-0.1058882623910904,-0.10587279498577118,-0.142580047249794,-0.14261338114738464,-0.14271537959575653,-0.027690544724464417,-0.19408127665519714,-0.08460793644189835,-0.13258840143680573,0.1009477823972702,-0.259056955575943,0.1516801416873932,-0.31122294068336487,0.07568927109241486,-0.3157961964607239,0.07420601695775986,-0.3516669273376465,0.04193735122680664,-0.3527863621711731,0.05796148627996445,-0.3155673146247864,0.10215011984109879,-0.10211446136236191,0.14195731282234192,-0.08652732521295547,0.23002398014068604,-0.04387972503900528,0.2340637892484665,-0.03638345003128052,0.17623916268348694,-0.08835877478122711,Turn-First
178,0.997103214263916,0.9941707253456116,0.9925113916397095,0.9939470291137695,0.9961431622505188,0.9960571527481079,0.9969550967216492,0.9829561710357666,0.9961399435997009,0.9950327277183533,0.9975399971008301,0.9973368048667908,0.9998262524604797,0.09259475022554398,0.9703459739685059,0.1436929553747177,0.9355083107948303,0.14982235431671143,0.9073540568351746,0.15563251078128815,0.9028428792953491,0.1562376320362091,0.864606499671936,0.9961971640586853,0.9972633123397827,0.44068828225135803,0.8452470302581787,0.6111372709274292,0.8689072728157043,0.679453432559967,0.7609579563140869,0.7192395925521851,0.8651856184005737,0.41619211435317993,0.41277188062667847,0.41224393248558044,0.4116431772708893,0.4108305871486664,0.40885430574417114,0.4066223204135895,0.3996812403202057,0.3939170241355896,0.41299256682395935,0.40986013412475586,0.397280752658844,0.36455437541007996,0.40036529302597046,0.3684467375278473,0.4218108057975769,0.3783874213695526,0.43139949440956116,0.37797001004219055,0.43207183480262756,0.3834892809391022,0.4294337332248688,0.3847120702266693,0.40079817175865173,0.3752959668636322,0.4078024923801422,0.388031542301178,0.4345243573188782,0.35598379373550415,0.44394153356552124,0.3551042079925537,0.4640888273715973,0.4320410192012787,0.3158371150493622,0.29990333318710327,0.2993622124195099,0.2987500727176666,0.3004404306411743,0.30042776465415955,0.30037209391593933,0.3025616407394409,0.3050464987754822,0.3291874825954437,0.3302001655101776,0.3817391097545624,0.37679681181907654,0.4854055345058441,0.48491013050079346,0.5631526112556458,0.5735531449317932,0.5801728963851929,0.5942465662956238,0.5791207551956177,0.5918150544166565,0.5754644274711609,0.5857526063919067,0.5759440660476685,0.5697435140609741,0.7129843235015869,0.7130640745162964,0.8361112475395203,0.8480840921401978,0.8599026799201965,0.8699623346328735,0.8691539168357849,0.8861985802650452,-0.131898432970047,-0.11853301525115967,-0.11858116090297699,-0.11858990043401718,-0.15365909039974213,-0.15368980169296265,-0.15378710627555847,-0.03524858504533768,-0.19501104950904846,-0.09627506136894226,-0.14227697253227234,0.08467407524585724,-0.2543177008628845,0.1460689753293991,-0.2978304326534271,0.07222152501344681,-0.3070771098136902,0.0693403109908104,-0.33719417452812195,0.03616650775074959,-0.3360578417778015,0.05430971831083298,-0.30779844522476196,0.093765027821064,-0.09377537667751312,0.09290273487567902,-0.09755836427211761,0.17448583245277405,-0.0026276912540197372,0.17631766200065613,0.0023999109398573637,0.0965517908334732,-0.09103648364543915,Turn-First
179,0.9971941113471985,0.9942534565925598,0.9925530552864075,0.9939747452735901,0.9962399005889893,0.9961550831794739,0.9970204830169678,0.9826234579086304,0.9962342381477356,0.9950807094573975,0.9975855946540833,0.9973112344741821,0.9998365640640259,0.08903511613607407,0.9714244604110718,0.14025583863258362,0.9387390613555908,0.1458444595336914,0.9110808372497559,0.15195390582084656,0.9067819714546204,0.15278752148151398,0.8690862655639648,0.9960428476333618,0.9971036314964294,0.4465540647506714,0.8464365601539612,0.6163979768753052,0.8710523843765259,0.6810170412063599,0.7564228177070618,0.7228212356567383,0.8659238219261169,0.4267957806587219,0.42284297943115234,0.4221068322658539,0.4212161600589752,0.42121100425720215,0.4192957878112793,0.41700220108032227,0.40821605920791626,0.4024733901023865,0.42307049036026,0.42011189460754395,0.3998686671257019,0.3725033402442932,0.4109524190425873,0.37449219822883606,0.43990182876586914,0.3852419853210449,0.4455944001674652,0.38378024101257324,0.45292264223098755,0.38908565044403076,0.44327980279922485,0.3904290199279785,0.4105697572231293,0.38444480299949646,0.43463578820228577,0.3897504508495331,0.4601834714412689,0.33929187059402466,0.45552048087120056,0.33219510316848755,0.4837656617164612,0.4123922884464264,0.31665733456611633,0.30070653557777405,0.3001303970813751,0.29946014285087585,0.30130109190940857,0.30132773518562317,0.3013121783733368,0.3030395805835724,0.3059900104999542,0.3299912214279175,0.33091461658477783,0.38174062967300415,0.3772621154785156,0.48382601141929626,0.4849506616592407,0.5609991550445557,0.5742589235305786,0.5731889009475708,0.5943098068237305,0.5708194375038147,0.5920066833496094,0.570659875869751,0.585824191570282,0.5760418176651001,0.5708045959472656,0.7065913081169128,0.7169889807701111,0.8362938761711121,0.8497343063354492,0.8603813052177429,0.870025634765625,0.8690365552902222,0.8938767910003662,-0.15775230526924133,-0.14531375467777252,-0.1453535109758377,-0.14535674452781677,-0.18202468752861023,-0.18207016587257385,-0.18218059837818146,-0.062447719275951385,-0.22847692668437958,-0.12177707999944687,-0.169780895113945,0.06297047436237335,-0.28337499499320984,0.13346180319786072,-0.3194900155067444,0.07256359606981277,-0.31609511375427246,0.07024187594652176,-0.34881749749183655,0.036801014095544815,-0.35442104935646057,0.05485106259584427,-0.31739428639411926,0.09379737079143524,-0.09380144625902176,0.11891476064920425,-0.09124890714883804,0.22603146731853485,0.04425981640815735,0.23063473403453827,0.051005005836486816,0.1599704921245575,-0.050608664751052856,Turn-First
180,0.9973664879798889,0.994637668132782,0.9930567145347595,0.9943779110908508,0.9963980317115784,0.9963274002075195,0.9970909357070923,0.9837692379951477,0.9963516592979431,0.9953306913375854,0.9975924491882324,0.9974924921989441,0.9998008608818054,0.09571202844381332,0.9716694951057434,0.15531040728092194,0.9350634217262268,0.160878986120224,0.9055201411247253,0.16934098303318024,0.901441216468811,0.16891123354434967,0.8621252179145813,0.9962965846061707,0.9970897436141968,0.46528804302215576,0.8446835875511169,0.6319611072540283,0.872107982635498,0.6864681839942932,0.7491744160652161,0.7343273162841797,0.8680869340896606,0.4362414479255676,0.4323330819606781,0.4317900538444519,0.43121108412742615,0.4304744303226471,0.4286320209503174,0.4266746938228607,0.4207466244697571,0.41523247957229614,0.43356233835220337,0.4304695129394531,0.4143601953983307,0.38728001713752747,0.43601274490356445,0.4021308422088623,0.45952701568603516,0.4328184127807617,0.47230592370033264,0.4389946460723877,0.4708932042121887,0.44018858671188354,0.4620407223701477,0.4361604154109955,0.4187528192996979,0.39152008295059204,0.44176316261291504,0.3932965397834778,0.4522097110748291,0.34963756799697876,0.4393056035041809,0.33446165919303894,0.47229355573654175,0.3889252543449402,0.31590932607650757,0.29896628856658936,0.29858386516571045,0.29823043942451477,0.2992542088031769,0.2992451786994934,0.2993156611919403,0.3028879165649414,0.3047424554824829,0.32983511686325073,0.330509215593338,0.38307228684425354,0.37347930669784546,0.47142213582992554,0.4208866357803345,0.5212791562080383,0.4190176725387573,0.5474795699119568,0.42641451954841614,0.5426405072212219,0.41865208745002747,0.5219197273254395,0.4181720018386841,0.5750690698623657,0.5714203119277954,0.7055250406265259,0.7138945460319519,0.8366537690162659,0.8524154424667358,0.860910177230835,0.8732237219810486,0.8699015974998474,0.8903108835220337,-0.0854438915848732,-0.0686950534582138,-0.06874535977840424,-0.06873956322669983,-0.10205219686031342,-0.10207776725292206,-0.10212250798940659,0.029479607939720154,-0.12466984987258911,-0.04538547992706299,-0.09011700004339218,0.13119444251060486,-0.1865731179714203,0.17974427342414856,-0.27718833088874817,0.08669961243867874,-0.2787765860557556,0.0735865980386734,-0.3043071925640106,0.04517470672726631,-0.3085882067680359,0.07060740888118744,-0.2792437970638275,0.09188204258680344,-0.09186053276062012,0.04886244982481003,-0.09014406055212021,0.09985394775867462,0.00757115101441741,0.09792391955852509,0.010942582972347736,0.0018181974301114678,-0.09868572652339935,Turn-First
181,0.9975114464759827,0.9948664903640747,0.9933207035064697,0.9945541024208069,0.9965807199478149,0.9965196847915649,0.9972370862960815,0.9838709831237793,0.9965658783912659,0.995553195476532,0.9977426528930664,0.9975073337554932,0.9998177289962769,0.09088829904794693,0.9734364151954651,0.1484527438879013,0.9394627213478088,0.15436355769634247,0.9110873341560364,0.16277313232421875,0.907258152961731,0.16258560121059418,0.8691673874855042,0.9962606430053711,0.9971424341201782,0.4764608144760132,0.8502244353294373,0.6395292282104492,0.8778563141822815,0.6905600428581238,0.7513285279273987,0.7412716150283813,0.8733386993408203,0.4478285312652588,0.44313764572143555,0.442274808883667,0.4413537383079529,0.44216322898864746,0.4406771659851074,0.43910273909568787,0.42970743775367737,0.42693012952804565,0.4447000026702881,0.4431116580963135,0.4282011389732361,0.3921433091163635,0.4319581985473633,0.3895227611064911,0.44476085901260376,0.4112117886543274,0.45166268944740295,0.4096341133117676,0.455760657787323,0.4184764325618744,0.447014182806015,0.41820454597473145,0.42673301696777344,0.409008264541626,0.43642204999923706,0.40850430727005005,0.4542087912559509,0.3495866656303406,0.44530683755874634,0.33897626399993896,0.47768616676330566,0.3747647702693939,0.3168087601661682,0.29939135909080505,0.29887884855270386,0.29838159680366516,0.2996313273906708,0.29946374893188477,0.29938364028930664,0.3028789460659027,0.3046454191207886,0.32994958758354187,0.3304046392440796,0.3837464153766632,0.37487590312957764,0.48511818051338196,0.4645878076553345,0.5485413074493408,0.5394335985183716,0.5720462799072266,0.5867741703987122,0.5760786533355713,0.5844890475273132,0.5627617239952087,0.5515648722648621,0.5751389265060425,0.5720334649085999,0.7075638175010681,0.7162387371063232,0.8379538059234619,0.8518016338348389,0.8612295389175415,0.8725631833076477,0.8691710829734802,0.8874170780181885,-0.11719945818185806,-0.10182280838489532,-0.10184761136770248,-0.10181434452533722,-0.13720117509365082,-0.13725444674491882,-0.1373722404241562,-0.003475276054814458,-0.16736172139644623,-0.07810261100530624,-0.1249990239739418,0.11577371507883072,-0.19463776051998138,0.1705995798110962,-0.27358323335647583,0.07444256544113159,-0.27573782205581665,0.06381376832723618,-0.3053979277610779,0.03324821963906288,-0.30917519330978394,0.05704272538423538,-0.27590125799179077,0.09194450080394745,-0.09193050861358643,0.09418193995952606,-0.0837101936340332,0.20288968086242676,0.02696044184267521,0.2069224864244461,0.03234701603651047,0.12590152025222778,-0.0962083712220192,Turn-First
182,0.9977535605430603,0.9953620433807373,0.993959367275238,0.9950687885284424,0.9969152808189392,0.9968606233596802,0.9975078701972961,0.9853630065917969,0.9969059824943542,0.9959766268730164,0.997964084148407,0.9976621270179749,0.9998345375061035,0.10051628202199936,0.9753022789955139,0.16790451109409332,0.9430689811706543,0.16763855516910553,0.9148541688919067,0.17551317811012268,0.9111202955245972,0.17301110923290253,0.8733844757080078,0.9964582920074463,0.9972661137580872,0.5091773271560669,0.8627612590789795,0.6655840277671814,0.8878201842308044,0.7102099061012268,0.7657675743103027,0.7599092125892639,0.882984459400177,0.45414429903030396,0.45137038826942444,0.4509580135345459,0.45043858885765076,0.4494916498661041,0.4477956295013428,0.4458961486816406,0.4401424825191498,0.4333666265010834,0.452018678188324,0.4491023123264313,0.43956565856933594,0.396318644285202,0.4633365273475647,0.3914019763469696,0.4665251672267914,0.42380112409591675,0.4654688835144043,0.4237511157989502,0.4680655598640442,0.43272915482521057,0.46677035093307495,0.4317846894264221,0.4400569796562195,0.4180591106414795,0.45257043838500977,0.4184189438819885,0.46100059151649475,0.3524355888366699,0.4566778242588043,0.3422467112541199,0.4929608702659607,0.37148892879486084,0.3183068037033081,0.3015819787979126,0.30111590027809143,0.3006161153316498,0.30139344930648804,0.30094414949417114,0.3005639612674713,0.3039027154445648,0.3051985502243042,0.3305043876171112,0.33049532771110535,0.3852011561393738,0.37895438075065613,0.4617241621017456,0.48360922932624817,0.41891616582870483,0.5735048055648804,0.41048452258110046,0.6030072569847107,0.3991202116012573,0.6025145053863525,0.4029518961906433,0.5880318284034729,0.5807487964630127,0.5801752805709839,0.7102090120315552,0.7190946936607361,0.8400801420211792,0.8375089764595032,0.8654208779335022,0.851032555103302,0.8696725964546204,0.8829353451728821,-0.13845843076705933,-0.12148471176624298,-0.12148834764957428,-0.12145718187093735,-0.15625950694084167,-0.1563064306974411,-0.15643849968910217,-0.010444972664117813,-0.17184871435165405,-0.09632382541894913,-0.14255796372890472,0.10680123418569565,-0.21181952953338623,0.12510311603546143,-0.2487618625164032,0.00772011186927557,-0.24322624504566193,-0.006031149532645941,-0.26512226462364197,-0.013599878177046776,-0.2745341658592224,-0.0011609926586970687,-0.2436421662569046,0.09205415099859238,-0.0920403003692627,0.08895289897918701,-0.09761866182088852,0.2016819715499878,0.02574096992611885,0.2050514966249466,0.0318557545542717,0.12311846017837524,-0.0812341719865799,Turn-First
183,0.9979562759399414,0.9957661032676697,0.994483470916748,0.9954863786697388,0.9971867203712463,0.9971386194229126,0.9977222681045532,0.9865365028381348,0.9971815347671509,0.9963294863700867,0.9981484413146973,0.9978432655334473,0.9998489618301392,0.10518626123666763,0.9770476222038269,0.17517098784446716,0.9466413259506226,0.17395451664924622,0.9194153547286987,0.1829691082239151,0.91597980260849,0.1807153820991516,0.879383385181427,0.9967514276504517,0.9974762797355652,0.5439903140068054,0.8739071488380432,0.6896994113922119,0.8972169160842896,0.7277253270149231,0.7764254808425903,0.7783470749855042,0.8926349878311157,0.4700666069984436,0.46650782227516174,0.46615105867385864,0.4656946063041687,0.4639951288700104,0.46184831857681274,0.45947495102882385,0.45378392934799194,0.4440896511077881,0.467237651348114,0.46299466490745544,0.45950546860694885,0.40653109550476074,0.46908992528915405,0.4063742756843567,0.47586122155189514,0.43201956152915955,0.4826633334159851,0.43364661931991577,0.48088765144348145,0.4399872422218323,0.47775617241859436,0.44011154770851135,0.46339893341064453,0.428234338760376,0.47578802704811096,0.4362313151359558,0.4645392894744873,0.3778376877307892,0.456387996673584,0.36111295223236084,0.4988574981689453,0.38242533802986145,0.3170408308506012,0.3004084825515747,0.29987606406211853,0.29928654432296753,0.30044740438461304,0.3001255989074707,0.2998603582382202,0.3030163645744324,0.30496254563331604,0.33012068271636963,0.3302619755268097,0.3852316439151764,0.38074246048927307,0.48675408959388733,0.4889468252658844,0.545967698097229,0.5801239013671875,0.5764076113700867,0.6029123663902283,0.575437605381012,0.6026897430419922,0.5658259987831116,0.5924227237701416,0.5820391774177551,0.5844329595565796,0.7108277082443237,0.7200542092323303,0.8389317989349365,0.8320173621177673,0.8596450090408325,0.8417974710464478,0.8706098794937134,0.8816719651222229,-0.1725294589996338,-0.15711119771003723,-0.1571233570575714,-0.1570877581834793,-0.19081571698188782,-0.19086560606956482,-0.1909562349319458,-0.05832614749670029,-0.21285417675971985,-0.1321975439786911,-0.17697204649448395,0.059199243783950806,-0.25302445888519287,0.12041503190994263,-0.27907323837280273,0.03558500111103058,-0.29240334033966064,0.02706042490899563,-0.3267746865749359,0.0041268365457654,-0.33565014600753784,0.023329390212893486,-0.2944924533367157,0.09243668615818024,-0.09243211895227432,0.11883016675710678,-0.056485604494810104,0.28309953212738037,0.13179822266101837,0.2936617434024811,0.1449909210205078,0.21841558814048767,0.044376034289598465,Turn-First
184,0.998114287853241,0.9960737824440002,0.9948828816413879,0.9957921504974365,0.9973846673965454,0.9973409175872803,0.9978760480880737,0.987453281879425,0.9973678588867188,0.9966244101524353,0.9983000755310059,0.9979724884033203,0.9998559951782227,0.11641743779182434,0.9783849716186523,0.18495343625545502,0.9485778212547302,0.18209770321846008,0.9214080572128296,0.19180627167224884,0.9182313680648804,0.18911878764629364,0.8821319937705994,0.9968574047088623,0.9975365996360779,0.5661660432815552,0.8737293481826782,0.7001532912254333,0.8989162445068359,0.7376989126205444,0.7761603593826294,0.7871327996253967,0.8948538303375244,0.4818626046180725,0.4782274663448334,0.47778788208961487,0.47730761766433716,0.47591114044189453,0.4738161563873291,0.47154030203819275,0.46559104323387146,0.4563186764717102,0.47848185896873474,0.4748702049255371,0.47102850675582886,0.41270580887794495,0.4791989326477051,0.41094717383384705,0.48350876569747925,0.4380055069923401,0.4818948805332184,0.4400714933872223,0.47751808166503906,0.446265310049057,0.4728569984436035,0.44565334916114807,0.46437349915504456,0.43342360854148865,0.47345250844955444,0.4465126395225525,0.4421958923339844,0.42782825231552124,0.42994990944862366,0.40900588035583496,0.4682675004005432,0.45201921463012695,0.3113821744918823,0.29664140939712524,0.2964237332344055,0.29622337222099304,0.2967977821826935,0.29676517844200134,0.29678818583488464,0.30169805884361267,0.30271783471107483,0.32590237259864807,0.3258134722709656,0.38521668314933777,0.3803160786628723,0.4859102964401245,0.4878185987472534,0.5618331432342529,0.5747890472412109,0.5826435089111328,0.5990423560142517,0.5810104608535767,0.6015561819076538,0.5714851021766663,0.5870006680488586,0.5806888341903687,0.581457793712616,0.7105872631072998,0.717491865158081,0.8352597951889038,0.8393281698226929,0.850679337978363,0.8464952707290649,0.8755455613136292,0.8896287083625793,-0.1905665099620819,-0.17239885032176971,-0.17243993282318115,-0.1724178045988083,-0.20273640751838684,-0.202765554189682,-0.20284657180309296,-0.06490042805671692,-0.20571181178092957,-0.14724844694137573,-0.18719875812530518,0.04548954591155052,-0.22666797041893005,0.09294949471950531,-0.25167354941368103,-0.013820675201714039,-0.2966940402984619,-0.03495163470506668,-0.33494606614112854,-0.06463680416345596,-0.34573811292648315,-0.03043314255774021,-0.300250381231308,0.07609238475561142,-0.07599277794361115,0.06407054513692856,-0.06147659942507744,0.24678416550159454,0.08857183158397675,0.24903352558612823,0.09680940210819244,0.18316474556922913,-0.0034230067394673824,Turn-First
185,0.9981493353843689,0.9960682392120361,0.9949084520339966,0.9958009719848633,0.9973927140235901,0.9973642230033875,0.9978893995285034,0.9874393939971924,0.9973610639572144,0.9966816902160645,0.9983479380607605,0.9980129599571228,0.9998598694801331,0.11474098265171051,0.9788556694984436,0.1778692752122879,0.9485797882080078,0.17574062943458557,0.9205210208892822,0.18550962209701538,0.9175306558609009,0.1832977682352066,0.8805760741233826,0.9968355894088745,0.9974659085273743,0.5684025287628174,0.866503119468689,0.696954071521759,0.8939248919487,0.7336419820785522,0.769593358039856,0.7855100035667419,0.8917173147201538,0.49428796768188477,0.49020853638648987,0.4893009662628174,0.4882611334323883,0.48920145630836487,0.4876328408718109,0.4858779311180115,0.47431501746177673,0.4707130789756775,0.4896165728569031,0.487591028213501,0.47354578971862793,0.42433232069015503,0.4740108549594879,0.4281606674194336,0.48500221967697144,0.454824835062027,0.49005094170570374,0.4581124186515808,0.4941202998161316,0.46471983194351196,0.48507213592529297,0.46407604217529297,0.472107470035553,0.44169649481773376,0.4754921495914459,0.4607563018798828,0.43889814615249634,0.43719521164894104,0.4293758273124695,0.4249819815158844,0.4598013758659363,0.45031723380088806,0.3106284439563751,0.2960062325000763,0.2956635057926178,0.29538241028785706,0.2964809834957123,0.29652175307273865,0.2966166138648987,0.3008250594139099,0.3024694323539734,0.3247021436691284,0.324867844581604,0.379991352558136,0.3818763792514801,0.4853002727031708,0.4916883111000061,0.5651320219039917,0.5825690627098083,0.5882918238639832,0.6025842428207397,0.5881749987602234,0.6010992527008057,0.5832285284996033,0.5932300686836243,0.5725087523460388,0.5707281231880188,0.70267653465271,0.7076212763786316,0.8330498933792114,0.8381680846214294,0.8452742695808411,0.8481050133705139,0.8656454682350159,0.8721516132354736,-0.1864522248506546,-0.17218488454818726,-0.17222359776496887,-0.17222289741039276,-0.20743298530578613,-0.2074865996837616,-0.20758798718452454,-0.08706054091453552,-0.2474316656589508,-0.15033432841300964,-0.19646620750427246,0.020077645778656006,-0.2821643352508545,0.0681491419672966,-0.3157988488674164,-0.003145898226648569,-0.3208457827568054,-0.014556476846337318,-0.35424402356147766,-0.042644500732421875,-0.3612004816532135,-0.019094575196504593,-0.322456955909729,0.07954441010951996,-0.07947270572185516,0.07973116636276245,-0.07513710856437683,0.2396625578403473,0.08702050894498825,0.24738606810569763,0.09115378558635712,0.1628781110048294,-0.026543889194726944,Turn-First
186,0.9983024001121521,0.9963591694831848,0.9952951669692993,0.996112585067749,0.9975832104682922,0.9975613951683044,0.9980328679084778,0.9883217811584473,0.9975400567054749,0.9969539642333984,0.9984827041625977,0.9981871247291565,0.9998696446418762,0.13840588927268982,0.9802508354187012,0.20489005744457245,0.9515216946601868,0.1967770755290985,0.9243081212043762,0.20855964720249176,0.9216695427894592,0.20525282621383667,0.885906457901001,0.9970805644989014,0.9976169466972351,0.5882052779197693,0.869130551815033,0.7032289505004883,0.8932411670684814,0.7350149154663086,0.7648381590843201,0.791244387626648,0.8934992551803589,0.5004404783248901,0.4984535276889801,0.4982791543006897,0.49797019362449646,0.49543148279190063,0.49318304657936096,0.49064579606056213,0.4859867990016937,0.47399482131004333,0.4962220788002014,0.4918418526649475,0.48898881673812866,0.4299967288970947,0.4936138987541199,0.43225449323654175,0.4991883337497711,0.45829838514328003,0.5074898600578308,0.4591852128505707,0.5015522241592407,0.4682985842227936,0.4968292713165283,0.4680382311344147,0.481935977935791,0.44824546575546265,0.5001773238182068,0.47992634773254395,0.4576718807220459,0.4449348449707031,0.4430130422115326,0.42888084053993225,0.4807359576225281,0.453117698431015,0.3120652437210083,0.296927809715271,0.2965354919433594,0.2962271273136139,0.2970162034034729,0.29678818583488464,0.2966967523097992,0.3011470437049866,0.30238407850265503,0.32516106963157654,0.3250909745693207,0.38113582134246826,0.3830856382846832,0.4847632348537445,0.492817759513855,0.5734609961509705,0.5830905437469482,0.6024817824363708,0.6172135472297668,0.5988329648971558,0.6025817394256592,0.5896523594856262,0.59502112865448,0.5730583667755127,0.5714401602745056,0.7033055424690247,0.708686113357544,0.8284958600997925,0.8207865357398987,0.8395833373069763,0.8377183079719543,0.8658882975578308,0.8624045252799988,-0.1810559183359146,-0.16605249047279358,-0.16608372330665588,-0.16608789563179016,-0.19975589215755463,-0.19980362057685852,-0.19988574087619781,-0.0745091438293457,-0.2281433343887329,-0.14278726279735565,-0.18709462881088257,0.03467516973614693,-0.26581937074661255,0.08603125810623169,-0.30464035272598267,0.006742893252521753,-0.30774086713790894,-0.007820654660463333,-0.3407631814479828,-0.03611605614423752,-0.349114328622818,-0.008911246433854103,-0.30949482321739197,0.08159951120615005,-0.08154983818531036,0.051705557852983475,-0.10310522466897964,0.21358199417591095,0.0769239291548729,0.226985901594162,0.08794254809617996,0.1462317556142807,-0.010955560021102428,Turn-First
187,0.9983527064323425,0.9963220357894897,0.9952645897865295,0.9960427284240723,0.9975889921188354,0.9975885152816772,0.998031497001648,0.9880958795547485,0.9975292682647705,0.9970554113388062,0.9985551238059998,0.9982441067695618,0.9998782277107239,0.14323484897613525,0.9814597964286804,0.2125077098608017,0.9543402791023254,0.2048402726650238,0.9283097982406616,0.21713775396347046,0.9258660674095154,0.21370403468608856,0.8914163112640381,0.9972161650657654,0.9977185726165771,0.6134554147720337,0.878131091594696,0.7184186577796936,0.9004586935043335,0.7484017610549927,0.7783767580986023,0.8029175996780396,0.9010224938392639,0.5100623965263367,0.5079205632209778,0.5079391002655029,0.5078524947166443,0.504524827003479,0.5022160410881042,0.4997023046016693,0.4969344735145569,0.48488205671310425,0.5067218542098999,0.5023607015609741,0.4962800443172455,0.44354572892189026,0.5003064870834351,0.44310951232910156,0.5069627165794373,0.4670030474662781,0.5140626430511475,0.4715586304664612,0.5211778879165649,0.4834445118904114,0.5067085027694702,0.4763830602169037,0.48836231231689453,0.45769986510276794,0.5060826539993286,0.4838983416557312,0.4647311270236969,0.46138840913772583,0.45196279883384705,0.450226366519928,0.4903697967529297,0.4861050248146057,0.3120780885219574,0.2966214120388031,0.2962935268878937,0.2960667610168457,0.29658395051956177,0.29630833864212036,0.2961965501308441,0.3010628819465637,0.30194807052612305,0.3251737654209137,0.3251074254512787,0.3813890218734741,0.3828377425670624,0.4844051003456116,0.49202999472618103,0.5716602802276611,0.5807656049728394,0.599249005317688,0.6199647188186646,0.6026818156242371,0.6144585013389587,0.5885050296783447,0.5973970890045166,0.5735304355621338,0.571540117263794,0.7021697759628296,0.7052084803581238,0.8246252536773682,0.8245023488998413,0.8392952680587769,0.8417766690254211,0.8632948994636536,0.8649887442588806,-0.19842475652694702,-0.18381302058696747,-0.18383780121803284,-0.18383097648620605,-0.21711978316307068,-0.2171694040298462,-0.21726341545581818,-0.08971598744392395,-0.24034202098846436,-0.15877558290958405,-0.20238319039344788,0.029176291078329086,-0.27925166487693787,0.07847615331411362,-0.3234308362007141,0.0007260774145834148,-0.3520340621471405,-0.011626962572336197,-0.3907817006111145,-0.041780952364206314,-0.3980637192726135,-0.01575433649122715,-0.35413339734077454,0.08293129503726959,-0.08279728889465332,0.059854406863451004,-0.11761782318353653,0.20420041680335999,0.02912670001387596,0.2151903659105301,0.0376206710934639,0.1363382637500763,-0.07351599633693695,Turn-First
188,0.9984064698219299,0.9964677095413208,0.9954864382743835,0.996258020401001,0.9976872801780701,0.9976886510848999,0.9981118440628052,0.9889277219772339,0.9976507425308228,0.9970875382423401,0.9985717535018921,0.998329758644104,0.9998853206634521,0.13203758001327515,0.9810885787010193,0.19693782925605774,0.9530261158943176,0.19217567145824432,0.927436113357544,0.2030860036611557,0.9246036410331726,0.1999295949935913,0.8894361853599548,0.9971925020217896,0.9976858496665955,0.6027052402496338,0.8880665302276611,0.7186158299446106,0.9082043766975403,0.7507661581039429,0.7949117422103882,0.8030940294265747,0.9072753190994263,0.5173596143722534,0.5135384798049927,0.5127106308937073,0.5117732882499695,0.513024628162384,0.5118929743766785,0.5106085538864136,0.4994524419307709,0.4974810481071472,0.5125256776809692,0.5116652250289917,0.4721725583076477,0.4737585186958313,0.4822808802127838,0.46179598569869995,0.49562424421310425,0.48555174469947815,0.49917125701904297,0.48082810640335083,0.5047028660774231,0.48564594984054565,0.5020045042037964,0.4852128028869629,0.4779578149318695,0.4857809543609619,0.4937775731086731,0.5302310585975647,0.46942439675331116,0.48992976546287537,0.4573499262332916,0.4763786792755127,0.49020901322364807,0.5149866342544556,0.30990418791770935,0.29483652114868164,0.29442331194877625,0.2941271960735321,0.29538285732269287,0.29536277055740356,0.2954765558242798,0.29960155487060547,0.30143973231315613,0.3232729136943817,0.3238053619861603,0.37828919291496277,0.38254401087760925,0.48109737038612366,0.4912358820438385,0.5675092935562134,0.5827571749687195,0.5959884524345398,0.6192825436592102,0.6007017493247986,0.6110124588012695,0.5851067900657654,0.5940950512886047,0.573715329170227,0.5718336701393127,0.7050468921661377,0.7139321565628052,0.8302762508392334,0.8458765745162964,0.8487540483474731,0.8648069500923157,0.8641076683998108,0.8835394382476807,-0.046904802322387695,-0.03495502844452858,-0.03499274700880051,-0.034991659224033356,-0.07228868454694748,-0.07229742407798767,-0.07236816734075546,0.020605389028787613,-0.14669795334339142,-0.022011777386069298,-0.07026074081659317,0.12331096082925797,-0.229435995221138,0.15812496840953827,-0.28588223457336426,0.10895644128322601,-0.2912042438983917,0.1135222315788269,-0.3255784511566162,0.08644526451826096,-0.31544288992881775,0.09507204592227936,-0.287078857421875,0.10668633133172989,-0.10665030777454376,0.12231913954019547,-0.1176828145980835,0.2009805142879486,-0.042086467146873474,0.20484066009521484,-0.03734784945845604,0.15361425280570984,-0.0911404937505722,Turn-First
189,0.9978684782981873,0.9955244064331055,0.9942904114723206,0.9952769875526428,0.9970415830612183,0.9970250725746155,0.997633159160614,0.9868659377098083,0.9971622824668884,0.9961817860603333,0.9982032775878906,0.997917115688324,0.9998833537101746,0.12036099284887314,0.975994348526001,0.17961649596691132,0.9431203603744507,0.1765032857656479,0.9158418774604797,0.18623684346675873,0.9117010235786438,0.18352223932743073,0.8735207915306091,0.9967348575592041,0.9974826574325562,0.5842963457107544,0.8921281099319458,0.7186664938926697,0.9116724133491516,0.7538350224494934,0.8031246066093445,0.8008770942687988,0.9067700505256653,0.5259743928909302,0.521818220615387,0.5212523341178894,0.5206038355827332,0.5203622579574585,0.5188233256340027,0.5171465873718262,0.5086149573326111,0.5044804215431213,0.5227484703063965,0.5208457708358765,0.47729453444480896,0.4896252751350403,0.4812197685241699,0.47851309180259705,0.4981846809387207,0.4922010004520416,0.49961480498313904,0.4922872483730316,0.5063991546630859,0.49648991227149963,0.505985677242279,0.4961478114128113,0.48674672842025757,0.5088332891464233,0.4803319573402405,0.5442318320274353,0.4709755778312683,0.5172358155250549,0.4563426971435547,0.5034747123718262,0.49713999032974243,0.5601955652236938,0.31007280945777893,0.29476526379585266,0.29426607489585876,0.2938545048236847,0.29544463753700256,0.2954409718513489,0.2955307960510254,0.2991689443588257,0.3015669584274292,0.3234073221683502,0.3239045739173889,0.3775506317615509,0.3821340501308441,0.48176681995391846,0.49070462584495544,0.5659611225128174,0.581257164478302,0.5906435251235962,0.6140182614326477,0.591770350933075,0.6059602499008179,0.5802691578865051,0.5927915573120117,0.5847483277320862,0.5879018306732178,0.7134895920753479,0.725994348526001,0.8479167222976685,0.866507887840271,0.872664749622345,0.8824782967567444,0.8665956854820251,0.8958775997161865,-0.0697350949048996,-0.05755900219082832,-0.057576633989810944,-0.05754582956433296,-0.09381716698408127,-0.09383390843868256,-0.09394475072622299,0.005083901342004538,-0.15766863524913788,-0.04164163023233414,-0.0884474664926529,0.10999109596014023,-0.23100528120994568,0.14833123981952667,-0.2777869701385498,0.1043473482131958,-0.26669737696647644,0.10510238260030746,-0.29803895950317383,0.08270605653524399,-0.2946951389312744,0.0921296626329422,-0.2644383907318115,0.10702129453420639,-0.1070985198020935,0.19144649803638458,-0.061965472996234894,0.30843985080718994,0.03429541736841202,0.31560009717941284,0.041840001940727234,0.27721264958381653,-0.007969332858920097,Turn-First
190,0.997864305973053,0.995641827583313,0.9944032430648804,0.9953866004943848,0.9971104860305786,0.9970653057098389,0.9976983070373535,0.9874513745307922,0.9972870349884033,0.9963575601577759,0.9982979893684387,0.9978883862495422,0.9998889565467834,0.10989823192358017,0.9735003113746643,0.1646309345960617,0.940340518951416,0.16322822868824005,0.9127112030982971,0.17188015580177307,0.9080209136009216,0.16967980563640594,0.8698395490646362,0.996494472026825,0.9973822832107544,0.5536449551582336,0.8757407069206238,0.6902605891227722,0.8996608853340149,0.73898845911026,0.8004656434059143,0.7689434289932251,0.8840359449386597,0.5375615358352661,0.533234179019928,0.5323433876037598,0.5314053893089294,0.5322107672691345,0.5306141972541809,0.5289157629013062,0.5188343524932861,0.5159817337989807,0.5331150889396667,0.5313748121261597,0.48675793409347534,0.5060992240905762,0.49010270833969116,0.48347800970077515,0.5150901079177856,0.49102458357810974,0.5177931189537048,0.4852834641933441,0.5187493562698364,0.4924164414405823,0.5178834199905396,0.5015379786491394,0.5031285881996155,0.5245394110679626,0.48486465215682983,0.5448005795478821,0.47133708000183105,0.5504333972930908,0.46277132630348206,0.5438558459281921,0.49441203474998474,0.5893865823745728,0.3092873692512512,0.29421916604042053,0.29375776648521423,0.2933884859085083,0.2950401306152344,0.29516956210136414,0.29537951946258545,0.2991441488265991,0.3015972077846527,0.32295623421669006,0.32379186153411865,0.38157719373703003,0.3838784396648407,0.4878314435482025,0.49623414874076843,0.5723485350608826,0.6156206130981445,0.5935242176055908,0.6413309574127197,0.593305230140686,0.6388619542121887,0.5865375995635986,0.6132282614707947,0.593825101852417,0.6009895205497742,0.7258431911468506,0.7332696914672852,0.8547052145004272,0.8724440336227417,0.8782486319541931,0.8902809619903564,0.8678253293037415,0.8956264853477478,-0.08721356093883514,-0.07611013948917389,-0.07612849026918411,-0.0761159285902977,-0.11088494956493378,-0.1109107956290245,-0.11101178824901581,-0.013805975206196308,-0.1716538518667221,-0.06033775210380554,-0.10524104535579681,0.09168170392513275,-0.2353307008743286,0.13772064447402954,-0.26258012652397156,0.09317067265510559,-0.22194376587867737,0.09139008820056915,-0.2486821711063385,0.07105183601379395,-0.2532900869846344,0.08177641034126282,-0.22236542403697968,0.1038840040564537,-0.10411778837442398,0.20150423049926758,0.000499468413181603,0.3286401629447937,0.13890257477760315,0.33768168091773987,0.150556743144989,0.2981609106063843,0.08967161178588867,Turn-First
191,0.9971425533294678,0.9948954582214355,0.9934107661247253,0.9946123957633972,0.9964248538017273,0.9961426854133606,0.9970203638076782,0.9860702157020569,0.9965861439704895,0.9958456158638,0.9979814887046814,0.9976629614830017,0.9998865127563477,0.10717477649450302,0.9616749882698059,0.15394973754882812,0.9211843609809875,0.15322214365005493,0.8912184238433838,0.1608182191848755,0.885368824005127,0.15901754796504974,0.8464057445526123,0.9964925646781921,0.9973893165588379,0.5494102239608765,0.8757267594337463,0.6918018460273743,0.8993242383003235,0.7401718497276306,0.8078497648239136,0.7548654079437256,0.8757288455963135,0.5452226400375366,0.5409998893737793,0.5397641658782959,0.5384585857391357,0.5415793061256409,0.5407780408859253,0.5398694276809692,0.5265687704086304,0.5279618501663208,0.541019856929779,0.5411872863769531,0.4861345887184143,0.5226209163665771,0.4856114387512207,0.519025444984436,0.5120953321456909,0.5122729539871216,0.5173317193984985,0.5076534748077393,0.5199729204177856,0.515078604221344,0.519803524017334,0.5165971517562866,0.5060449838638306,0.5438776016235352,0.4975823760032654,0.5599832534790039,0.4762031137943268,0.583333432674408,0.4709400236606598,0.5805269479751587,0.5094005465507507,0.6247818470001221,0.31294938921928406,0.2962856590747833,0.2957071363925934,0.29522547125816345,0.2969978451728821,0.29695090651512146,0.29698240756988525,0.30103975534439087,0.3033759891986847,0.3266637921333313,0.32775846123695374,0.3876565396785736,0.3838331997394562,0.49063488841056824,0.4966079294681549,0.5796915888786316,0.602329671382904,0.5969556570053101,0.6289970874786377,0.5954736471176147,0.6241688132286072,0.5910534262657166,0.6067607402801514,0.5939372777938843,0.5973816514015198,0.7331419587135315,0.737432062625885,0.864239513874054,0.8806368708610535,0.8887436389923096,0.8977782130241394,0.872441828250885,0.8984758257865906,0.03465448319911957,0.04007532075047493,0.04006282612681389,0.04007621109485626,0.006742661353200674,0.006719233002513647,0.006553934421390295,0.05925440788269043,-0.08962183445692062,0.04584343731403351,0.003063157433643937,0.12032072246074677,-0.187971830368042,0.13601553440093994,-0.21571263670921326,0.10939548164606094,-0.16166658699512482,0.11329815536737442,-0.1799854189157486,0.09703509509563446,-0.1768324226140976,0.0994083359837532,-0.15885688364505768,0.1015680804848671,-0.10172172635793686,0.17791959643363953,-0.02432323805987835,0.27786511182785034,0.10466514527797699,0.2851918339729309,0.11890153586864471,0.23766812682151794,0.022301003336906433,Turn-First
192,0.9972402453422546,0.9951756000518799,0.9937903881072998,0.9949400424957275,0.9965954422950745,0.9963037967681885,0.9971622824668884,0.9869094491004944,0.9967368841171265,0.9960269927978516,0.9980539083480835,0.997635543346405,0.9998911619186401,0.10452687740325928,0.9622626900672913,0.14540250599384308,0.9190872311592102,0.145497128367424,0.8889606595039368,0.1520487666130066,0.8828908205032349,0.15019381046295166,0.8415378332138062,0.9961944222450256,0.9974046349525452,0.5552915930747986,0.8835868835449219,0.7044293880462646,0.9065304398536682,0.7501617074012756,0.8223608732223511,0.7602720856666565,0.8821908235549927,0.5550417900085449,0.5513476133346558,0.5499089956283569,0.54833984375,0.5522089600563049,0.5514200925827026,0.5504860877990723,0.5364800691604614,0.5391742587089539,0.54930180311203,0.5500982999801636,0.4943999648094177,0.529585599899292,0.491544634103775,0.5328883528709412,0.517528235912323,0.5754397511482239,0.5202304720878601,0.5834468007087708,0.5261185765266418,0.5856112241744995,0.5261081457138062,0.5822116136550903,0.5053130388259888,0.5394319295883179,0.49440279603004456,0.5547761917114258,0.4811853766441345,0.601408839225769,0.47676777839660645,0.5968707799911499,0.4997410774230957,0.6424148082733154,0.3126506507396698,0.29615193605422974,0.2956070601940155,0.29513880610466003,0.2966960072517395,0.2965727150440216,0.2965015172958374,0.30075758695602417,0.3024820387363434,0.3263133764266968,0.3272393047809601,0.3862503468990326,0.3815448582172394,0.4898422956466675,0.49270951747894287,0.5753576755523682,0.5724576115608215,0.5947152972221375,0.5872995853424072,0.592492938041687,0.5828070044517517,0.5869153738021851,0.5774513483047485,0.592059314250946,0.594028115272522,0.7320663928985596,0.7341147065162659,0.8629949688911438,0.8763635158538818,0.8861414790153503,0.8955898284912109,0.8723941445350647,0.89549320936203,0.02092478796839714,0.030398447066545486,0.030391504988074303,0.030405202880501747,-0.006344486027956009,-0.00636034831404686,-0.006477529648691416,0.06542424857616425,-0.09936980903148651,0.03810363635420799,-0.009511740878224373,0.14082452654838562,-0.19551001489162445,0.1373027116060257,-0.22631964087486267,0.09069085121154785,-0.17170821130275726,0.08818405121564865,-0.19434893131256104,0.06778395920991898,-0.18400003015995026,0.07760737091302872,-0.1651027351617813,0.10436224937438965,-0.10451263189315796,0.1913219392299652,-0.041622094810009,0.28928273916244507,0.021755976602435112,0.29533740878105164,0.024999063462018967,0.25618690252304077,-0.04672650620341301,Turn-First
193,0.9974825978279114,0.9955865144729614,0.9943184852600098,0.9953705668449402,0.9968906044960022,0.9966227412223816,0.9974096417427063,0.9879703521728516,0.9970045685768127,0.9963772892951965,0.9982274174690247,0.9977335333824158,0.9998993277549744,0.09942645579576492,0.9628655314445496,0.14258034527301788,0.9211115837097168,0.14423459768295288,0.8919007182121277,0.15030497312545776,0.8856753706932068,0.14841550588607788,0.8441833853721619,0.9961944818496704,0.9975813031196594,0.5525801777839661,0.8931908011436462,0.7187169194221497,0.9145213961601257,0.7637844681739807,0.837437629699707,0.7719372510910034,0.8911114931106567,0.5652872323989868,0.5617309212684631,0.5605927109718323,0.5593180060386658,0.5618113279342651,0.5607677102088928,0.5595516562461853,0.5477790236473083,0.5479081869125366,0.5600298047065735,0.5600157976150513,0.5195728540420532,0.5293046236038208,0.5326223969459534,0.5156111121177673,0.5523938536643982,0.5384940505027771,0.5614615678787231,0.5368213057518005,0.5620313286781311,0.5411691665649414,0.5599874258041382,0.5411226153373718,0.5339104533195496,0.5424660444259644,0.5077762603759766,0.5616205930709839,0.4801378846168518,0.6126288175582886,0.47337770462036133,0.6105669736862183,0.4983274042606354,0.6513506770133972,0.31702232360839844,0.2992812991142273,0.298639714717865,0.2980547249317169,0.30003461241722107,0.2999352812767029,0.2998656928539276,0.303120881319046,0.3051161766052246,0.3301621377468109,0.3310719132423401,0.38891783356666565,0.3830210566520691,0.4894041419029236,0.49309012293815613,0.5741786956787109,0.5731589794158936,0.5875524282455444,0.6120374202728271,0.5881074666976929,0.5918224453926086,0.5827592611312866,0.5868901610374451,0.5967007875442505,0.5963165163993835,0.7282941341400146,0.733960747718811,0.8597294092178345,0.8752520680427551,0.8821853399276733,0.8953096270561218,0.8723394870758057,0.8941779732704163,-0.02919824793934822,-0.018106086179614067,-0.018141331151127815,-0.018200043588876724,-0.05275585502386093,-0.05279657244682312,-0.05293905735015869,0.03641887381672859,-0.11820270866155624,-0.0038909302093088627,-0.049033887684345245,0.1181224137544632,-0.20192739367485046,0.1346363127231598,-0.2510223090648651,0.06561313569545746,-0.24932117760181427,0.0607004351913929,-0.2838684022426605,0.03675256669521332,-0.28254690766334534,0.051362693309783936,-0.24764886498451233,0.10284265130758286,-0.1029796451330185,0.2169944941997528,-0.0781126394867897,0.33690232038497925,-0.05621007829904556,0.3448212742805481,-0.05961231514811516,0.30018022656440735,-0.15349352359771729,Turn-First
194,0.9976956844329834,0.9959519505500793,0.9947795867919922,0.995740532875061,0.997148871421814,0.9969013929367065,0.9976237416267395,0.9888445734977722,0.9972568154335022,0.9966745376586914,0.9983738660812378,0.9978333711624146,0.9999054670333862,0.09700560569763184,0.9648568034172058,0.14044737815856934,0.9249880909919739,0.14245016872882843,0.8958200812339783,0.1487472951412201,0.8900217413902283,0.1473243236541748,0.8493970632553101,0.9962891340255737,0.9976412057876587,0.5477006435394287,0.8902116417884827,0.7158619165420532,0.9115123152732849,0.7603108286857605,0.8222087621688843,0.7723142504692078,0.8895658254623413,0.5741032958030701,0.5718530416488647,0.5715141892433167,0.5711191892623901,0.5695267915725708,0.5675369501113892,0.5654175281524658,0.5601385235786438,0.5525603294372559,0.5704270005226135,0.5677093267440796,0.5546236634254456,0.5184220671653748,0.5553293824195862,0.5081374049186707,0.570483386516571,0.5319505929946899,0.5769389271736145,0.5320900678634644,0.5831200480461121,0.5381852388381958,0.5797972083091736,0.5392220616340637,0.5510373711585999,0.5354558229446411,0.5534645915031433,0.5456027984619141,0.6069797873497009,0.5194915533065796,0.6052343249320984,0.5231629014015198,0.627242922782898,0.6239942312240601,0.31675899028778076,0.29965269565582275,0.299145370721817,0.29871952533721924,0.30027487874031067,0.3002040982246399,0.3001713156700134,0.3039601743221283,0.3052884340286255,0.32999229431152344,0.3308953642845154,0.3920440971851349,0.38368451595306396,0.490853488445282,0.4929693341255188,0.5733006596565247,0.5735417008399963,0.5920370817184448,0.6112194061279297,0.6022639870643616,0.5951524376869202,0.5929126739501953,0.5881786346435547,0.5996345281600952,0.5977821946144104,0.7312910556793213,0.7364363074302673,0.8722555637359619,0.8742333650588989,0.8910555243492126,0.8940357565879822,0.887391209602356,0.9220423102378845,-0.10154640674591064,-0.08550624549388885,-0.08556710183620453,-0.08555429428815842,-0.11816111952066422,-0.1182122454047203,-0.11832702159881592,0.021192612126469612,-0.1323239654302597,-0.061776578426361084,-0.10468345880508423,0.11031651496887207,-0.19940561056137085,0.14240561425685883,-0.2331019937992096,0.05696944519877434,-0.2491162121295929,0.04528410732746124,-0.28351521492004395,0.01287117786705494,-0.2869672179222107,0.03923938423395157,-0.2482665330171585,0.08881290256977081,-0.08876238763332367,0.11108521372079849,-0.08208655565977097,0.19871993362903595,-0.012688701041042805,0.20073208212852478,-0.00879792682826519,0.11349178850650787,-0.09251650422811508,Turn-First
195,0.9978964328765869,0.9962918162345886,0.9952092170715332,0.9960930943489075,0.9974042773246765,0.9971802830696106,0.9978424906730652,0.9897800087928772,0.9975051879882812,0.9969716668128967,0.9985240697860718,0.9979101419448853,0.9999135136604309,0.0928308442234993,0.966187059879303,0.13395331799983978,0.9256983995437622,0.13671749830245972,0.8960142135620117,0.14259421825408936,0.8900625109672546,0.14125129580497742,0.8485899567604065,0.996332049369812,0.9978022575378418,0.5337141752243042,0.8960373997688293,0.7224957942962646,0.9171541929244995,0.7698596119880676,0.8356146216392517,0.7800877690315247,0.8960429430007935,0.5847561359405518,0.582899808883667,0.5826624035835266,0.5823889374732971,0.5809911489486694,0.5794112682342529,0.5777333974838257,0.5721031427383423,0.5649067163467407,0.5817139148712158,0.5795663595199585,0.5549837350845337,0.5359387397766113,0.5585276484489441,0.5212551355361938,0.5730977058410645,0.5392085313796997,0.5765632390975952,0.5420563220977783,0.5795713663101196,0.5458167195320129,0.5786269903182983,0.5464322566986084,0.5553627014160156,0.5470187067985535,0.5291485786437988,0.5720821022987366,0.530476450920105,0.6160050630569458,0.5166992545127869,0.6141818165779114,0.5497154593467712,0.6527903079986572,0.31822192668914795,0.3016436994075775,0.3010042905807495,0.30039283633232117,0.30205515027046204,0.3017449975013733,0.3014759421348572,0.30465805530548096,0.30642932653427124,0.3304060697555542,0.33111727237701416,0.39156559109687805,0.38872113823890686,0.47661688923835754,0.49741891026496887,0.5084120631217957,0.5878370404243469,0.5194108486175537,0.6179131269454956,0.5143665075302124,0.6100994348526001,0.5104750394821167,0.6019195318222046,0.5979900360107422,0.5981566905975342,0.7298543453216553,0.7353840470314026,0.863910973072052,0.8792334794998169,0.8812811970710754,0.8962690830230713,0.8819445967674255,0.9127417206764221,-0.09996376186609268,-0.08230610191822052,-0.08237689733505249,-0.08240105956792831,-0.1176108568906784,-0.11764327436685562,-0.11776567995548248,0.0023237024433910847,-0.1372615247964859,-0.05887698382139206,-0.10339313745498657,0.09617175161838531,-0.20253033936023712,0.16066478192806244,-0.24908943474292755,0.15952210128307343,-0.2605254054069519,0.16397105157375336,-0.29025691747665405,0.14519156515598297,-0.2959509789943695,0.1495036631822586,-0.26117444038391113,0.08978838473558426,-0.0897589698433876,0.14687587320804596,-0.08523331582546234,0.22634494304656982,-0.05719342082738876,0.23173680901527405,-0.06051523610949516,0.16092103719711304,-0.15150168538093567,Turn-First
196,0.9980809092521667,0.996594250202179,0.9955916404724121,0.9964069128036499,0.9976224303245544,0.9974173307418823,0.9980288147926331,0.9905702471733093,0.9977243542671204,0.9972450733184814,0.9986605644226074,0.9979956746101379,0.9999203085899353,0.08723542839288712,0.9679026007652283,0.12646529078483582,0.9254363775253296,0.13036051392555237,0.8948376774787903,0.13585247099399567,0.8888080716133118,0.13520663976669312,0.8477924466133118,0.9965115189552307,0.9979604482650757,0.5285841226577759,0.9030051231384277,0.7370964288711548,0.9234198331832886,0.7835882306098938,0.8481651544570923,0.7935400605201721,0.9034684300422668,0.594214141368866,0.5920294523239136,0.5917357206344604,0.5914335250854492,0.5899983048439026,0.5881629586219788,0.5862022638320923,0.5804115533828735,0.5727777481079102,0.5907487273216248,0.5881115198135376,0.5687516331672668,0.5412493944168091,0.5703279972076416,0.5260015726089478,0.5837262868881226,0.5478644371032715,0.586391031742096,0.5425416827201843,0.5832658410072327,0.5547753572463989,0.5807603597640991,0.5553823709487915,0.5611282587051392,0.560041069984436,0.537358283996582,0.577142059803009,0.5167574286460876,0.6186693906784058,0.5027763843536377,0.6151494383811951,0.5449028015136719,0.6575950384140015,0.3118970990180969,0.2977745234966278,0.2974039614200592,0.2970772683620453,0.29813891649246216,0.2980809509754181,0.2981289327144623,0.30227401852607727,0.3036315143108368,0.3244839906692505,0.32618269324302673,0.39122432470321655,0.3884284794330597,0.4844379127025604,0.4966993033885956,0.5565006732940674,0.5902887582778931,0.5756465196609497,0.6317508220672607,0.574475884437561,0.6151043176651001,0.5697267055511475,0.60645991563797,0.599129855632782,0.6000703573226929,0.7288414835929871,0.7368350625038147,0.8564966917037964,0.8774827122688293,0.8732967376708984,0.8956319093704224,0.8815145492553711,0.9083833694458008,-0.16211387515068054,-0.1479443609714508,-0.14795982837677002,-0.1479153335094452,-0.18393389880657196,-0.18397033214569092,-0.18406488001346588,-0.06479405611753464,-0.22657696902751923,-0.12636378407478333,-0.1731855571269989,0.05559847876429558,-0.28428134322166443,0.10927246510982513,-0.33156049251556396,0.06294137239456177,-0.32015398144721985,0.057875823229551315,-0.3550618886947632,0.031804732978343964,-0.3588622212409973,0.04848707839846611,-0.3205048739910126,0.09849262237548828,-0.09847216308116913,0.22516262531280518,-0.03642180934548378,0.3663986325263977,0.07694882899522781,0.37647029757499695,0.0834348276257515,0.3219567835330963,-0.008249235339462757,Turn-First
197,0.9982360601425171,0.9968439936637878,0.9959174394607544,0.9966623783111572,0.9977859854698181,0.9976060390472412,0.9981598258018494,0.9911672472953796,0.9979016184806824,0.9974529147148132,0.9987603425979614,0.9981557726860046,0.9999260306358337,0.08557435125112534,0.9705503582954407,0.12938541173934937,0.9313930869102478,0.13398957252502441,0.9025728106498718,0.13979098200798035,0.8970333933830261,0.139593705534935,0.8580971956253052,0.9967857003211975,0.9980447292327881,0.5527765154838562,0.9072883129119873,0.7433422803878784,0.9245771169662476,0.7803086042404175,0.8346312642097473,0.7991517186164856,0.9063608646392822,0.6031307578086853,0.6016295552253723,0.601764440536499,0.6018074750900269,0.598192572593689,0.5959345698356628,0.593387246131897,0.5920218825340271,0.5787583589553833,0.6001445055007935,0.5959498286247253,0.5814538598060608,0.5465840697288513,0.5841807126998901,0.540307343006134,0.5923815965652466,0.5563205480575562,0.5939140319824219,0.5577174425125122,0.5936597585678101,0.565018355846405,0.5901604890823364,0.5656174421310425,0.5807514190673828,0.5550379753112793,0.6061645746231079,0.5604652762413025,0.6085736751556396,0.503646731376648,0.5959234237670898,0.48730239272117615,0.6467773914337158,0.5408900380134583,0.3131263852119446,0.29796919226646423,0.2975483238697052,0.29718515276908875,0.29824671149253845,0.29811006784439087,0.2981296181678772,0.30228346586227417,0.30362802743911743,0.32522138953208923,0.3266530930995941,0.38908258080482483,0.3862859308719635,0.48790010809898376,0.49599629640579224,0.5742923617362976,0.5899914503097534,0.5986589789390564,0.6266724467277527,0.5979828238487244,0.6141970753669739,0.590954065322876,0.6054532527923584,0.5984739065170288,0.5996519327163696,0.7280076742172241,0.7366054058074951,0.8617260456085205,0.8619611859321594,0.8795560002326965,0.8772679567337036,0.8966928720474243,0.9011908769607544,-0.13785870373249054,-0.12303151190280914,-0.12307155132293701,-0.12306495755910873,-0.15818209946155548,-0.1582219898700714,-0.1583063155412674,-0.040030039846897125,-0.197719544172287,-0.09988564252853394,-0.14596693217754364,0.08548887073993683,-0.26250118017196655,0.15123294293880463,-0.3120286166667938,0.07891663163900375,-0.29583847522735596,0.06935703754425049,-0.33191484212875366,0.032711874693632126,-0.33490580320358276,0.061141662299633026,-0.29583829641342163,0.09756609797477722,-0.09750643372535706,0.07489446550607681,-0.10135821998119354,0.2003813534975052,0.04452858120203018,0.20700371265411377,0.059515029191970825,0.12799134850502014,-0.059412259608507156,Turn-First
198,0.998371422290802,0.9970645904541016,0.9962049126625061,0.9968884587287903,0.9979433417320251,0.9977831244468689,0.9982966780662537,0.9917060732841492,0.9980550408363342,0.9976252317428589,0.9988481402397156,0.998227596282959,0.9999313950538635,0.08092307299375534,0.9713788032531738,0.12411324679851532,0.9301837682723999,0.1306857168674469,0.9010745882987976,0.13596031069755554,0.8956563472747803,0.13575351238250732,0.8564366698265076,0.9968158006668091,0.9981511235237122,0.5599939227104187,0.9141164422035217,0.7539406418800354,0.9300960302352905,0.7904227375984192,0.8469641804695129,0.8076896667480469,0.9124897718429565,0.6113051176071167,0.6105676889419556,0.6108812093734741,0.6110424995422363,0.6068558692932129,0.6046911478042603,0.6022474765777588,0.6011807918548584,0.5884691476821899,0.6095119118690491,0.6043920516967773,0.581580638885498,0.5618882179260254,0.5771825909614563,0.5553404092788696,0.5921815633773804,0.5697451233863831,0.5970252752304077,0.5683883428573608,0.5958002209663391,0.5767908096313477,0.5932429432868958,0.5785996317863464,0.5725229978561401,0.5673611164093018,0.5665386915206909,0.604594349861145,0.5712396502494812,0.60841965675354,0.5829207301139832,0.5972029566764832,0.5866877436637878,0.6543247699737549,0.31544649600982666,0.29942986369132996,0.29892465472221375,0.2985127866268158,0.29928120970726013,0.2987811863422394,0.2985313832759857,0.30286261439323425,0.30377665162086487,0.32632216811180115,0.32723018527030945,0.3827040493488312,0.3808613717556,0.4830467998981476,0.4880846440792084,0.5738195776939392,0.5890465378761292,0.5948031544685364,0.6237797141075134,0.5944750308990479,0.6129913926124573,0.5873745083808899,0.5989274978637695,0.5892764329910278,0.5888826251029968,0.7228712439537048,0.7298221588134766,0.836299479007721,0.8653692603111267,0.8524192571640015,0.8858506083488464,0.8822466135025024,0.9045384526252747,-0.11473355442285538,-0.09944768249988556,-0.09946271777153015,-0.09940899908542633,-0.1297469437122345,-0.12974566221237183,-0.1297556757926941,-0.012798262760043144,-0.15525458753108978,-0.07522124797105789,-0.1154884323477745,0.10930337756872177,-0.22044777870178223,0.14949631690979004,-0.2758215069770813,0.08246991783380508,-0.27405789494514465,0.07961457222700119,-0.30368179082870483,0.05173245072364807,-0.30180031061172485,0.06766756623983383,-0.27126824855804443,0.09772764891386032,-0.09766598790884018,0.14141088724136353,-0.10050909221172333,0.23052027821540833,-0.06678035110235214,0.23817944526672363,-0.0685531422495842,0.1361500322818756,-0.15734870731830597,Turn-First
199,0.9985127449035645,0.9972962737083435,0.9965128302574158,0.9971267580986023,0.9981080889701843,0.9979692101478577,0.9984356164932251,0.9922782778739929,0.9982122182846069,0.9978147149085999,0.9989432096481323,0.9983214139938354,0.9999357461929321,0.07892364263534546,0.9724328517913818,0.12301614135503769,0.9279148578643799,0.13218443095684052,0.8982360363006592,0.13737595081329346,0.8929144740104675,0.1367705762386322,0.8534412384033203,0.997016191482544,0.9983034729957581,0.5697543025016785,0.9204939603805542,0.7707548141479492,0.9360114932060242,0.8047358393669128,0.859379768371582,0.8210113644599915,0.9195535778999329,0.6206027269363403,0.6201668977737427,0.6207836866378784,0.6212834119796753,0.615745484828949,0.6132521629333496,0.6104625463485718,0.6131991147994995,0.5979001522064209,0.6192625761032104,0.614062488079071,0.6044347882270813,0.5655888915061951,0.592595100402832,0.561173141002655,0.6022422909736633,0.5816754698753357,0.6044994592666626,0.5813377499580383,0.6064444184303284,0.5893663763999939,0.6038995981216431,0.5893252491950989,0.591810405254364,0.5762007832527161,0.5754445791244507,0.6015257239341736,0.5387685298919678,0.6146896481513977,0.535549521446228,0.6054208874702454,0.5681583881378174,0.6529582738876343,0.31554022431373596,0.2994856536388397,0.2990126609802246,0.29864558577537537,0.29927965998649597,0.29876434803009033,0.29846131801605225,0.30294549465179443,0.30343401432037354,0.32645317912101746,0.3272128105163574,0.38066425919532776,0.3786962926387787,0.4733678102493286,0.48219212889671326,0.5677327513694763,0.5860817432403564,0.5937557816505432,0.617029070854187,0.5917549729347229,0.6103998422622681,0.5812333822250366,0.5975933074951172,0.5766244530677795,0.5789840817451477,0.7077657580375671,0.7154273986816406,0.8215148448944092,0.8605747818946838,0.835419237613678,0.8858147263526917,0.8710423111915588,0.9039104580879211,-0.12170262634754181,-0.10514397919178009,-0.10517536103725433,-0.10512618720531464,-0.13491663336753845,-0.1349201500415802,-0.1349516212940216,-0.01303419005125761,-0.15187695622444153,-0.08286239206790924,-0.12154724448919296,0.1048671156167984,-0.205145001411438,0.1456471085548401,-0.2545662522315979,0.06277500838041306,-0.2730337977409363,0.05374836176633835,-0.30477941036224365,0.027184510603547096,-0.3065224289894104,0.04803730547428131,-0.27187350392341614,0.09681288152933121,-0.09673401713371277,0.16579711437225342,-0.1048126369714737,0.2594843804836273,-0.08093070983886719,0.2649487853050232,-0.08448132127523422,0.19418536126613617,-0.18459029495716095,Turn-First
200,0.9984126687049866,0.9968010187149048,0.9959760904312134,0.9966114163398743,0.9978159070014954,0.9977336525917053,0.9981943368911743,0.9905428290367126,0.9977740049362183,0.997283399105072,0.9986838698387146,0.9981325268745422,0.9999349117279053,0.07283862680196762,0.9687585830688477,0.11481331288814545,0.9205149412155151,0.12520714104175568,0.8914454579353333,0.12981845438480377,0.8854442238807678,0.12929289042949677,0.8429757356643677,0.9967801570892334,0.998279869556427,0.562534511089325,0.924020528793335,0.7714203000068665,0.9393898248672485,0.8078030347824097,0.8678034543991089,0.8230710625648499,0.9229139685630798,0.6314439177513123,0.6292915940284729,0.6289560794830322,0.6284862160682678,0.6274082660675049,0.6258461475372314,0.6240557432174683,0.6175984144210815,0.6102619171142578,0.6279029250144958,0.6257411241531372,0.5952315330505371,0.5861631035804749,0.5922774076461792,0.5962434411048889,0.6046513319015503,0.6128026843070984,0.6060537099838257,0.6115869283676147,0.6104465126991272,0.6190156936645508,0.6087546348571777,0.6181159019470215,0.593414306640625,0.5989282727241516,0.5858319997787476,0.6257525682449341,0.5416616797447205,0.6186361312866211,0.5297974348068237,0.6074764728546143,0.5639171600341797,0.6622520685195923,0.31552377343177795,0.299549400806427,0.29903852939605713,0.29864412546157837,0.2993718385696411,0.2988101840019226,0.2984701991081238,0.30191904306411743,0.302634060382843,0.32624340057373047,0.326712965965271,0.3753395676612854,0.3753509819507599,0.4739142060279846,0.482565313577652,0.5674397945404053,0.58624666929245,0.5930116772651672,0.6165827512741089,0.5907538533210754,0.6126112341880798,0.5811782479286194,0.6013695597648621,0.5785854458808899,0.5802351236343384,0.7081816792488098,0.7178624868392944,0.8126935362815857,0.8628072142601013,0.8252438306808472,0.8888538479804993,0.8614585399627686,0.9034327864646912,-0.06523169577121735,-0.05237843468785286,-0.052423685789108276,-0.052389807999134064,-0.08571377396583557,-0.08570082485675812,-0.08577986061573029,0.018808111548423767,-0.1306263506412506,-0.0333128497004509,-0.07639686018228531,0.13079383969306946,-0.2016775906085968,0.1675483137369156,-0.25442439317703247,0.12401531636714935,-0.26484376192092896,0.12863773107528687,-0.2953111529350281,0.10569949448108673,-0.29067638516426086,0.11220405995845795,-0.26148566603660583,0.09967873245477676,-0.0997028574347496,0.18296441435813904,-0.08544307202100754,0.28899556398391724,-0.038048870861530304,0.2966209053993225,-0.03718894347548485,0.26454290747642517,-0.15111733973026276,Turn-First
201,0.9984545707702637,0.9967802166938782,0.9959555268287659,0.9965683221817017,0.9978428483009338,0.9977792501449585,0.9982199668884277,0.9904122352600098,0.9978150129318237,0.9973625540733337,0.9987350106239319,0.9982037544250488,0.9999383091926575,0.08009250462055206,0.9701859951019287,0.12985734641551971,0.9236239790916443,0.14109191298484802,0.8949397802352905,0.14604105055332184,0.8891221880912781,0.14496371150016785,0.8470926284790039,0.9967355728149414,0.9982663989067078,0.5583020448684692,0.9216457605361938,0.7575425505638123,0.9346252679824829,0.8014117479324341,0.8620057702064514,0.8157563805580139,0.9198353886604309,0.6438692808151245,0.6415327787399292,0.641395092010498,0.64109867811203,0.6385743618011475,0.636509895324707,0.6342325806617737,0.6296370029449463,0.6189740896224976,0.6402483582496643,0.6364992260932922,0.618977963924408,0.5822466015815735,0.6227465867996216,0.5813802480697632,0.6364733576774597,0.6107102036476135,0.6422446370124817,0.6117573976516724,0.6498266458511353,0.6231216192245483,0.6460055112838745,0.622553825378418,0.6267083883285522,0.5994182825088501,0.6140090227127075,0.6161767840385437,0.5712031126022339,0.6007407903671265,0.556301474571228,0.5914546847343445,0.6109997034072876,0.6402958631515503,0.31615808606147766,0.29965928196907043,0.29912707209587097,0.2986983358860016,0.29944440722465515,0.298838347196579,0.298470675945282,0.30185869336128235,0.30240097641944885,0.3276057541370392,0.3274541199207306,0.3756338357925415,0.3745570182800293,0.4745621979236603,0.4829201400279999,0.5669784545898438,0.5860773921012878,0.5926141142845154,0.6165732741355896,0.5901266932487488,0.6128321290016174,0.580855667591095,0.6015235781669617,0.5775092244148254,0.5757577419281006,0.7095091938972473,0.7186861038208008,0.8198059797286987,0.8552097678184509,0.8340959548950195,0.8753498792648315,0.8635739684104919,0.8989543914794922,-0.14160309731960297,-0.12915028631687164,-0.12917587161064148,-0.12914881110191345,-0.1621420979499817,-0.16217604279518127,-0.16226543486118317,-0.0471709780395031,-0.196795254945755,-0.10596935451030731,-0.14917609095573425,0.06925514340400696,-0.24649186432361603,0.12018034607172012,-0.2996559143066406,0.06030036881566048,-0.31839993596076965,0.056071359664201736,-0.3531772792339325,0.027450302615761757,-0.3546905219554901,0.045593202114105225,-0.31768161058425903,0.09727243334054947,-0.09719883650541306,0.14180445671081543,-0.12012533843517303,0.2330690622329712,-0.054143477231264114,0.2376803159713745,-0.05280240252614021,0.1783374398946762,-0.15815140306949615,Turn-First
202,0.9985437393188477,0.9969162940979004,0.9961320757865906,0.9966995716094971,0.9979131817817688,0.9978559017181396,0.998249888420105,0.9907728433609009,0.9978708028793335,0.9975301027297974,0.9988043904304504,0.9983346462249756,0.9999365210533142,0.10147284716367722,0.9716318845748901,0.16259115934371948,0.9254698753356934,0.1681821346282959,0.8959630727767944,0.1747501939535141,0.890399158000946,0.17305581271648407,0.8483048677444458,0.9969275593757629,0.9982536435127258,0.55741286277771,0.9139457941055298,0.7450167536735535,0.9230735898017883,0.7919872403144836,0.8373163342475891,0.8108639717102051,0.9102572798728943,0.6513611674308777,0.648848295211792,0.648917019367218,0.6487802267074585,0.6448525190353394,0.6422353982925415,0.6391977667808533,0.6371442079544067,0.623566210269928,0.648462176322937,0.6434817314147949,0.636299729347229,0.5849295258522034,0.643936038017273,0.5817328691482544,0.669124960899353,0.6135408282279968,0.6801053881645203,0.6144082546234131,0.6806163787841797,0.626430869102478,0.6736160516738892,0.6266103982925415,0.6259664297103882,0.5980674028396606,0.6302645802497864,0.6132966876029968,0.6090134978294373,0.5936044454574585,0.5944535732269287,0.5831416845321655,0.6381067037582397,0.6320194602012634,0.3105974495410919,0.2943643033504486,0.2941119968891144,0.2939167022705078,0.2938413918018341,0.2933027148246765,0.29295584559440613,0.2989140748977661,0.2985377013683319,0.3244873583316803,0.32324063777923584,0.37574151158332825,0.37402239441871643,0.4753078818321228,0.48307138681411743,0.5700643062591553,0.5898152589797974,0.5958013534545898,0.6228793263435364,0.5964327454566956,0.6197986602783203,0.5877966284751892,0.6079216599464417,0.5782855749130249,0.5762473344802856,0.7104276418685913,0.718991219997406,0.8319713473320007,0.8559657335281372,0.8539937138557434,0.8758886456489563,0.8752914667129517,0.901388943195343,-0.1958703100681305,-0.1784614771604538,-0.178501695394516,-0.17849501967430115,-0.20954103767871857,-0.20954692363739014,-0.2096196413040161,-0.0752948522567749,-0.21759966015815735,-0.15381267666816711,-0.19483521580696106,0.04236520081758499,-0.2548553943634033,0.10167168080806732,-0.2965593636035919,0.02762981317937374,-0.324710488319397,0.014116448350250721,-0.3620264232158661,-0.016152391210198402,-0.3725590705871582,0.011552763171494007,-0.3283535838127136,0.0897430032491684,-0.0896739512681961,0.12400022894144058,-0.03471596911549568,0.25480300188064575,0.1346733570098877,0.26561295986175537,0.14539358019828796,0.1918012946844101,0.035473309457302094,Turn-First
203,0.9985514283180237,0.9969579577445984,0.9962325692176819,0.9967908263206482,0.9979104399681091,0.997842013835907,0.9981967210769653,0.9910649061203003,0.9977032542228699,0.9975184798240662,0.9987468719482422,0.9983497858047485,0.9999315738677979,0.09926549345254898,0.9684942364692688,0.15739531815052032,0.9162839651107788,0.1641560196876526,0.8861240148544312,0.1697537899017334,0.8792222738265991,0.16801504790782928,0.832080066204071,0.9967177510261536,0.9981773495674133,0.5481200218200684,0.9176439046859741,0.735938310623169,0.9256003499031067,0.7826448678970337,0.8417490124702454,0.7984883189201355,0.9091789722442627,0.6561033129692078,0.6533622145652771,0.6525563597679138,0.6515544652938843,0.6527923345565796,0.6516764760017395,0.6503358483314514,0.6397790312767029,0.6385580897331238,0.651394248008728,0.6503371596336365,0.6102226972579956,0.6345596313476562,0.6236159205436707,0.6374726891517639,0.6431435346603394,0.667138934135437,0.6542611718177795,0.6801697015762329,0.6514723896980286,0.6921718716621399,0.6430049538612366,0.6741206645965576,0.6180611848831177,0.6352218985557556,0.6198781728744507,0.6411958336830139,0.6028317213058472,0.6173983812332153,0.5907808542251587,0.6094617247581482,0.6266469955444336,0.665777862071991,0.3074699342250824,0.29274478554725647,0.29251575469970703,0.29232290387153625,0.2922404110431671,0.2917373478412628,0.2913399338722229,0.2968827784061432,0.2959975302219391,0.32115745544433594,0.31986454129219055,0.37196704745292664,0.3667582869529724,0.47595664858818054,0.47882649302482605,0.5541375875473022,0.5777851939201355,0.5932677984237671,0.6038252711296082,0.5727468729019165,0.6064139008522034,0.5650880336761475,0.5958093404769897,0.571219265460968,0.5725226998329163,0.7001446485519409,0.7085714936256409,0.8296439051628113,0.85868901014328,0.8495933413505554,0.8914604783058167,0.8569340109825134,0.901301383972168,0.026856640353798866,0.03389059379696846,0.033867426216602325,0.033858608454465866,0.002187763573601842,0.0022078065667301416,0.002119418466463685,0.06103409081697464,-0.08090781420469284,0.040910519659519196,-0.00029180021374486387,0.12170827388763428,-0.1711610108613968,0.12222921848297119,-0.21560779213905334,0.06652624905109406,-0.1988314390182495,0.0685655027627945,-0.22233375906944275,0.04806351661682129,-0.21557395160198212,0.05581030994653702,-0.19491258263587952,0.0923192948102951,-0.09242106974124908,0.1595647782087326,-0.09307746589183807,0.25578513741493225,-0.07334364950656891,0.2641729712486267,-0.07486593723297119,0.21736721694469452,-0.1511862576007843,Turn-First
204,0.9985026717185974,0.9969744682312012,0.9963075518608093,0.9968618750572205,0.9978755116462708,0.9977872371673584,0.9981021285057068,0.991419792175293,0.9975993633270264,0.9975235462188721,0.9986776113510132,0.9984132647514343,0.9999284148216248,0.09672138094902039,0.9669945240020752,0.15526406466960907,0.9113986492156982,0.16369977593421936,0.8813436031341553,0.1684972047805786,0.8739403486251831,0.16669701039791107,0.8256996870040894,0.9964888095855713,0.9980727434158325,0.5176628232002258,0.9087991714477539,0.7024153470993042,0.9172698259353638,0.757486879825592,0.8363537192344666,0.7716891169548035,0.8961386680603027,0.6661859750747681,0.663364052772522,0.6627458333969116,0.661963164806366,0.6618944406509399,0.6602354645729065,0.6582983136177063,0.6496152877807617,0.6445471048355103,0.663537323474884,0.6612505912780762,0.6148474216461182,0.6348373293876648,0.6272382140159607,0.6544818878173828,0.644973874092102,0.6843345761299133,0.6602342128753662,0.6692737340927124,0.6558159589767456,0.673711895942688,0.6563156843185425,0.6697059869766235,0.6266756653785706,0.6338623762130737,0.6261560320854187,0.64171302318573,0.610051691532135,0.624414324760437,0.6032399535179138,0.6119980216026306,0.6429638266563416,0.6723294258117676,0.3074040114879608,0.2924826741218567,0.2921239733695984,0.2917778193950653,0.2921668291091919,0.291644424200058,0.2912086546421051,0.2957664132118225,0.295713871717453,0.3207783102989197,0.3197593092918396,0.3692437410354614,0.3677547574043274,0.476193368434906,0.4792259633541107,0.5484992265701294,0.5725842118263245,0.5735303163528442,0.6039631366729736,0.5672553181648254,0.6037285327911377,0.5601471066474915,0.5952605605125427,0.5706995725631714,0.5697101354598999,0.7028814554214478,0.7134256958961487,0.8322190046310425,0.8695973753929138,0.8590689301490784,0.8996906280517578,0.8599847555160522,0.9012052416801453,-0.02754831872880459,-0.018119418993592262,-0.018157918006181717,-0.01815711334347725,-0.05023711919784546,-0.050239406526088715,-0.05032473802566528,0.027400368824601173,-0.11690352857112885,-0.006514259614050388,-0.04815724492073059,0.11032827198505402,-0.19216462969779968,0.11885988712310791,-0.21381917595863342,0.059002988040447235,-0.16920101642608643,0.057783883064985275,-0.18931739032268524,0.039058588445186615,-0.19122138619422913,0.04792492836713791,-0.16847355663776398,0.0976673811674118,-0.09785553067922592,0.19003254175186157,-0.06672553718090057,0.2985095679759979,-0.04346819967031479,0.30624768137931824,-0.048945438116788864,0.27297908067703247,-0.09993451833724976,Turn-First
205,0.9985190033912659,0.9970548748970032,0.9964517951011658,0.9969868063926697,0.9978999495506287,0.9977760314941406,0.9980291128158569,0.9918370246887207,0.9973874688148499,0.9976001977920532,0.9986566305160522,0.9985017776489258,0.9999224543571472,0.1110718697309494,0.9644596576690674,0.1654503494501114,0.9075047373771667,0.17305074632167816,0.8780298233032227,0.17632392048835754,0.8702086210250854,0.1730705201625824,0.8190214037895203,0.9964854121208191,0.9980668425559998,0.5053755640983582,0.9091605544090271,0.6972170472145081,0.9183929562568665,0.7523373961448669,0.8386198282241821,0.7639787793159485,0.8943679928779602,0.6665929555892944,0.6634014248847961,0.6622162461280823,0.6607786417007446,0.6639073491096497,0.6632989645004272,0.6625643968582153,0.6491420269012451,0.652882993221283,0.6640783548355103,0.663449227809906,0.6081555485725403,0.6561529040336609,0.6137820482254028,0.6824086904525757,0.631100058555603,0.7274264693260193,0.6496204733848572,0.7299586534500122,0.6416875123977661,0.7328718900680542,0.6381795406341553,0.730635404586792,0.6216691136360168,0.6421997547149658,0.6310935020446777,0.6547881364822388,0.6255156993865967,0.6327450275421143,0.617275595664978,0.6198370456695557,0.6591678261756897,0.671733558177948,0.3065985441207886,0.2915075123310089,0.2911539077758789,0.29080092906951904,0.29086774587631226,0.2900793254375458,0.28933200240135193,0.29380497336387634,0.29350125789642334,0.3197724521160126,0.3185272812843323,0.3672478497028351,0.367038756608963,0.475645512342453,0.4791450500488281,0.5455905795097351,0.5732580423355103,0.5655989050865173,0.596965491771698,0.5631616711616516,0.5956138968467712,0.5588868856430054,0.5878328084945679,0.5704753398895264,0.5687072277069092,0.7026851177215576,0.7136767506599426,0.8327258825302124,0.8631143569946289,0.8588631749153137,0.8938302993774414,0.8573629856109619,0.8889937996864319,0.06635338068008423,0.06062258034944534,0.06060580164194107,0.0606190487742424,0.03442540764808655,0.03443564847111702,0.03432837873697281,0.04358231648802757,-0.07484440505504608,0.06519690155982971,0.03109091892838478,0.10087545961141586,-0.1665845513343811,0.1005515307188034,-0.1789519041776657,0.049552153795957565,-0.12311216443777084,0.04749220609664917,-0.13971981406211853,0.029505640268325806,-0.13926567137241364,0.0393659733235836,-0.12145254760980606,0.0988849550485611,-0.09917335957288742,0.20512425899505615,-0.03887713700532913,0.3259660601615906,0.03219081088900566,0.3355103135108948,0.03632156923413277,0.30463603138923645,-0.029287317767739296,Turn-First
206,0.9986140727996826,0.9972928166389465,0.9967402219772339,0.9972273111343384,0.9980643391609192,0.9979418516159058,0.9981710314750671,0.9925598502159119,0.9975974559783936,0.9977821707725525,0.9987496137619019,0.99861079454422,0.9999263882637024,0.15143389999866486,0.9668177366256714,0.17092829942703247,0.911254346370697,0.17705024778842926,0.8820502758026123,0.17902831733226776,0.8742397427558899,0.175103098154068,0.8235718607902527,0.9966802597045898,0.998163104057312,0.507346510887146,0.9127156734466553,0.6997452974319458,0.9226514101028442,0.7511811256408691,0.8469353318214417,0.7612018585205078,0.8964076638221741,0.6765589118003845,0.6722554564476013,0.6702166795730591,0.6678813695907593,0.6750677824020386,0.6752105355262756,0.675216019153595,0.6544316411018372,0.6673645973205566,0.6715638041496277,0.6740702390670776,0.6045204997062683,0.6727168560028076,0.6011557579040527,0.7011910080909729,0.6216659545898438,0.7420522570610046,0.6173979043960571,0.7515914440155029,0.6305266618728638,0.7528296709060669,0.6373814940452576,0.7485290765762329,0.6154571771621704,0.6552796363830566,0.6278765797615051,0.6653637886047363,0.6268632411956787,0.6556843519210815,0.617727518081665,0.6442171335220337,0.6538640856742859,0.6921525597572327,0.3067792057991028,0.2916538119316101,0.29140883684158325,0.2910785377025604,0.29094281792640686,0.29012492299079895,0.2894347012042999,0.29361820220947266,0.29390043020248413,0.32007208466529846,0.3187909424304962,0.36715462803840637,0.3675214350223541,0.4696306884288788,0.47652480006217957,0.538864254951477,0.5672479271888733,0.5655868649482727,0.5875351428985596,0.5600172877311707,0.5853204727172852,0.5551440119743347,0.577668309211731,0.5679182410240173,0.56788569688797,0.7032075524330139,0.7136982083320618,0.8491141200065613,0.8643244504928589,0.8747380971908569,0.8936378955841064,0.8587595224380493,0.8868395686149597,0.05425223708152771,0.04567132145166397,0.045651547610759735,0.045633889734745026,0.023100147023797035,0.02313709445297718,0.023088732734322548,0.025103438645601273,-0.0818905234336853,0.050963759422302246,0.02158168889582157,0.06391923129558563,-0.1665838360786438,0.10389047861099243,-0.16341152787208557,0.1115008220076561,-0.07847514748573303,0.12215155363082886,-0.08775494247674942,0.1075727716088295,-0.08304735273122787,0.10642433166503906,-0.07379639893770218,0.09415948390960693,-0.09453687816858292,0.20563486218452454,0.006195186637341976,0.32997941970825195,0.10743246972560883,0.3402377963066101,0.11684200912714005,0.3186730444431305,0.07292035222053528,Turn-First
207,0.9987403750419617,0.9975374341011047,0.9970352649688721,0.9974818825721741,0.9982304573059082,0.9981103539466858,0.998316764831543,0.9932601451873779,0.9977571368217468,0.9979864358901978,0.9988542199134827,0.9987374544143677,0.9998912811279297,0.22363299131393433,0.9495915174484253,0.24342100322246552,0.8898240923881531,0.2428092211484909,0.8577942848205566,0.2454880326986313,0.850346028804779,0.23953834176063538,0.7984238862991333,0.9967849254608154,0.9979720711708069,0.5196167230606079,0.8877071142196655,0.7063647508621216,0.9072681665420532,0.7523128390312195,0.8324037194252014,0.7608014941215515,0.8790786266326904,0.6770535707473755,0.6748906373977661,0.6740337014198303,0.6730838418006897,0.6751371026039124,0.6745231747627258,0.6738787889480591,0.6644039750099182,0.6663719415664673,0.6739767789840698,0.6737936735153198,0.6540751457214355,0.6390897035598755,0.6905962228775024,0.6523109078407288,0.7381677627563477,0.6948946714401245,0.7516049742698669,0.6922857165336609,0.7542465925216675,0.6733354330062866,0.7463537454605103,0.6637704968452454,0.6505862474441528,0.645706057548523,0.6485634446144104,0.6520858407020569,0.6394031643867493,0.656449019908905,0.6327505707740784,0.6533031463623047,0.6571218371391296,0.673010528087616,0.3068292737007141,0.2922942042350769,0.29193755984306335,0.2915440499782562,0.29180672764778137,0.2910362780094147,0.2903975248336792,0.29369595646858215,0.2939548194408417,0.3200732469558716,0.3190917372703552,0.3680632412433624,0.3677869737148285,0.47014862298965454,0.47537729144096375,0.5418335795402527,0.5513766407966614,0.56312096118927,0.5745010375976562,0.5621464848518372,0.5702263712882996,0.5574299693107605,0.5646955370903015,0.5656512379646301,0.5675116777420044,0.7032874822616577,0.7123764157295227,0.8476930856704712,0.8521620035171509,0.8722190856933594,0.8779698610305786,0.8635895252227783,0.8750095367431641,-0.09784956276416779,-0.09408436715602875,-0.0941302627325058,-0.094175323843956,-0.10568515211343765,-0.10565440356731415,-0.10570831596851349,-0.048689890652894974,-0.10408222675323486,-0.0771571695804596,-0.09313729405403137,-0.014006348326802254,-0.0951332300901413,0.016915731132030487,-0.09024680405855179,-0.04729800298810005,-0.11255393177270889,-0.06143605709075928,-0.12705251574516296,-0.08612196147441864,-0.14714820683002472,-0.05930417776107788,-0.12063822895288467,0.017859486863017082,-0.01784399524331093,0.02156432904303074,-0.008582785725593567,0.0867733508348465,0.07763197273015976,0.08721261471509933,0.08086525648832321,0.0005598991992883384,-0.003802680876106024,Turn-First
208,0.9988359212875366,0.9977202415466309,0.9972553849220276,0.9976782202720642,0.9983454942703247,0.9982127547264099,0.9984014630317688,0.9938257336616516,0.9977728128433228,0.9981496930122375,0.9989228248596191,0.9988481402397156,0.9998509883880615,0.27918317914009094,0.9400975108146667,0.30374085903167725,0.8792437314987183,0.2961658239364624,0.8460918664932251,0.29926878213882446,0.8384049534797668,0.29036128520965576,0.7834858894348145,0.996915876865387,0.9979095458984375,0.5458662509918213,0.8745431303977966,0.7208648324012756,0.9032111167907715,0.7536747455596924,0.8245638012886047,0.7678342461585999,0.8738031983375549,0.6821436882019043,0.6795374155044556,0.6784365773200989,0.6772338151931763,0.6803690195083618,0.6800276041030884,0.6797348856925964,0.6680704355239868,0.673106849193573,0.6782401204109192,0.6790998578071594,0.6543096899986267,0.6516710519790649,0.6796385049819946,0.672926664352417,0.7164236903190613,0.6984283328056335,0.7272962331771851,0.7038205862045288,0.7304447293281555,0.70384681224823,0.7253057956695557,0.6999694108963013,0.6582428812980652,0.6549556255340576,0.6585007309913635,0.6562674045562744,0.6645092368125916,0.6575461626052856,0.6605330109596252,0.6564561128616333,0.6798279881477356,0.6662591695785522,0.30514734983444214,0.29178714752197266,0.29128313064575195,0.2907711863517761,0.29159581661224365,0.29095718264579773,0.29040664434432983,0.29297688603401184,0.2936685383319855,0.3160412609577179,0.3155393898487091,0.36614736914634705,0.3657585084438324,0.4702485501766205,0.4701862633228302,0.5379685759544373,0.5430741906166077,0.5580849051475525,0.5679934024810791,0.5577256083488464,0.5646322965621948,0.5516644716262817,0.5563981533050537,0.5580313801765442,0.5616168975830078,0.7005497217178345,0.7061397433280945,0.8449016213417053,0.8468829989433289,0.8689391016960144,0.8709288239479065,0.8656435012817383,0.8745994567871094,-0.02137811854481697,-0.022156210616230965,-0.022219328209757805,-0.022302698343992233,-0.03580264002084732,-0.035756707191467285,-0.03581605479121208,-0.0043569160625338554,-0.06919953972101212,-0.00997894536703825,-0.02874157205224037,0.024712665006518364,-0.06662525236606598,0.0476311556994915,-0.07134146988391876,-0.010336605831980705,-0.10250689089298248,-0.022959958761930466,-0.12272294610738754,-0.0468321368098259,-0.13808798789978027,-0.022367963567376137,-0.10965629667043686,0.012630099430680275,-0.012542094103991985,0.011246105656027794,-0.01284372340887785,0.07578383386135101,0.04548933357000351,0.07653782516717911,0.04346451908349991,-0.013734105043113232,-0.06809185445308685,Turn-First
209,0.9989411234855652,0.9979162812232971,0.9974961876869202,0.9978822469711304,0.9984754920005798,0.9983493685722351,0.9985179901123047,0.9943869113922119,0.9979197382926941,0.9983209371566772,0.9990116953849792,0.9989557266235352,0.9998370409011841,0.3474670648574829,0.916050910949707,0.3690449893474579,0.859129011631012,0.3588510751724243,0.8244872093200684,0.3625229597091675,0.8192507028579712,0.35361379384994507,0.7666364908218384,0.997100830078125,0.9979521632194519,0.5525766015052795,0.8631718158721924,0.7309482097625732,0.8987123370170593,0.7412251234054565,0.81080162525177,0.772127091884613,0.8710020780563354,0.6860916614532471,0.6875603199005127,0.6885432600975037,0.6894704699516296,0.6832342147827148,0.6812060475349426,0.679298996925354,0.6848763227462769,0.6720691919326782,0.6867561936378479,0.6807919144630432,0.6995822191238403,0.6384098529815674,0.7179774641990662,0.6570895910263062,0.7674193382263184,0.6509135961532593,0.7811060547828674,0.6457912921905518,0.7810717225074768,0.6488978266716003,0.7762411832809448,0.6574088335037231,0.6766488552093506,0.647499680519104,0.6713588237762451,0.6585798263549805,0.6534431576728821,0.6869518756866455,0.652045726776123,0.6901121139526367,0.6704778075218201,0.6921309232711792,0.30709508061408997,0.29411035776138306,0.29370442032814026,0.2932743728160858,0.29311126470565796,0.29208439588546753,0.2911437153816223,0.2946564853191376,0.29384365677833557,0.31734514236450195,0.3158654570579529,0.366641640663147,0.3661479651927948,0.4703667461872101,0.47150278091430664,0.5401209592819214,0.5443180203437805,0.5607767701148987,0.5661545991897583,0.5590934157371521,0.5654612183570862,0.5560988783836365,0.5601368546485901,0.551155686378479,0.5553943514823914,0.701823890209198,0.7058402299880981,0.8486436605453491,0.8471555113792419,0.8700984120368958,0.8679739236831665,0.8868440985679626,0.880274772644043,-0.2510377764701843,-0.2352774441242218,-0.23535899817943573,-0.2354268580675125,-0.24395057559013367,-0.24395039677619934,-0.24400897324085236,-0.128403440117836,-0.16719120740890503,-0.2084875851869583,-0.2204759120941162,-0.04621746391057968,-0.10510162264108658,0.007231192197650671,-0.08287807554006577,-0.09464813023805618,-0.13965992629528046,-0.1151716560125351,-0.16171902418136597,-0.15092626214027405,-0.1807125359773636,-0.11171481758356094,-0.1396203339099884,0.016707628965377808,-0.016727393493056297,-0.01254475861787796,-0.04682081565260887,0.05124874785542488,0.01919633336365223,0.05016642063856125,0.018301833420991898,-0.06738876551389694,-0.10327938944101334,Turn-First
210,0.9990012645721436,0.9980549216270447,0.9976712465286255,0.9980301856994629,0.9985558390617371,0.9984241127967834,0.9985654354095459,0.9948523640632629,0.9979944825172424,0.9984513521194458,0.9990682601928711,0.9990468621253967,0.9998424053192139,0.3843285143375397,0.9223459362983704,0.39244621992111206,0.8652472496032715,0.37318098545074463,0.8296225070953369,0.37528225779533386,0.8239042162895203,0.36326125264167786,0.7683389186859131,0.9972954392433167,0.9980986714363098,0.5715052485466003,0.8705393075942993,0.7375369668006897,0.9048905968666077,0.743279755115509,0.8200541138648987,0.7646967172622681,0.8727489113807678,0.6880309581756592,0.68644779920578,0.6851757168769836,0.6839162111282349,0.6895889043807983,0.6905549168586731,0.6917333006858826,0.6775774359703064,0.6903331875801086,0.6853731274604797,0.6878505945205688,0.6636213064193726,0.7022731900215149,0.6792179942131042,0.7273980379104614,0.6953562498092651,0.7654572129249573,0.6873797178268433,0.7735017538070679,0.6734310984611511,0.77350914478302,0.6785522103309631,0.7687315344810486,0.6599695682525635,0.666728138923645,0.6718029975891113,0.665739119052887,0.6877191662788391,0.6630412340164185,0.6751993298530579,0.6492237448692322,0.7015600204467773,0.6825748682022095,0.3090115487575531,0.29703250527381897,0.2965790629386902,0.29612934589385986,0.296392023563385,0.295622318983078,0.2949196994304657,0.29701587557792664,0.2976630926132202,0.31859859824180603,0.31817010045051575,0.37043800950050354,0.37182512879371643,0.4776626229286194,0.4779958724975586,0.5523554682731628,0.5496131181716919,0.5784949660301208,0.5729284286499023,0.5630795955657959,0.5695486068725586,0.5577515959739685,0.5633317232131958,0.5557243824005127,0.5579452514648438,0.704749345779419,0.7118820548057556,0.8467597365379333,0.8618794083595276,0.8692911863327026,0.8769479393959045,0.8837365508079529,0.8842257857322693,0.14758554100990295,0.125997394323349,0.12597577273845673,0.12591752409934998,0.1146625280380249,0.11467425525188446,0.11459863185882568,0.04811739921569824,-0.0009434319799765944,0.12515345215797424,0.11007557809352875,0.026970993727445602,-0.07603807747364044,0.04332631081342697,-0.08271162211894989,-0.053575217723846436,-0.0668547973036766,-0.05819709226489067,-0.08484117686748505,-0.043069515377283096,-0.08840813487768173,-0.03984656184911728,-0.06866814941167831,0.034829385578632355,-0.034986935555934906,0.029930805787444115,-0.10906413942575455,0.1728753000497818,-0.0742998719215393,0.180464968085289,-0.07652433216571808,0.09802259504795074,-0.1821708232164383,Turn-First
211,0.9990869760513306,0.998203694820404,0.9978534579277039,0.9981813430786133,0.9986519813537598,0.9985247850418091,0.9986485242843628,0.9952387809753418,0.9981080889701843,0.998584508895874,0.9991393089294434,0.9991324543952942,0.9998424053192139,0.437512069940567,0.9178988337516785,0.4436212182044983,0.8566909432411194,0.42075642943382263,0.8178068399429321,0.42457062005996704,0.8144183158874512,0.4133668839931488,0.7618513703346252,0.9973950982093811,0.998119056224823,0.558014988899231,0.8506860733032227,0.7318702936172485,0.8954874277114868,0.7301533222198486,0.7988818883895874,0.7590625882148743,0.8674097061157227,0.6960937976837158,0.6975350379943848,0.6988753080368042,0.7002606987953186,0.6925036907196045,0.6901654005050659,0.6878972053527832,0.6970974206924438,0.6814900040626526,0.6973037123680115,0.6910953521728516,0.7175996899604797,0.6692835688591003,0.7341594099998474,0.6442681550979614,0.7748714089393616,0.6588000059127808,0.7883639335632324,0.6525189280509949,0.7884594202041626,0.6541970372200012,0.7816804647445679,0.6588934659957886,0.6924883127212524,0.6572471857070923,0.678221583366394,0.6687651872634888,0.6561568975448608,0.672909677028656,0.6542699933052063,0.6697301864624023,0.6743960976600647,0.6812719106674194,0.3158242404460907,0.3040463626384735,0.3035370707511902,0.30300837755203247,0.3032986521720886,0.3023424446582794,0.30151256918907166,0.30301138758659363,0.3027772903442383,0.32632389664649963,0.3254862129688263,0.3751663863658905,0.3766018748283386,0.4779788553714752,0.4756644666194916,0.5574607253074646,0.5508664846420288,0.5791265368461609,0.5733138918876648,0.573983371257782,0.5713980197906494,0.5681177377700806,0.5647290945053101,0.5599640011787415,0.5582902431488037,0.7097504138946533,0.7119606137275696,0.8536047339439392,0.8623899221420288,0.8740462064743042,0.8786946535110474,0.8966823816299438,0.8844383955001831,-0.29188960790634155,-0.27456340193748474,-0.27463462948799133,-0.2746875286102295,-0.28516489267349243,-0.285187691450119,-0.28525370359420776,-0.15047961473464966,-0.1983390897512436,-0.24172405898571014,-0.2558605372905731,-0.03722221776843071,-0.12142534554004669,0.022629857063293457,-0.11912506818771362,-0.09434305876493454,-0.18978595733642578,-0.11888222396373749,-0.2201414853334427,-0.15665791928768158,-0.2567262649536133,-0.11289624124765396,-0.2059956043958664,0.0368836410343647,-0.036895349621772766,0.018290502950549126,-0.09771642833948135,0.11163970082998276,-0.02855001948773861,0.11310355365276337,-0.028552928939461708,-0.0073846736922860146,-0.13915780186653137,Turn-First
212,0.9991394281387329,0.998288631439209,0.9979599714279175,0.9982761740684509,0.9986903667449951,0.9985535144805908,0.9986599087715149,0.9954347014427185,0.9980813264846802,0.9986591935157776,0.9991580843925476,0.9991961121559143,0.9998413920402527,0.4514557719230652,0.9123883843421936,0.4682910442352295,0.8403421640396118,0.4411408007144928,0.7987094521522522,0.4471966624259949,0.7959887981414795,0.43516281247138977,0.7429549098014832,0.9974777698516846,0.998198390007019,0.5417137145996094,0.848423182964325,0.7281192541122437,0.89565509557724,0.7267808318138123,0.7901633381843567,0.7590562701225281,0.8699625134468079,0.7060453295707703,0.7060185074806213,0.7067087888717651,0.7073800563812256,0.7020086646080017,0.6997907757759094,0.6975274682044983,0.7017076015472412,0.6902340054512024,0.7063425779342651,0.7014758586883545,0.7128940224647522,0.6612353920936584,0.7331105470657349,0.6479100584983826,0.7736202478408813,0.6561495065689087,0.7824810743331909,0.6520997285842896,0.7825982570648193,0.6576508283615112,0.7778552174568176,0.660581111907959,0.6988667249679565,0.665401041507721,0.6879323720932007,0.6780552268028259,0.6668058037757874,0.6654600501060486,0.6561437845230103,0.6558482646942139,0.6961159110069275,0.6815224289894104,0.3184216618537903,0.30634987354278564,0.3057030141353607,0.3049505352973938,0.30585163831710815,0.30498579144477844,0.3041834235191345,0.30464106798171997,0.3054406940937042,0.3292087912559509,0.32846230268478394,0.37653055787086487,0.37654823064804077,0.4785308241844177,0.4735645055770874,0.5572494268417358,0.5517631769180298,0.57774817943573,0.5754798054695129,0.5741986036300659,0.5732866525650024,0.5680115222930908,0.5661712884902954,0.5637916922569275,0.5595171451568604,0.7076788544654846,0.7100242376327515,0.8505775928497314,0.8618084192276001,0.8705937266349792,0.877834677696228,0.8921445608139038,0.8848143815994263,-0.19735488295555115,-0.18453340232372284,-0.18459156155586243,-0.18462273478507996,-0.20420308411121368,-0.20420578122138977,-0.20426957309246063,-0.08993763476610184,-0.17706361413002014,-0.1572553813457489,-0.18312542140483856,-0.03619987890124321,-0.16492052376270294,0.06495927274227142,-0.1644967496395111,-0.06017724424600601,-0.19535450637340546,-0.06882971525192261,-0.22126547992229462,-0.08354342728853226,-0.2446688413619995,-0.061626970767974854,-0.20505516231060028,0.06098597124218941,-0.060997843742370605,0.0899389311671257,-0.12828251719474792,0.1969769299030304,-0.0595707967877388,0.20047950744628906,-0.059850580990314484,0.0964684933423996,-0.18397948145866394,Turn-First
213,0.9992182850837708,0.9984379410743713,0.9981409907341003,0.9984254240989685,0.9987954497337341,0.9986712336540222,0.9987593293190002,0.9958188533782959,0.998212993144989,0.9987786412239075,0.9992266893386841,0.999268651008606,0.9998460412025452,0.4954206645488739,0.9136859178543091,0.515444278717041,0.8399128913879395,0.48704174160957336,0.7970295548439026,0.4934971332550049,0.795661211013794,0.4816659688949585,0.7453026175498962,0.9975891709327698,0.9983086585998535,0.5473427772521973,0.8566626310348511,0.7296968102455139,0.9010887145996094,0.725085973739624,0.7836475968360901,0.7620170712471008,0.8767784237861633,0.7122616171836853,0.7137104868888855,0.7156184911727905,0.7173706889152527,0.7057340741157532,0.7020312547683716,0.6981834173202515,0.7154732346534729,0.6898413896560669,0.7155928015708923,0.7060158252716064,0.7279205322265625,0.6601212024688721,0.7427867650985718,0.6496323347091675,0.7754732966423035,0.6548959612846375,0.7839845418930054,0.645961582660675,0.7840293049812317,0.6552008390426636,0.779018759727478,0.6592292189598083,0.7081900835037231,0.6719552874565125,0.7030671834945679,0.685752272605896,0.6718789339065552,0.6651942729949951,0.6586178541183472,0.6443528532981873,0.7000394463539124,0.6781209111213684,0.31896910071372986,0.3058239817619324,0.3051382899284363,0.304362028837204,0.3055122196674347,0.30476126074790955,0.30412623286247253,0.30472812056541443,0.3063477575778961,0.3301035463809967,0.32975900173187256,0.377132773399353,0.3770179748535156,0.4748285710811615,0.4729689359664917,0.5572019815444946,0.5524604320526123,0.5776370763778687,0.5759546756744385,0.5780450105667114,0.574372410774231,0.5724340677261353,0.5670793056488037,0.5596426129341125,0.5589997172355652,0.7015398740768433,0.709414541721344,0.8292219638824463,0.8569749593734741,0.8467006683349609,0.8723717927932739,0.8820104002952576,0.8906519412994385,-0.31139475107192993,-0.29259294271469116,-0.29263514280319214,-0.2926623523235321,-0.3050612211227417,-0.3050873875617981,-0.30512720346450806,-0.1625176966190338,-0.22226515412330627,-0.26008903980255127,-0.27715110778808594,-0.03351334482431412,-0.17792537808418274,0.04503985494375229,-0.16059505939483643,-0.056518979370594025,-0.21695399284362793,-0.0756727010011673,-0.246751070022583,-0.11393517255783081,-0.2785550653934479,-0.07367202639579773,-0.2306298315525055,0.06199590116739273,-0.061993055045604706,0.09004249423742294,-0.16405993700027466,0.2449871003627777,-0.09361483156681061,0.25378942489624023,-0.09420850872993469,0.15767046809196472,-0.24140536785125732,Turn-First
214,0.999245822429657,0.9984359741210938,0.9981579780578613,0.998447060585022,0.9987536072731018,0.9986212849617004,0.9986929297447205,0.9958116412162781,0.9980270862579346,0.998843252658844,0.9992417693138123,0.9992930889129639,0.9998301863670349,0.5073251724243164,0.9129672646522522,0.5257138013839722,0.8314340114593506,0.49288615584373474,0.7860673069953918,0.5016382336616516,0.785261332988739,0.490200012922287,0.7353597283363342,0.9976297616958618,0.9983311295509338,0.5525436997413635,0.860132098197937,0.7417510747909546,0.9044052362442017,0.7371735572814941,0.7835116386413574,0.7721116542816162,0.8798584938049316,0.7157622575759888,0.7156115174293518,0.7157878279685974,0.7160067558288574,0.7134586572647095,0.7120069265365601,0.7105053663253784,0.7110180258750916,0.7032653093338013,0.7151387929916382,0.7116061449050903,0.7342175841331482,0.6638132333755493,0.7474680542945862,0.6586403250694275,0.7774664163589478,0.6599429845809937,0.7870699763298035,0.6591421365737915,0.7833200693130493,0.661605179309845,0.7763836979866028,0.6710988283157349,0.7200878262519836,0.6873587369918823,0.7021642327308655,0.6982928514480591,0.6591037511825562,0.6829856634140015,0.6476775407791138,0.6722666621208191,0.6850847005844116,0.6964620351791382,0.3117624521255493,0.29885134100914,0.2984156012535095,0.2980082929134369,0.298878937959671,0.2986000180244446,0.29848799109458923,0.301459401845932,0.3037601411342621,0.3242112994194031,0.32431718707084656,0.37906721234321594,0.37728258967399597,0.47932150959968567,0.4784141778945923,0.5713754296302795,0.5697138905525208,0.5913423895835876,0.5767837166786194,0.6069329977035522,0.6004086136817932,0.5978021621704102,0.5677493214607239,0.5641521215438843,0.5597115755081177,0.7047909498214722,0.7106049656867981,0.8314527869224548,0.8539500832557678,0.8495121598243713,0.8708115220069885,0.8816816806793213,0.887681245803833,-0.23080798983573914,-0.2183750867843628,-0.2184102088212967,-0.21843500435352325,-0.23567982017993927,-0.23570558428764343,-0.23580840229988098,-0.12812675535678864,-0.20713701844215393,-0.19455471634864807,-0.2173425257205963,-0.024701513350009918,-0.19835849106311798,0.02942691743373871,-0.19177235662937164,-0.06294950842857361,-0.22281792759895325,-0.08302342146635056,-0.250607430934906,-0.11992863565683365,-0.277410089969635,-0.08126582205295563,-0.2339285910129547,0.06585723906755447,-0.06583897769451141,0.09017814695835114,-0.07804674655199051,0.23221489787101746,0.06812508404254913,0.2398921549320221,0.07514479011297226,0.14327320456504822,-0.05405493453145027,Turn-First
215,0.9992724657058716,0.9984702467918396,0.99821937084198,0.9984903335571289,0.9987545013427734,0.9986103773117065,0.9986612796783447,0.9959264993667603,0.997943639755249,0.998909592628479,0.9992759227752686,0.9993295669555664,0.9997929930686951,0.5338208675384521,0.915259063243866,0.5542134046554565,0.8244198560714722,0.52004075050354,0.7769181728363037,0.5294749736785889,0.776167094707489,0.5154364109039307,0.7247928380966187,0.9977903962135315,0.9983083009719849,0.583224892616272,0.863857090473175,0.7520407438278198,0.8987412452697754,0.7484468817710876,0.769447922706604,0.7834351062774658,0.8729292154312134,0.7194821238517761,0.7212388515472412,0.7225396037101746,0.7238678336143494,0.7158094644546509,0.7130878567695618,0.7102388739585876,0.7210689187049866,0.7027138471603394,0.7202318906784058,0.7133208513259888,0.7419003248214722,0.6670483946800232,0.7717774510383606,0.6595702171325684,0.7942119240760803,0.6806071996688843,0.8020559549331665,0.6849546432495117,0.7975355386734009,0.6882308721542358,0.7918909788131714,0.6903175711631775,0.7220458388328552,0.6847635507583618,0.7446339726448059,0.7079068422317505,0.6954222917556763,0.6728898286819458,0.6801301836967468,0.6611713171005249,0.7123109102249146,0.694719672203064,0.3099847435951233,0.29773789644241333,0.2974342405796051,0.2971403896808624,0.2976471781730652,0.29746443033218384,0.2974826693534851,0.30142131447792053,0.3036608397960663,0.32307517528533936,0.3227233588695526,0.378426194190979,0.3775046765804291,0.4533528685569763,0.4876402020454407,0.448833167552948,0.5595948696136475,0.45059460401535034,0.5872682929039001,0.4404267966747284,0.5785512328147888,0.44177281856536865,0.566572368144989,0.5542356371879578,0.559375524520874,0.6345369219779968,0.7070354223251343,0.7822431325912476,0.8321610689163208,0.8011760711669922,0.8459511995315552,0.8321262001991272,0.8880583643913269,-0.20137152075767517,-0.18430805206298828,-0.18436485528945923,-0.18440409004688263,-0.20065176486968994,-0.20064985752105713,-0.20074410736560822,-0.07478506863117218,-0.1372889131307602,-0.1611444354057312,-0.18299120664596558,0.013019397854804993,-0.11531800031661987,-0.036155976355075836,-0.132754385471344,-0.27280253171920776,-0.19186235964298248,-0.3211314082145691,-0.21445611119270325,-0.3332836627960205,-0.24403426051139832,-0.28529733419418335,-0.20127379894256592,0.06146613508462906,-0.06135580688714981,-0.18159274756908417,-0.08048157393932343,-0.09157801419496536,0.05639626830816269,-0.0870145708322525,0.0633416697382927,-0.1961362063884735,-0.0605207197368145,Turn-First
216,0.9992700219154358,0.9984537363052368,0.9982154369354248,0.9984756112098694,0.9987121820449829,0.9985628724098206,0.9986025094985962,0.9957759380340576,0.9978861808776855,0.9989186525344849,0.9992791414260864,0.9993623495101929,0.9997707009315491,0.5337225794792175,0.9173189997673035,0.5740142464637756,0.8197125196456909,0.5434746742248535,0.7719277143478394,0.5536511540412903,0.7718889117240906,0.5374950170516968,0.7229290008544922,0.9975787997245789,0.998046875,0.5915587544441223,0.8695204854011536,0.7537373900413513,0.9006835222244263,0.746898353099823,0.7660892009735107,0.785248339176178,0.8755560517311096,0.7299861907958984,0.730208158493042,0.7314391732215881,0.732688307762146,0.7246181964874268,0.7217310070991516,0.7185588479042053,0.7293152809143066,0.7092956304550171,0.7309293746948242,0.7238245010375977,0.7464469075202942,0.6734333038330078,0.7627605199813843,0.6640270352363586,0.7789169549942017,0.6893279552459717,0.7890831828117371,0.6906404495239258,0.7866259813308716,0.6984633207321167,0.7807533144950867,0.6994439959526062,0.7365719079971313,0.6925921440124512,0.742932140827179,0.7144950032234192,0.6921128034591675,0.6896369457244873,0.6723381876945496,0.6807950735092163,0.7063339948654175,0.7202322483062744,0.3098021149635315,0.29746249318122864,0.29713600873947144,0.29680928587913513,0.2974315583705902,0.29728931188583374,0.2973589599132538,0.3013819754123688,0.30355924367904663,0.32300978899002075,0.3226439356803894,0.3762459456920624,0.3774355947971344,0.4485585391521454,0.48528093099594116,0.44758519530296326,0.5429655313491821,0.47488704323768616,0.5674951672554016,0.46271389722824097,0.5608012676239014,0.4431585371494293,0.5548278093338013,0.5538274049758911,0.5585374236106873,0.6480064988136292,0.6996585130691528,0.8007267117500305,0.8226721286773682,0.8181502819061279,0.8371941447257996,0.8467286825180054,0.8855229616165161,-0.1925809681415558,-0.174732506275177,-0.1748049259185791,-0.17482995986938477,-0.1908113658428192,-0.19081175327301025,-0.19089968502521515,-0.05841105058789253,-0.12591947615146637,-0.1507560908794403,-0.17266739904880524,0.02616509236395359,-0.10298089683055878,-0.0007616576622240245,-0.10858510434627533,-0.20633569359779358,-0.1758071333169937,-0.2496575564146042,-0.20412668585777283,-0.27183419466018677,-0.23164813220500946,-0.2219444215297699,-0.18565654754638672,0.060696642845869064,-0.060567133128643036,-0.15446804463863373,-0.08086277544498444,0.1420406550168991,0.04827453941106796,0.1534920483827591,0.05580798536539078,0.05923159047961235,-0.06335468590259552,Turn-First
217,0.9991012215614319,0.9980230927467346,0.9977836608886719,0.9981637597084045,0.9983050227165222,0.9981215596199036,0.9981662631034851,0.9944501519203186,0.9969121813774109,0.9985042214393616,0.9988240599632263,0.9993293285369873,0.9996683597564697,0.536591112613678,0.8985698819160461,0.5697005391120911,0.7912355065345764,0.5353204607963562,0.7443710565567017,0.5469009280204773,0.7452980279922485,0.5288073420524597,0.6958757042884827,0.997430145740509,0.9977709054946899,0.5943986177444458,0.8716132640838623,0.765463650226593,0.903420090675354,0.7534352540969849,0.7644662857055664,0.793111264705658,0.8784865140914917,0.7282053828239441,0.7273707985877991,0.7270129323005676,0.7267844080924988,0.7278556227684021,0.7278283834457397,0.7279964685440063,0.7229531407356262,0.7257025241851807,0.7271538376808167,0.7261272668838501,0.7452644109725952,0.6771323680877686,0.763380765914917,0.6658042073249817,0.7696214318275452,0.685097336769104,0.7751636505126953,0.6854467988014221,0.7726847529411316,0.6910484433174133,0.7684154510498047,0.691396951675415,0.7377472519874573,0.7100449800491333,0.7265021204948425,0.7372709512710571,0.7018905878067017,0.7024635076522827,0.6915584206581116,0.6904473900794983,0.7200726270675659,0.7177161574363708,0.30989912152290344,0.29762086272239685,0.29727819561958313,0.2969438135623932,0.2975389063358307,0.2973569333553314,0.29738473892211914,0.30133533477783203,0.30349162220954895,0.3224867582321167,0.3222314417362213,0.37396493554115295,0.3778088688850403,0.4526767134666443,0.47662198543548584,0.5139451622962952,0.5392036437988281,0.5443097352981567,0.560886800289154,0.5383870601654053,0.5533674359321594,0.5253903269767761,0.5447127223014832,0.5553858280181885,0.5565013289451599,0.6751624345779419,0.6998497247695923,0.8053261041641235,0.8164687752723694,0.8270732760429382,0.8310655355453491,0.8532692790031433,0.870169460773468,-0.17103804647922516,-0.1648399829864502,-0.16489051282405853,-0.16492800414562225,-0.17568305134773254,-0.17573422193527222,-0.17589330673217773,-0.08121981471776962,-0.13241837918758392,-0.14323779940605164,-0.157981276512146,-0.0044774808920919895,-0.12219531834125519,0.013811996206641197,-0.11853794008493423,-0.09985024482011795,-0.1682547628879547,-0.11912399530410767,-0.19220232963562012,-0.14591535925865173,-0.21643082797527313,-0.11141492426395416,-0.17768755555152893,0.05598222091794014,-0.05592474341392517,-0.03505190461874008,-0.06970782577991486,0.12793859839439392,0.03871142491698265,0.1294969618320465,0.04368283599615097,0.03341033309698105,-0.05812441557645798,Turn-First
218,0.9990823268890381,0.9980878233909607,0.9978814125061035,0.9982280135154724,0.9983388185501099,0.9981729388237,0.9981966614723206,0.9948956370353699,0.9970735907554626,0.9985408782958984,0.9988298416137695,0.9993792772293091,0.9996333122253418,0.5717191100120544,0.8759126663208008,0.554874062538147,0.7239209413528442,0.5133969783782959,0.680740475654602,0.5225441455841064,0.6811680793762207,0.5024364590644836,0.6351417303085327,0.9976537227630615,0.9979197978973389,0.6291913986206055,0.8775635361671448,0.7848631143569946,0.9084176421165466,0.7749833464622498,0.7833481431007385,0.7937232851982117,0.8708660006523132,0.725677490234375,0.7242072224617004,0.7228658199310303,0.7211250066757202,0.7284719347953796,0.7298586964607239,0.7313728332519531,0.7181511521339417,0.7302206754684448,0.7227697372436523,0.725749135017395,0.6860760450363159,0.7552109956741333,0.6836230754852295,0.7630864977836609,0.6903479695320129,0.7528737783432007,0.6908435225486755,0.7535950541496277,0.6995528936386108,0.7418951988220215,0.6999544501304626,0.7400998473167419,0.7256892919540405,0.7438894510269165,0.7160095572471619,0.7532781362533569,0.7066466808319092,0.7165426015853882,0.6986021399497986,0.715932309627533,0.7086357474327087,0.7252055406570435,0.30994775891304016,0.29760321974754333,0.29717758297920227,0.2967393696308136,0.2975598871707916,0.297348290681839,0.29731395840644836,0.3011811673641205,0.30313432216644287,0.3219594359397888,0.3222094178199768,0.3758251368999481,0.3697391450405121,0.4635883569717407,0.4610365331172943,0.5350831747055054,0.5324547290802002,0.5654214024543762,0.5521401166915894,0.5546315312385559,0.5466188788414001,0.548803448677063,0.5410599112510681,0.5504007339477539,0.5533234477043152,0.6798425912857056,0.6920650005340576,0.8074862360954285,0.8137191534042358,0.8314553499221802,0.8309767842292786,0.8539449572563171,0.8570770025253296,0.1946018636226654,0.172271266579628,0.1722697913646698,0.17223061621189117,0.16764642298221588,0.16761445999145508,0.1675458550453186,0.09348689764738083,0.07051218301057816,0.17238742113113403,0.16558942198753357,0.04531561955809593,0.01974400319159031,0.018912144005298615,-0.024190250784158707,0.024924885481595993,-0.0710097923874855,0.016735132783651352,-0.07868409901857376,0.021530918776988983,-0.08479444682598114,0.025989338755607605,-0.07499818503856659,0.02545066736638546,-0.025439608842134476,-0.03338756412267685,-0.009398520924150944,0.04341176897287369,0.030017640441656113,0.04034867137670517,0.028872981667518616,-0.02234695851802826,-0.04450342804193497,Turn-First
219,0.9991068840026855,0.9982157349586487,0.9980309009552002,0.9983415603637695,0.9984370470046997,0.9982785582542419,0.9982935190200806,0.9953348636627197,0.9972778558731079,0.9986121654510498,0.9988782405853271,0.9994145631790161,0.9995208382606506,0.61248779296875,0.8678741455078125,0.5536090731620789,0.6599082350730896,0.5002933144569397,0.6200932860374451,0.5073547959327698,0.6203640699386597,0.4847663938999176,0.5780479311943054,0.9977092742919922,0.9980075359344482,0.6569145321846008,0.8838404417037964,0.7949212789535522,0.9131642580032349,0.7909602522850037,0.8019074201583862,0.7727503776550293,0.8542704582214355,0.7288077473640442,0.7251278758049011,0.7224901914596558,0.7197796702384949,0.7327429056167603,0.7352210283279419,0.7377997040748596,0.7161139249801636,0.737797737121582,0.7245739698410034,0.7312703132629395,0.6807769536972046,0.765874981880188,0.6733741164207458,0.7780636548995972,0.6853067874908447,0.7678118944168091,0.6863572597503662,0.7685824632644653,0.6906545162200928,0.7612996697425842,0.6924755573272705,0.7583037614822388,0.7176461219787598,0.7544832229614258,0.7124583721160889,0.7589627504348755,0.7165252566337585,0.7287341356277466,0.7103042602539062,0.7264026403427124,0.7122969031333923,0.7436615824699402,0.30941465497016907,0.29694339632987976,0.2964204251766205,0.2959337532520294,0.297169029712677,0.2969916760921478,0.29694709181785583,0.300568550825119,0.30293166637420654,0.32005229592323303,0.3213333487510681,0.37618163228034973,0.3684902787208557,0.46817290782928467,0.45600399374961853,0.541709840297699,0.48644933104515076,0.5669678449630737,0.49780863523483276,0.5580406188964844,0.48724883794784546,0.5524307489395142,0.4815986454486847,0.5483266115188599,0.5470133423805237,0.6753348708152771,0.692146897315979,0.8023499846458435,0.8206639885902405,0.8198323845863342,0.8381718397140503,0.8163933157920837,0.8574742674827576,0.21280071139335632,0.18893298506736755,0.18895718455314636,0.18896043300628662,0.1820603907108307,0.1819828897714615,0.1818666160106659,0.09976538270711899,0.06618252396583557,0.18644657731056213,0.17644253373146057,0.03891386464238167,0.013095147907733917,-0.003073718398809433,-0.008339589461684227,-0.004819804336875677,0.002133880741894245,-0.012008379213511944,0.005137755535542965,-0.0089365653693676,0.005668843165040016,-0.004360339604318142,0.002876897342503071,0.024838346987962723,-0.02487945556640625,0.10588866472244263,-0.01189106423407793,0.04645472764968872,-0.023029470816254616,0.07142584025859833,-0.027205681428313255,0.08821713924407959,-0.07744327932596207,Turn-First
220,0.9991700649261475,0.9983693957328796,0.9982067346572876,0.998481273651123,0.998564600944519,0.9984222650527954,0.9984272718429565,0.9957705140113831,0.9975282549858093,0.9987241625785828,0.9989620447158813,0.9994669556617737,0.999525785446167,0.6506820321083069,0.8771052956581116,0.56514573097229,0.6116122007369995,0.4949032664299011,0.570302426815033,0.5000776052474976,0.5705225467681885,0.474345862865448,0.5316212773323059,0.9979087114334106,0.9981616735458374,0.6890848875045776,0.8944215178489685,0.8123760223388672,0.9203664660453796,0.8097650408744812,0.8201623558998108,0.7779386639595032,0.8581675887107849,0.7356449961662292,0.7317866683006287,0.7285698056221008,0.7252053618431091,0.7397319078445435,0.7420739531517029,0.7443551421165466,0.7201783061027527,0.741809070110321,0.7306118011474609,0.7379013895988464,0.6810134649276733,0.7696270942687988,0.6716107726097107,0.7923631072044373,0.6863683462142944,0.7786439657211304,0.6889380812644958,0.7833188772201538,0.694238007068634,0.7747747898101807,0.6947317719459534,0.7686650156974792,0.7127023935317993,0.7591650485992432,0.7103625535964966,0.7678263187408447,0.7206567525863647,0.7451722621917725,0.7173941135406494,0.748470664024353,0.7204586267471313,0.7615049481391907,0.3095497786998749,0.297180712223053,0.29656511545181274,0.2960033714771271,0.29772213101387024,0.2976115643978119,0.29752781987190247,0.3005547821521759,0.30311253666877747,0.32013794779777527,0.3214738070964813,0.3774675726890564,0.36845162510871887,0.4738244116306305,0.4535199701786041,0.5506651997566223,0.43180301785469055,0.5752789378166199,0.43818527460098267,0.5670474171638489,0.429316908121109,0.561114490032196,0.41779372096061707,0.5528448820114136,0.5488156080245972,0.6841431856155396,0.69388747215271,0.816439688205719,0.8237296342849731,0.8373889923095703,0.8386163115501404,0.8424351215362549,0.8604167103767395,0.1935565173625946,0.1650182604789734,0.1650446206331253,0.16508856415748596,0.15497060120105743,0.15489931404590607,0.15477004647254944,0.06393329054117203,0.01720639131963253,0.1641327291727066,0.1503593623638153,0.030650746077299118,-0.03843490779399872,0.007376376539468765,0.05011146143078804,0.05343686789274216,0.2672004699707031,0.06055501848459244,0.30331820249557495,0.06190897151827812,0.3074439764022827,0.054850172251462936,0.27593687176704407,0.03325656056404114,-0.03332260996103287,0.11437597125768661,0.017686914652585983,0.0869210809469223,-0.011728484183549881,0.08872748911380768,-0.010052051395177841,0.07584980875253677,-0.029280949383974075,Turn-First
221,0.9992295503616333,0.9985089898109436,0.9983656406402588,0.9986084699630737,0.9986844658851624,0.9985588788986206,0.9985570907592773,0.9961763620376587,0.9977516531944275,0.9988263845443726,0.9990403652191162,0.9995014667510986,0.9995084404945374,0.6849422454833984,0.877403736114502,0.5831010341644287,0.5665329098701477,0.5015425682067871,0.5251231789588928,0.5042909979820251,0.5247125625610352,0.47521984577178955,0.4882006049156189,0.9980261325836182,0.9982277750968933,0.7194857001304626,0.9040951728820801,0.8291480541229248,0.926527202129364,0.827333927154541,0.8363699913024902,0.7727267146110535,0.84330153465271,0.7332770824432373,0.7292236089706421,0.7262972593307495,0.723464846611023,0.7376760840415955,0.7406278252601624,0.7436911463737488,0.7207666635513306,0.7444137334823608,0.7290706634521484,0.7369945049285889,0.683624804019928,0.7796944379806519,0.6760331392288208,0.7943971157073975,0.6843412518501282,0.7784777283668518,0.6857253313064575,0.7763264775276184,0.6909570097923279,0.7729293704032898,0.6916121244430542,0.7676013112068176,0.710224449634552,0.7638277411460876,0.7116849422454834,0.7674220204353333,0.7223895192146301,0.7644695043563843,0.7220419049263,0.7603645920753479,0.7297745943069458,0.7692111730575562,0.3084959089756012,0.2959927022457123,0.29534482955932617,0.2948499917984009,0.29663029313087463,0.29647713899612427,0.2963568866252899,0.29961153864860535,0.30218401551246643,0.318248450756073,0.32022497057914734,0.3774290382862091,0.36873382329940796,0.474107563495636,0.4568813443183899,0.5517757534980774,0.4825875163078308,0.5749075412750244,0.5151032209396362,0.5699453949928284,0.5047241449356079,0.5624262094497681,0.5023185014724731,0.554081916809082,0.5502995252609253,0.6849005818367004,0.6952993273735046,0.8204396963119507,0.8273643255233765,0.8421539664268494,0.8407793641090393,0.8379485607147217,0.8484504222869873,0.22420485317707062,0.19169609248638153,0.19172118604183197,0.19173239171504974,0.19250766932964325,0.19247929751873016,0.19240649044513702,0.0784614160656929,0.07904565334320068,0.19064119458198547,0.19040094316005707,0.003272479400038719,0.0284573994576931,-0.039417363703250885,0.00312812440097332,0.0010653353529050946,0.020749662071466446,-0.004586877301335335,0.021002331748604774,-0.0026418552733957767,0.016368143260478973,0.0006353546632453799,0.019659679383039474,0.0004546990676317364,-0.000546941184438765,0.0424698181450367,0.06281410902738571,0.08134609460830688,0.1079716831445694,0.08615079522132874,0.11172106117010117,0.07213656604290009,0.08032955229282379,Turn-First
222,0.9992584586143494,0.9986045956611633,0.998480498790741,0.9986855387687683,0.9987559914588928,0.9986448287963867,0.9986230731010437,0.9965243339538574,0.9979285597801208,0.9989116191864014,0.9991024136543274,0.9995425343513489,0.9995321035385132,0.716093122959137,0.885733425617218,0.6051173210144043,0.5534783005714417,0.5124076008796692,0.501275360584259,0.513008713722229,0.4992818236351013,0.4823226034641266,0.4642120897769928,0.998153805732727,0.9983052611351013,0.7456591725349426,0.9114418029785156,0.8428457975387573,0.9307559132575989,0.8410834670066833,0.8497242331504822,0.7718285322189331,0.8333190083503723,0.7366681098937988,0.732190728187561,0.7292262315750122,0.7262783646583557,0.7406218647956848,0.7433690428733826,0.7461694478988647,0.7240062952041626,0.7475123405456543,0.7321112155914307,0.7401615977287292,0.6860028505325317,0.7860518097877502,0.6758660078048706,0.8036192655563354,0.6868680119514465,0.796413779258728,0.6881104707717896,0.79786217212677,0.6941776871681213,0.7890621423721313,0.6949710845947266,0.7874167561531067,0.7121469378471375,0.7642136812210083,0.7142585515975952,0.7689584493637085,0.7217414975166321,0.7773503661155701,0.7260788679122925,0.7733246088027954,0.7267817258834839,0.7870020270347595,0.30817079544067383,0.29512110352516174,0.2943604588508606,0.29380401968955994,0.2960014343261719,0.2958550453186035,0.29575830698013306,0.2985844612121582,0.3015059530735016,0.31751060485839844,0.3195514678955078,0.37681639194488525,0.36892130970954895,0.47460082173347473,0.45847129821777344,0.5571756362915039,0.5350399613380432,0.5816791653633118,0.5629183650016785,0.5748144388198853,0.5564925074577332,0.5679614543914795,0.5492805242538452,0.5624456405639648,0.5609346628189087,0.6903781294822693,0.6969245672225952,0.8204758763313293,0.827916145324707,0.8421878814697266,0.8417346477508545,0.841028094291687,0.8496090173721313,0.1273166984319687,0.09453065693378448,0.09451265633106232,0.09450247138738632,0.09586860239505768,0.09586387872695923,0.09579243510961533,-0.005887176375836134,0.001506062806583941,0.09867088496685028,0.0996587723493576,-0.07990758121013641,-0.030379951000213623,-0.10385821014642715,-0.029956644400954247,-0.04971533268690109,-0.005908339284360409,-0.052019715309143066,-0.002176361856982112,-0.03183061629533768,-0.0034931949339807034,-0.04451539367437363,-0.005861274432390928,-0.00435178866609931,0.004306082613766193,0.09598104655742645,0.1022217646241188,0.21496173739433289,0.19201016426086426,0.22724898159503937,0.20066383481025696,0.20804783701896667,0.17104990780353546,Turn-First
223,0.9993040561676025,0.9987073540687561,0.9985982775688171,0.9987757205963135,0.9988411068916321,0.9987416863441467,0.9987092018127441,0.99684739112854,0.998094916343689,0.9989985823631287,0.9991691708564758,0.9995813965797424,0.9995535612106323,0.7441152930259705,0.8908624053001404,0.6311434507369995,0.5433154702186584,0.5311801433563232,0.48151493072509766,0.5296223759651184,0.47807684540748596,0.4966045618057251,0.4441497027873993,0.9982906579971313,0.9983885288238525,0.7673130631446838,0.9156138896942139,0.8524319529533386,0.9321897029876709,0.8512080907821655,0.8609327673912048,0.7661252617835999,0.8194596767425537,0.7394775152206421,0.7346248626708984,0.7314760088920593,0.7283886075019836,0.7437059879302979,0.7468070387840271,0.7500039339065552,0.7256874442100525,0.7523237466812134,0.7349330186843872,0.7438426613807678,0.6872970461845398,0.7899569272994995,0.6802566051483154,0.8115237355232239,0.690910816192627,0.7980068922042847,0.6897712349891663,0.7931798100471497,0.6962347030639648,0.791027843952179,0.697718620300293,0.790894627571106,0.7210595607757568,0.7704350352287292,0.7210732102394104,0.7713227272033691,0.7251474261283875,0.7857478857040405,0.7334531545639038,0.7839022278785706,0.7246890068054199,0.7849124670028687,0.3082532286643982,0.2951979637145996,0.29442521929740906,0.29382583498954773,0.29597923159599304,0.29574090242385864,0.2955349385738373,0.2986751198768616,0.30114349722862244,0.31759506464004517,0.31935879588127136,0.376711905002594,0.3689796030521393,0.4746764600276947,0.4598967134952545,0.5570703744888306,0.549569308757782,0.5839860439300537,0.5748089551925659,0.5782667994499207,0.5638933181762695,0.569428563117981,0.5544336438179016,0.565517008304596,0.5640448331832886,0.6910409927368164,0.6953641176223755,0.8205087780952454,0.8276185393333435,0.8418375253677368,0.8439636826515198,0.8363444209098816,0.8393809795379639,0.10779281705617905,0.07365848869085312,0.07362823933362961,0.07361166179180145,0.07764030992984772,0.07764621078968048,0.07757415622472763,-0.03871709853410721,-0.01642356999218464,0.07644608616828918,0.08049904555082321,-0.11793013662099838,-0.04204151779413223,-0.13617433607578278,-0.03168325498700142,-0.0675574541091919,0.012162555940449238,-0.07219746708869934,0.01665179245173931,-0.06138976290822029,0.013141388073563576,-0.06370548158884048,0.011072313413023949,-0.024300863966345787,0.024234531447291374,0.12689237296581268,0.15655924379825592,0.27709850668907166,0.27435168623924255,0.2930420935153961,0.2865675687789917,0.2783375382423401,0.26374489068984985,Turn-First
224,0.999351978302002,0.9988105893135071,0.9987145662307739,0.9988682866096497,0.9989310503005981,0.9988426566123962,0.9988057613372803,0.9971444606781006,0.9982608556747437,0.9990828037261963,0.9992380738258362,0.9996173977851868,0.9995737671852112,0.7693504095077515,0.8927238583564758,0.6552740335464478,0.5202731490135193,0.5514169931411743,0.4551573693752289,0.5481001734733582,0.45147988200187683,0.5128640532493591,0.41984689235687256,0.9984177947044373,0.9984775185585022,0.7888699769973755,0.9212251901626587,0.8639285564422607,0.9348073601722717,0.8635887503623962,0.8720378279685974,0.7660065293312073,0.8082034587860107,0.7409650087356567,0.7362119555473328,0.7330165505409241,0.7298869490623474,0.7456177473068237,0.7489563226699829,0.7524667382240295,0.7269234657287598,0.7563751935958862,0.7367411255836487,0.7460430860519409,0.6913123726844788,0.7932498455047607,0.6838294863700867,0.8128424882888794,0.6934584379196167,0.7945539355278015,0.6937367916107178,0.7884536385536194,0.6991212964057922,0.7837907671928406,0.7002546787261963,0.7855931520462036,0.7259699106216431,0.7734522819519043,0.7228155136108398,0.7706893682479858,0.7238429188728333,0.7945724725723267,0.7303480505943298,0.7935457825660706,0.7227818965911865,0.7795180082321167,0.30748382210731506,0.2949759364128113,0.2943583130836487,0.2938671410083771,0.2951381504535675,0.2946668267250061,0.2942342758178711,0.2987317442893982,0.3000541627407074,0.317080020904541,0.3185361325740814,0.3762698173522949,0.36788976192474365,0.47479674220085144,0.45992252230644226,0.5551246404647827,0.5438006520271301,0.5798139572143555,0.5661836266517639,0.5745299458503723,0.5574886798858643,0.5664768218994141,0.5491511821746826,0.5662873387336731,0.5656435489654541,0.6933652758598328,0.6959306001663208,0.8230487704277039,0.8281052112579346,0.8419728875160217,0.8451617956161499,0.8333860039710999,0.8324705958366394,0.1407138556241989,0.10463762283325195,0.10462196171283722,0.10462448745965958,0.11238829791545868,0.11237803846597672,0.1123175248503685,-0.03141500800848007,0.017288370057940483,0.10529966652393341,0.11409126222133636,-0.10506753623485565,0.004592209123075008,-0.1292778104543686,0.0288977213203907,-0.06437085568904877,0.07218287140130997,-0.07275564968585968,0.07855154573917389,-0.06554142385721207,0.07074097543954849,-0.06145365908741951,0.06942865252494812,-0.038971882313489914,0.038955409079790115,0.1122124046087265,0.1446838676929474,0.2107786238193512,0.23862405121326447,0.22233982384204865,0.2481408417224884,0.19883395731449127,0.22421792149543762,Turn-First
225,0.9993932247161865,0.9989001154899597,0.9988185167312622,0.99894779920578,0.99900883436203,0.9989342093467712,0.9988909363746643,0.9974113702774048,0.9984111785888672,0.9991565942764282,0.9992973208427429,0.9996453523635864,0.9996005296707153,0.7915186285972595,0.8989711403846741,0.6551393866539001,0.5112606883049011,0.5440201759338379,0.4396790564060211,0.5387027859687805,0.43517807126045227,0.5032569169998169,0.4039929509162903,0.9985435009002686,0.9985812306404114,0.8095962405204773,0.9281550049781799,0.8762596845626831,0.939482569694519,0.8759962320327759,0.8833717107772827,0.7671026587486267,0.8014339208602905,0.7445318698883057,0.7394863367080688,0.7361158728599548,0.7328882813453674,0.7492013573646545,0.7524778246879578,0.7558486461639404,0.7296349406242371,0.759589433670044,0.7398756742477417,0.7497046589851379,0.6934987306594849,0.7952543497085571,0.6853674054145813,0.8176765441894531,0.6961410045623779,0.8000203371047974,0.6972737908363342,0.798651397228241,0.7024887800216675,0.7937473058700562,0.7031568884849548,0.7934951186180115,0.7260479927062988,0.7801352739334106,0.7237516641616821,0.782332181930542,0.7233242988586426,0.8066456913948059,0.7294744253158569,0.8069977760314941,0.7209557294845581,0.7907111048698425,0.3085622787475586,0.2961375117301941,0.29568159580230713,0.2953689396381378,0.2961329519748688,0.2957240045070648,0.29539114236831665,0.3010703921318054,0.3019082844257355,0.318540096282959,0.31946802139282227,0.3777042031288147,0.3680480420589447,0.47645366191864014,0.46062013506889343,0.5538851618766785,0.5405784249305725,0.577803909778595,0.5633976459503174,0.5728619694709778,0.5571327209472656,0.564929187297821,0.5474151372909546,0.5681716799736023,0.5670868754386902,0.6964260935783386,0.6933234930038452,0.8258183002471924,0.8257221579551697,0.8436566591262817,0.8450202941894531,0.8355661034584045,0.8285757899284363,0.14901325106620789,0.1134689673781395,0.1134585291147232,0.1134536862373352,0.11817046254873276,0.11816183477640152,0.11809231340885162,-0.01871516928076744,0.013885855674743652,0.11406534910202026,0.1190245971083641,-0.08683434873819351,-0.016403263434767723,-0.10139989852905273,-0.007204094436019659,-0.05042893439531326,0.017537513747811317,-0.05512476712465286,0.03183634951710701,-0.04706538841128349,0.05745645612478256,-0.0445890910923481,0.02221822366118431,-0.02695542946457863,0.02685958705842495,0.10501178354024887,0.13651716709136963,0.19170819222927094,0.21798697113990784,0.20054170489311218,0.22699102759361267,0.1799294352531433,0.2100682556629181,Walk-To-Chair
226,0.9993247985839844,0.9988665580749512,0.9988082051277161,0.9988945126533508,0.9989513158798218,0.9989041090011597,0.9988301396369934,0.9975672364234924,0.9984282851219177,0.9991291761398315,0.9992527365684509,0.9996647834777832,0.9996004700660706,0.8111492395401001,0.9001960754394531,0.6479079127311707,0.4968793988227844,0.5294531583786011,0.42082080245018005,0.5229088068008423,0.4157283306121826,0.48882028460502625,0.38588669896125793,0.9986157417297363,0.9985638856887817,0.826775312423706,0.9293267130851746,0.8848481178283691,0.9379916787147522,0.885151743888855,0.8891996741294861,0.7648977637290955,0.7875381708145142,0.7460304498672485,0.7417851090431213,0.7387105822563171,0.7357913851737976,0.7511106729507446,0.754365861415863,0.7577468156814575,0.7334976196289062,0.7620807886123657,0.7416982054710388,0.7513962984085083,0.6998975872993469,0.798672080039978,0.6863263249397278,0.8185242414474487,0.6970293521881104,0.7991998791694641,0.6979597806930542,0.7952719926834106,0.7031322717666626,0.7912240624427795,0.705202043056488,0.7902728319168091,0.7310188412666321,0.7803765535354614,0.7292827367782593,0.7885798215866089,0.7273635268211365,0.8100861310958862,0.734920859336853,0.8128477931022644,0.7230502367019653,0.7950509786605835,0.3088308274745941,0.2965535819530487,0.2962086796760559,0.2960370182991028,0.2964453101158142,0.2960679829120636,0.2957687973976135,0.3019483685493469,0.30225229263305664,0.31882742047309875,0.3197382986545563,0.3764256536960602,0.36702603101730347,0.47278931736946106,0.4570044279098511,0.5520500540733337,0.5298400521278381,0.576360821723938,0.5576460957527161,0.5721620917320251,0.5551356077194214,0.5636873841285706,0.5427135229110718,0.5672877430915833,0.563680112361908,0.6962526440620422,0.6825631260871887,0.8257348537445068,0.8126598000526428,0.8437014818191528,0.8335250616073608,0.8357993364334106,0.8215912580490112,0.15908783674240112,0.12386826425790787,0.12384198606014252,0.12383277714252472,0.1307654231786728,0.1307622343301773,0.13068214058876038,-0.0013460689224302769,0.03254438191652298,0.12315601110458374,0.13116422295570374,-0.08088798820972443,0.005264908540993929,-0.09958010166883469,-0.000645591935608536,-0.049852676689624786,0.009862424805760384,-0.05511259287595749,0.014001153409481049,-0.04890695959329605,0.014582008123397827,-0.04447207599878311,0.009263713844120502,-0.0373159758746624,0.037306927144527435,0.01364150457084179,0.11545944213867188,0.07089237868785858,0.17892298102378845,0.0764312893152237,0.18531951308250427,0.051170993596315384,0.1650906354188919,Walk-To-Chair
227,0.9992959499359131,0.9988610744476318,0.9988259077072144,0.9988793730735779,0.9989318251609802,0.9989073872566223,0.9988065958023071,0.9977293014526367,0.9984769225120544,0.9991375207901001,0.9992494583129883,0.9996711611747742,0.9996087551116943,0.828900933265686,0.9069748520851135,0.6480951905250549,0.5007075071334839,0.5238519310951233,0.41725292801856995,0.515724778175354,0.4114592373371124,0.48082080483436584,0.38067662715911865,0.9986920356750488,0.9986133575439453,0.8431641459465027,0.934909999370575,0.8938460946083069,0.9411638975143433,0.8942674398422241,0.8979043364524841,0.7583544254302979,0.7810783982276917,0.7502163648605347,0.7452346086502075,0.7418810725212097,0.7386376261711121,0.7549401521682739,0.7582554221153259,0.761623740196228,0.735303521156311,0.7650963068008423,0.7452591061592102,0.7556755542755127,0.7036544680595398,0.8024819493293762,0.6904275417327881,0.8254942893981934,0.698656439781189,0.8118220567703247,0.6985572576522827,0.80641108751297,0.7038896679878235,0.8009301424026489,0.7076913118362427,0.8004018664360046,0.730350136756897,0.7829498052597046,0.7279700040817261,0.7942166924476624,0.7263644337654114,0.8159068822860718,0.7317132949829102,0.8118840456008911,0.7275930643081665,0.8085729479789734,0.30844101309776306,0.29617902636528015,0.29604026675224304,0.29599741101264954,0.2954277992248535,0.2948925197124481,0.2944713532924652,0.3020559549331665,0.3013361692428589,0.3188595771789551,0.31959089636802673,0.37588414549827576,0.36521580815315247,0.46935752034187317,0.4554390013217926,0.5509440898895264,0.5268914103507996,0.5740931034088135,0.5529268980026245,0.5700958967208862,0.5521182417869568,0.5621589422225952,0.5406083464622498,0.561917245388031,0.557291567325592,0.6906521320343018,0.6722716093063354,0.8229331374168396,0.8035999536514282,0.8403193354606628,0.8235294222831726,0.833520233631134,0.8115400671958923,0.1651235818862915,0.1318289339542389,0.1318119317293167,0.13180842995643616,0.13500869274139404,0.1350036859512329,0.13491615653038025,0.01610039733350277,0.031207213178277016,0.13133206963539124,0.1346876174211502,-0.07725666463375092,-0.01080524455755949,-0.08685547858476639,-0.036803536117076874,-0.05270949751138687,-0.06285113096237183,-0.059124402701854706,-0.0648694783449173,-0.0507940873503685,-0.06587140262126923,-0.04861339181661606,-0.0635422021150589,-0.02290545590221882,0.02291729487478733,0.02571275271475315,0.09360452741384506,0.0823061615228653,0.17841258645057678,0.08775494992733002,0.18477991223335266,0.059191036969423294,0.13689348101615906,Walk-To-Chair
228,0.9991996884346008,0.9987933039665222,0.9987781643867493,0.9987970590591431,0.9988387227058411,0.9988343715667725,0.9987050890922546,0.9978169798851013,0.9984408020973206,0.9990834593772888,0.9991782307624817,0.9996786713600159,0.999586820602417,0.8455280065536499,0.912550687789917,0.6525256037712097,0.487057089805603,0.5188426375389099,0.39791637659072876,0.5090818405151367,0.39166736602783203,0.47346168756484985,0.361771821975708,0.9987075328826904,0.9985316395759583,0.8562253713607788,0.9357098340988159,0.8972257971763611,0.9367691278457642,0.8990470170974731,0.9012477993965149,0.7389642000198364,0.7579813003540039,0.7566307187080383,0.7532621026039124,0.750564694404602,0.7476674914360046,0.7605053782463074,0.7630341649055481,0.7657423615455627,0.7436747550964355,0.7698087692260742,0.7526038289070129,0.75998854637146,0.7096417546272278,0.8078737258911133,0.6946286559104919,0.8264724016189575,0.6998312473297119,0.8097594380378723,0.6991998553276062,0.8053830862045288,0.7067520618438721,0.7979938983917236,0.7106520533561707,0.7982085943222046,0.7349433898925781,0.7893391251564026,0.731288492679596,0.7934709191322327,0.7281169295310974,0.8069660067558289,0.7321878671646118,0.8047477006912231,0.7255188822746277,0.7983211278915405,0.3107370436191559,0.298808217048645,0.2985993027687073,0.2984060049057007,0.29822245240211487,0.29774361848831177,0.29722195863723755,0.30398961901664734,0.30381354689598083,0.321622371673584,0.3225383460521698,0.3769509196281433,0.3654812276363373,0.4695495367050171,0.455044150352478,0.5504972338676453,0.524307370185852,0.5737374424934387,0.5481895804405212,0.5700405240058899,0.548818051815033,0.5619543194770813,0.5391851663589478,0.5592638850212097,0.5563806295394897,0.6885596513748169,0.6737447381019592,0.8219547867774963,0.8048880100250244,0.8399458527565002,0.8229087591171265,0.835207998752594,0.815895140171051,0.18302325904369354,0.15061506628990173,0.15059775114059448,0.15059365332126617,0.15296779572963715,0.15294669568538666,0.15284006297588348,0.03537442162632942,0.0441526435315609,0.14843210577964783,0.15048591792583466,-0.06374771893024445,-0.0013048226246610284,-0.08250552415847778,-0.02070079743862152,-0.044037751853466034,-0.025263303890824318,-0.04899173229932785,-0.020598044618964195,-0.0404210090637207,-0.01902984455227852,-0.03955177217721939,-0.024032900109887123,-0.020903494209051132,0.020873982459306717,-0.019770566374063492,0.044371962547302246,0.0036205314099788666,0.08068177849054337,0.005185837857425213,0.0836702287197113,-0.02998865582048893,0.052970729768276215,Walk-To-Chair
229,0.9991834163665771,0.9988013505935669,0.9987984299659729,0.9987924695014954,0.9988330006599426,0.9988389015197754,0.9986947774887085,0.997934103012085,0.9984799027442932,0.9990654587745667,0.9991431832313538,0.9996892809867859,0.9995915293693542,0.8594589829444885,0.9174584746360779,0.6337612271308899,0.47688400745391846,0.4958863854408264,0.3823072910308838,0.4852336347103119,0.3759559392929077,0.45110660791397095,0.34682783484458923,0.998786211013794,0.9985451102256775,0.8687371611595154,0.9392991662025452,0.9048729538917542,0.9389957785606384,0.9069676399230957,0.9077971577644348,0.743139922618866,0.7612338662147522,0.7657870054244995,0.7636595964431763,0.7618789076805115,0.7599596977233887,0.7693803906440735,0.7716836333274841,0.7741531133651733,0.7567926645278931,0.7764933109283447,0.763211190700531,0.7686675786972046,0.7173433899879456,0.8120898008346558,0.7010850310325623,0.8272479772567749,0.7114167213439941,0.8112929463386536,0.7092047929763794,0.8080335855484009,0.7185719013214111,0.7986866235733032,0.7208875417709351,0.7987486720085144,0.7376670837402344,0.7866860032081604,0.733433723449707,0.7874294519424438,0.7265239953994751,0.8015121221542358,0.7292622327804565,0.7952379584312439,0.7312924265861511,0.798186182975769,0.3122873902320862,0.30015233159065247,0.29998236894607544,0.2997981011867523,0.2997746169567108,0.29939883947372437,0.298894464969635,0.3059362471103668,0.30534157156944275,0.32320645451545715,0.3237515985965729,0.3764050304889679,0.3656757175922394,0.46502071619033813,0.4556773602962494,0.54709392786026,0.5215997695922852,0.5652027726173401,0.5502477884292603,0.5618167519569397,0.545229971408844,0.5571237802505493,0.5377629399299622,0.5553684234619141,0.5529214143753052,0.687815248966217,0.6746965050697327,0.8219654560089111,0.8063051700592041,0.8402796387672424,0.822235643863678,0.8353437185287476,0.8188515901565552,0.156751811504364,0.12956824898719788,0.12955564260482788,0.12955397367477417,0.12875255942344666,0.12875939905643463,0.1286853551864624,0.03732752054929733,0.031880833208560944,0.13034674525260925,0.12878084182739258,-0.01636040210723877,-0.014605281874537468,-0.029373299330472946,-0.023131798952817917,0.011958235874772072,0.025192085653543472,0.011684594675898552,0.034594304859638214,0.01774778962135315,0.031498946249485016,0.01455614436417818,0.026099324226379395,0.0039728786796331406,-0.004106632899492979,-0.008807023987174034,0.019169868901371956,0.0037834043614566326,0.04957696050405502,0.0038708678912371397,0.05290796235203743,-0.03249848634004593,0.024931831285357475,Walk-To-Chair
230,0.9991528987884521,0.9987923502922058,0.9987921714782715,0.9987965822219849,0.9988011121749878,0.9987890124320984,0.9986410140991211,0.9980331659317017,0.9984335899353027,0.9990584850311279,0.9991142749786377,0.9996950030326843,0.9995393753051758,0.8701043128967285,0.9123833775520325,0.625646710395813,0.45868486166000366,0.4856814444065094,0.3655649423599243,0.4741731584072113,0.35901138186454773,0.4408685564994812,0.3303000032901764,0.9987379312515259,0.9982921481132507,0.8731714487075806,0.9359205365180969,0.9080397486686707,0.9371187686920166,0.910311222076416,0.9084910154342651,0.7486170530319214,0.7633471488952637,0.7677916288375854,0.7672567963600159,0.7664638757705688,0.7656489610671997,0.7700778245925903,0.771289050579071,0.7726807594299316,0.76373690366745,0.7752565145492554,0.7663800120353699,0.7690804600715637,0.7218140363693237,0.8146745562553406,0.7090118527412415,0.8286250233650208,0.7220130562782288,0.8056413531303406,0.7208694219589233,0.8075578808784485,0.7289177179336548,0.8013388514518738,0.730425238609314,0.7960823774337769,0.7501097917556763,0.7833655476570129,0.7357460260391235,0.7854264378547668,0.7252525687217712,0.7629035711288452,0.7285758852958679,0.7718251943588257,0.7317039966583252,0.7801790833473206,0.31294649839401245,0.30076801776885986,0.3005560338497162,0.30032879114151,0.30079349875450134,0.300711065530777,0.3006061911582947,0.3065183460712433,0.30732232332229614,0.3240153193473816,0.32450640201568604,0.3765767216682434,0.3666526675224304,0.4656727910041809,0.455850213766098,0.547065794467926,0.5219374895095825,0.5654571056365967,0.5442531108856201,0.561894953250885,0.5420423150062561,0.5571033954620361,0.5349270105361938,0.5558789968490601,0.5535691380500793,0.6873734593391418,0.6765962839126587,0.8211839199066162,0.8069412708282471,0.8402389883995056,0.8334121704101562,0.8360521197319031,0.8191670179367065,0.11933737993240356,0.103598952293396,0.10358209908008575,0.10356255620718002,0.09649117290973663,0.09649689495563507,0.09641830623149872,0.033915359526872635,0.026820208877325058,0.10794403403997421,0.09817494451999664,-0.001718061976134777,-0.020760785788297653,-0.021103957667946815,-0.05023486167192459,-0.006874057464301586,-0.06790152937173843,-0.013913470320403576,-0.0746501237154007,-0.01252701599150896,-0.08225005120038986,-0.007097361143678427,-0.07150548696517944,0.011423437856137753,-0.011373896151781082,0.002037600614130497,-0.00518390629440546,0.03535635396838188,0.02993050590157509,0.035417236387729645,0.03143249824643135,-0.017969612032175064,-0.02208879217505455,Walk-To-Chair
231,0.9992128014564514,0.9988444447517395,0.9988516569137573,0.9988616704940796,0.9988314509391785,0.998818576335907,0.9986891746520996,0.9981238842010498,0.9983364939689636,0.9991194009780884,0.9991443753242493,0.9997103810310364,0.9995129108428955,0.8800832033157349,0.9140721559524536,0.6577858924865723,0.4968118965625763,0.5277905464172363,0.4046557545661926,0.5177833437919617,0.3997895419597626,0.48503541946411133,0.37124842405319214,0.9986873865127563,0.998266875743866,0.8801774382591248,0.9381222128868103,0.9115681648254395,0.9374191761016846,0.886160671710968,0.877685546875,0.7670994400978088,0.7790592312812805,0.7658135890960693,0.7699908018112183,0.772537887096405,0.7752119302749634,0.7657351493835449,0.7659912705421448,0.7688568830490112,0.7814730405807495,0.7736895084381104,0.7700847387313843,0.7645189166069031,0.8146513104438782,0.7434964776039124,0.8298900723457336,0.7218576669692993,0.8102226257324219,0.7196336984634399,0.8058264851570129,0.7226184606552124,0.7982017397880554,0.7277311682701111,0.7983473539352417,0.7277826070785522,0.7972097992897034,0.7581232786178589,0.7791659832000732,0.7367581129074097,0.7623786330223083,0.721981406211853,0.756874144077301,0.7214459776878357,0.7479904294013977,0.7327104806900024,0.3127290904521942,0.3004663288593292,0.30017518997192383,0.29989999532699585,0.3006972372531891,0.30060485005378723,0.30059462785720825,0.30632108449935913,0.3083789050579071,0.3239811658859253,0.3245352506637573,0.3747154772281647,0.37562844157218933,0.4623710811138153,0.45769453048706055,0.5363137125968933,0.5290507674217224,0.5542657375335693,0.551133394241333,0.5507384538650513,0.5509912371635437,0.5451251268386841,0.5429272055625916,0.5526525378227234,0.547261118888855,0.6875799894332886,0.6779335141181946,0.8192014098167419,0.8091428875923157,0.8324519991874695,0.8336966633796692,0.8482251763343811,0.853036105632782,-0.2990416884422302,-0.2877967655658722,-0.287809818983078,-0.2878134250640869,-0.2824961245059967,-0.28253740072250366,-0.28260040283203125,-0.19275343418121338,-0.1686604917049408,-0.2618156671524048,-0.25507089495658875,-0.1352270394563675,-0.06483623385429382,-0.13122905790805817,-0.01038004644215107,-0.26171666383743286,-0.08129597455263138,-0.29595333337783813,-0.10356650501489639,-0.3238212466239929,-0.13222315907478333,-0.2741127610206604,-0.09412899613380432,-0.010188288986682892,0.010212047025561333,-0.05893085151910782,-0.017114128917455673,0.050186194479465485,0.08705977350473404,0.06591939926147461,0.09336569905281067,-0.03627292439341545,-0.009740041568875313,Walk-To-Chair
232,0.9992660284042358,0.9988922476768494,0.9989013671875,0.9989161491394043,0.9988788366317749,0.9988619685173035,0.9987549185752869,0.998207151889801,0.9983476996421814,0.9991596937179565,0.9991699457168579,0.9996986389160156,0.9995123147964478,0.8847968578338623,0.9110416173934937,0.6691251993179321,0.5269168615341187,0.5438820123672485,0.4354705512523651,0.5355195999145508,0.4325768053531647,0.5013089776039124,0.4055773913860321,0.9985717535018921,0.9982635378837585,0.886238157749176,0.9384531378746033,0.9157718420028687,0.937330961227417,0.8548359274864197,0.8601241707801819,0.7837488651275635,0.7931653261184692,0.7712675333023071,0.7767974138259888,0.7799100875854492,0.7828027606010437,0.7692461013793945,0.7673391103744507,0.7668883204460144,0.7892578840255737,0.7691165208816528,0.7763696908950806,0.7674182653427124,0.8210848569869995,0.7414644360542297,0.8255403637886047,0.724058985710144,0.8125985860824585,0.7170872092247009,0.8092437982559204,0.7200039625167847,0.8015777468681335,0.7244473695755005,0.8009389638900757,0.7267988920211792,0.8030373454093933,0.7559372186660767,0.7909713387489319,0.7366013526916504,0.7938555479049683,0.7354871034622192,0.7899078130722046,0.7386146783828735,0.7829626798629761,0.7350863218307495,0.3182918131351471,0.30687254667282104,0.306627094745636,0.306497722864151,0.3075888454914093,0.30773237347602844,0.30795812606811523,0.312127947807312,0.3135983645915985,0.3299943208694458,0.3316674828529358,0.3772951066493988,0.38309764862060547,0.468636691570282,0.46295541524887085,0.5365817546844482,0.5393685698509216,0.5564815998077393,0.5621817708015442,0.552236020565033,0.5624769926071167,0.5461759567260742,0.5559133291244507,0.5511295795440674,0.5486103296279907,0.6878990530967712,0.6782485246658325,0.8172528743743896,0.8144466280937195,0.8307487368583679,0.8339895009994507,0.8615565896034241,0.855132520198822,-0.3704819679260254,-0.3579801321029663,-0.357994019985199,-0.35802456736564636,-0.35322368144989014,-0.35328638553619385,-0.3533588647842407,-0.25468653440475464,-0.23228256404399872,-0.3297991156578064,-0.32357513904571533,-0.18898917734622955,-0.11086253821849823,-0.1672813594341278,-0.03461965173482895,-0.2680499851703644,-0.12509550154209137,-0.2996472716331482,-0.14858725666999817,-0.3281782269477844,-0.18250522017478943,-0.28066134452819824,-0.14056552946567535,-0.024685420095920563,0.02466074749827385,-0.06890071928501129,-0.015619562938809395,0.04870236665010452,0.09232942014932632,0.053242795169353485,0.09733173251152039,-0.08746238052845001,-0.010947620496153831,Walk-To-Chair
233,0.9991519451141357,0.9986879825592041,0.9987130165100098,0.998738169670105,0.9986608624458313,0.9986534714698792,0.998611569404602,0.9979969263076782,0.9979943633079529,0.9989603757858276,0.998927652835846,0.9996572136878967,0.9994258880615234,0.8852059841156006,0.86838299036026,0.6544502973556519,0.5145123600959778,0.5351696610450745,0.4281367361545563,0.5275585055351257,0.4265439212322235,0.4926440715789795,0.4007387161254883,0.9983915090560913,0.9980084300041199,0.8928448557853699,0.922650158405304,0.9226017594337463,0.9347166419029236,0.8659683465957642,0.8601276874542236,0.8026252388954163,0.8040202856063843,0.7687509655952454,0.7720081806182861,0.7732817530632019,0.7744044065475464,0.7694914937019348,0.7691749334335327,0.7692619562149048,0.7803201079368591,0.7742565274238586,0.7718027830123901,0.7686452865600586,0.8167910575866699,0.7477906346321106,0.8280760645866394,0.7471286058425903,0.801164448261261,0.74004065990448,0.8053814172744751,0.7394574880599976,0.7922043800354004,0.7422208786010742,0.7915078401565552,0.7433823347091675,0.7944520711898804,0.7744146585464478,0.7692107558250427,0.7411456108093262,0.7656150460243225,0.7545751333236694,0.7708083987236023,0.7691993117332458,0.7664806246757507,0.7444979548454285,0.3187483251094818,0.3066827356815338,0.306400865316391,0.3062300980091095,0.30722111463546753,0.30727046728134155,0.3074225187301636,0.31152984499931335,0.3130096197128296,0.329997718334198,0.3313530385494232,0.37690502405166626,0.3832133114337921,0.4669993221759796,0.47207725048065186,0.548590898513794,0.5446102023124695,0.5576545596122742,0.566358745098114,0.5550455451011658,0.5610658526420593,0.5499671101570129,0.5554836392402649,0.5581296682357788,0.5560653805732727,0.6885791420936584,0.6869717836380005,0.8279518485069275,0.8163148760795593,0.8504847288131714,0.8374846577644348,0.8602595925331116,0.8504944443702698,-0.24666853249073029,-0.25667858123779297,-0.25669094920158386,-0.2567451298236847,-0.23954086005687714,-0.23962683975696564,-0.23974251747131348,-0.23848478496074677,-0.16231189668178558,-0.23410502076148987,-0.21200087666511536,-0.23126742243766785,-0.10456850379705429,-0.23757687211036682,-0.014162862673401833,-0.2687097191810608,-0.08984894305467606,-0.2933664917945862,-0.10384175926446915,-0.30914774537086487,-0.13202328979969025,-0.27471256256103516,-0.10283227264881134,-0.07322244346141815,0.07325199246406555,-0.0689212828874588,0.08041083812713623,-0.004884838126599789,0.15223678946495056,-0.0049750106409192085,0.15449580550193787,-0.10881491750478745,0.07078550010919571,Walk-To-Chair
234,0.9989798665046692,0.9981241822242737,0.9981671571731567,0.9982203245162964,0.9981541037559509,0.9980980157852173,0.9981258511543274,0.9971018433570862,0.9966742992401123,0.9986035227775574,0.998471200466156,0.9994603991508484,0.9993652701377869,0.8804576396942139,0.8502558469772339,0.6476379632949829,0.5259034037590027,0.5329106450080872,0.44048622250556946,0.5268096327781677,0.44023317098617554,0.4929198920726776,0.4164310097694397,0.9980087280273438,0.9978504776954651,0.8921740651130676,0.9220016598701477,0.9204733967781067,0.9339117407798767,0.8383593559265137,0.8431069850921631,0.809255838394165,0.8136069774627686,0.7727106213569641,0.777459979057312,0.7802059650421143,0.7828917503356934,0.7714928984642029,0.7702191472053528,0.769266664981842,0.7904013395309448,0.7727458477020264,0.7792670726776123,0.7715577483177185,0.8269841074943542,0.753494381904602,0.8352782130241394,0.7423796653747559,0.8333677053451538,0.7343083620071411,0.8372455835342407,0.7327696084976196,0.8244128227233887,0.7359808683395386,0.8227874040603638,0.7394518256187439,0.8136372566223145,0.7738910913467407,0.8008866310119629,0.7482854127883911,0.7981905341148376,0.7540978193283081,0.7986924052238464,0.7627943754196167,0.7940205335617065,0.7397587299346924,0.32179591059684753,0.3087405264377594,0.30812063813209534,0.3075338900089264,0.31007739901542664,0.3103894889354706,0.31065624952316284,0.3121030926704407,0.3152894079685211,0.33189958333969116,0.3336997628211975,0.3772890865802765,0.3824571669101715,0.4669434130191803,0.4682755172252655,0.5496330261230469,0.5418190360069275,0.5682154893875122,0.564630925655365,0.5583049058914185,0.5631614327430725,0.551128089427948,0.5571686029434204,0.5533621907234192,0.5527428388595581,0.6866851449012756,0.6857442259788513,0.819830060005188,0.8183165788650513,0.8422271013259888,0.8393735289573669,0.8526924848556519,0.8490604758262634,-0.2638494372367859,-0.25459644198417664,-0.25465255975723267,-0.25469595193862915,-0.24696636199951172,-0.24700233340263367,-0.24710150063037872,-0.17640149593353271,-0.14017079770565033,-0.23169231414794922,-0.22166888415813446,-0.15393364429473877,-0.07536078989505768,-0.18142256140708923,0.007838966324925423,-0.2020127773284912,-0.07543661445379257,-0.22551357746124268,-0.08503679186105728,-0.2482987940311432,-0.11172859370708466,-0.2120792418718338,-0.08339736610651016,-0.05138586089015007,0.05127853900194168,-0.07301715761423111,-0.015341615304350853,0.015189463272690773,0.06680246442556381,0.0163697749376297,0.06772086769342422,-0.10274644941091537,-0.05037621781229973,Walk-To-Chair
235,0.9988970160484314,0.9978458881378174,0.997905433177948,0.9979478120803833,0.9978854060173035,0.9978048801422119,0.9978727698326111,0.9968805313110352,0.9961658716201782,0.9985101819038391,0.9983034729957581,0.9994285702705383,0.9993626475334167,0.8814650774002075,0.8350311517715454,0.6472976207733154,0.544136643409729,0.5376044511795044,0.45916277170181274,0.5328721404075623,0.4605310261249542,0.4977934956550598,0.4386884868144989,0.9977081418037415,0.9977165460586548,0.8973495960235596,0.9200096130371094,0.9226326942443848,0.9323746562004089,0.8215062618255615,0.8362846970558167,0.8195013403892517,0.8215065002441406,0.7740885615348816,0.7780126333236694,0.780694842338562,0.7834340333938599,0.7721872925758362,0.7707262635231018,0.7694187164306641,0.7913252115249634,0.7724246978759766,0.780634880065918,0.7729769349098206,0.828700065612793,0.7564868330955505,0.8387276530265808,0.7426537275314331,0.8305326700210571,0.733875572681427,0.8333903551101685,0.7344697713851929,0.8246068954467773,0.7377667427062988,0.8230125308036804,0.7405714392662048,0.8200303316116333,0.7750266790390015,0.8046204447746277,0.7507458925247192,0.8052564859390259,0.7552602887153625,0.8098915815353394,0.7686842083930969,0.7889086008071899,0.7443501949310303,0.33052492141723633,0.3178083598613739,0.3169980049133301,0.31604424118995667,0.31888923048973083,0.31889867782592773,0.3188342750072479,0.3174111545085907,0.321195125579834,0.3385261297225952,0.34085145592689514,0.3776259124279022,0.38372936844825745,0.46690529584884644,0.46795904636383057,0.5455118417739868,0.5432775616645813,0.5658091902732849,0.564813494682312,0.5585614442825317,0.5647153854370117,0.5512558221817017,0.5582388043403625,0.5531454086303711,0.5528478026390076,0.6857472658157349,0.6843798160552979,0.8148462772369385,0.8185101747512817,0.8353832364082336,0.8392894864082336,0.848179042339325,0.8477976322174072,-0.271850049495697,-0.26842039823532104,-0.26847031712532043,-0.268521785736084,-0.2549494504928589,-0.2549912929534912,-0.25508618354797363,-0.19851042330265045,-0.13629241287708282,-0.2423117458820343,-0.2242615520954132,-0.15889108180999756,-0.02860861085355282,-0.1641484498977661,0.04428645223379135,-0.24621684849262238,-0.04432501271367073,-0.27651500701904297,-0.06228446960449219,-0.29955655336380005,-0.10386989265680313,-0.25695598125457764,-0.061971671879291534,-0.05053616315126419,0.05061081051826477,-0.09263618290424347,0.004536259453743696,0.03117300011217594,0.11264197528362274,0.035200826823711395,0.11694900691509247,-0.0812777429819107,-0.005660963710397482,Walk-To-Chair
236,0.9987342953681946,0.9973596930503845,0.9974662661552429,0.9975629448890686,0.9973140358924866,0.9972354173660278,0.997369647026062,0.996120274066925,0.9947555065155029,0.9983512759208679,0.998031735420227,0.9993872046470642,0.9993313550949097,0.8828516006469727,0.8358085751533508,0.6510207653045654,0.5580595135688782,0.5419564247131348,0.47319361567497253,0.5381729602813721,0.4752672016620636,0.5019332766532898,0.4522472321987152,0.9977040886878967,0.997739315032959,0.8910296559333801,0.9158945083618164,0.915009617805481,0.927063524723053,0.79966801404953,0.8052961230278015,0.8209039568901062,0.825211763381958,0.7728885412216187,0.7765370011329651,0.7792960405349731,0.7822774648666382,0.7710846066474915,0.7698544263839722,0.7687087655067444,0.790721595287323,0.7713874578475952,0.779612123966217,0.7719877362251282,0.8333317637443542,0.7517746686935425,0.8353349566459656,0.7462294697761536,0.8196156620979309,0.7358874678611755,0.8197550773620605,0.7366572618484497,0.8120161294937134,0.744115948677063,0.8110722303390503,0.74699467420578,0.8174479603767395,0.7729284763336182,0.8112133145332336,0.7564205527305603,0.8031875491142273,0.7567681670188904,0.8049013018608093,0.766697347164154,0.7961046695709229,0.7552579045295715,0.3281875550746918,0.316055566072464,0.31543809175491333,0.31465771794319153,0.3173048794269562,0.3176491856575012,0.31789514422416687,0.3186138868331909,0.32305648922920227,0.33751457929611206,0.33968386054039,0.3806142210960388,0.38904836773872375,0.4680751860141754,0.4777608811855316,0.5432865619659424,0.5500209331512451,0.5640873312950134,0.5743762254714966,0.5587491393089294,0.5701674222946167,0.5515153408050537,0.5647713541984558,0.5478629469871521,0.5511586666107178,0.6795412302017212,0.6803577542304993,0.8087494969367981,0.8174047470092773,0.8259954452514648,0.8352680206298828,0.8419324159622192,0.8473891615867615,-0.4050411283969879,-0.39612317085266113,-0.39614611864089966,-0.3962070643901825,-0.3888912796974182,-0.38898134231567383,-0.389110267162323,-0.3026670813560486,-0.2697257399559021,-0.36745283007621765,-0.3581918776035309,-0.22088582813739777,-0.1671682596206665,-0.19508884847164154,-0.10696583986282349,-0.2766982913017273,-0.18492993712425232,-0.30506402254104614,-0.2104647159576416,-0.331033855676651,-0.23963229358196259,-0.2873850166797638,-0.1982596218585968,-0.019488202407956123,0.019497860223054886,-0.09774487465620041,-0.06202787160873413,0.033256832510232925,0.0744277611374855,0.0471314936876297,0.08140872418880463,-0.07276292890310287,-0.0556170716881752,Walk-To-Chair
237,0.9987326264381409,0.9973276257514954,0.9974378943443298,0.9975330233573914,0.9972561001777649,0.997137188911438,0.9972500801086426,0.9961146712303162,0.9944022297859192,0.9983250498771667,0.9979034066200256,0.9993711113929749,0.9993065595626831,0.8841023445129395,0.8179842233657837,0.6558375954627991,0.5609378218650818,0.5472239851951599,0.4771674871444702,0.5447665452957153,0.4801706373691559,0.5092399716377258,0.4581933915615082,0.9975868463516235,0.9975742101669312,0.8560104370117188,0.8716398477554321,0.8850952386856079,0.8925923705101013,0.7645263075828552,0.7657073140144348,0.8039742112159729,0.8036201596260071,0.7717320919036865,0.7754908800125122,0.7784452438354492,0.7816740274429321,0.7699455618858337,0.7689846754074097,0.7685487270355225,0.7902941107749939,0.7707434296607971,0.7785398960113525,0.7706859111785889,0.8316748738288879,0.7534714341163635,0.8380690813064575,0.7479680776596069,0.8301348686218262,0.7417490482330322,0.8311002850532532,0.7419652938842773,0.822142481803894,0.7465554475784302,0.8207840919494629,0.748170018196106,0.8223382830619812,0.7739845514297485,0.8106845617294312,0.7641576528549194,0.7998545169830322,0.7663050889968872,0.8019803762435913,0.7737277746200562,0.7915462851524353,0.7552908658981323,0.33257290720939636,0.32089874148368835,0.32017502188682556,0.31932690739631653,0.3225492835044861,0.32302606105804443,0.3234595060348511,0.3222191035747528,0.32795923948287964,0.34140342473983765,0.3436785340309143,0.382198691368103,0.3939794898033142,0.4694382846355438,0.4779985249042511,0.5458061099052429,0.5472877025604248,0.5672750473022461,0.573200523853302,0.5659340620040894,0.5708459615707397,0.5570028424263,0.5620197653770447,0.5473095178604126,0.5513787865638733,0.6796462535858154,0.6806034445762634,0.8091999292373657,0.8168680667877197,0.8245407938957214,0.8339471220970154,0.8373037576675415,0.8468013405799866,-0.33282947540283203,-0.3257368803024292,-0.32579392194747925,-0.3258669376373291,-0.31600719690322876,-0.316039502620697,-0.3161238729953766,-0.24488842487335205,-0.20215165615081787,-0.29933983087539673,-0.2868714928627014,-0.18910972774028778,-0.10372515022754669,-0.1728896200656891,-0.06702205538749695,-0.23503872752189636,-0.11764427274465561,-0.26090192794799805,-0.13391567766666412,-0.280271053314209,-0.16155360639095306,-0.2432815581560135,-0.12999644875526428,-0.028131145983934402,0.028183048591017723,-0.13217011094093323,-0.04573707655072212,-0.03760644420981407,0.04136934131383896,-0.034211914986371994,0.044294264167547226,-0.1487199366092682,-0.07160525023937225,Walk-To-Chair
238,0.9983649849891663,0.9962918162345886,0.9965299963951111,0.9965963363647461,0.996006965637207,0.995898425579071,0.9960947632789612,0.9947026968002319,0.9910775423049927,0.997479259967804,0.9962716102600098,0.9991790056228638,0.9991957545280457,0.8714087605476379,0.768172025680542,0.6457989811897278,0.5307873487472534,0.5402278304100037,0.45274052023887634,0.5383366346359253,0.45605140924453735,0.5018786191940308,0.4358472526073456,0.9965731501579285,0.9973466992378235,0.8263839483261108,0.8533874154090881,0.8584437966346741,0.8811855912208557,0.7407531142234802,0.7466143369674683,0.7856643199920654,0.7966803312301636,0.7710927724838257,0.7741116881370544,0.7765359878540039,0.7791701555252075,0.769271969795227,0.7684057950973511,0.7680000066757202,0.7863671183586121,0.77378910779953,0.7764398455619812,0.770243763923645,0.8354222178459167,0.7582293748855591,0.8370465040206909,0.7587767839431763,0.8134465217590332,0.7640659809112549,0.8140580058097839,0.7654644846916199,0.8071810603141785,0.7647667527198792,0.8065062761306763,0.7668105363845825,0.8306699991226196,0.7845499515533447,0.8138976097106934,0.7774561643600464,0.8047035932540894,0.7764884829521179,0.8020936250686646,0.7787663340568542,0.8042570352554321,0.7602429986000061,0.3424448072910309,0.3280690312385559,0.32712453603744507,0.3261743187904358,0.3295736312866211,0.3296070396900177,0.3297322988510132,0.3264959454536438,0.33039748668670654,0.35083454847335815,0.3522248864173889,0.38746869564056396,0.3998706638813019,0.48891451954841614,0.4947618544101715,0.5463709235191345,0.5600731372833252,0.5671405792236328,0.582361102104187,0.5642311573028564,0.578460693359375,0.5568474531173706,0.5697078704833984,0.5524662137031555,0.5558924078941345,0.6770126819610596,0.6801493763923645,0.7834955453872681,0.8168022632598877,0.7986648678779602,0.8341130018234253,0.8252453207969666,0.8465374112129211,-0.27079546451568604,-0.2779069244861603,-0.27791714668273926,-0.2779572904109955,-0.26035454869270325,-0.26040196418762207,-0.2605392336845398,-0.25187617540359497,-0.17207953333854675,-0.25560998916625977,-0.23300616443157196,-0.2117510288953781,-0.09299193322658539,-0.20803017914295197,-0.053927354514598846,-0.24427147209644318,-0.10720684379339218,-0.2662021517753601,-0.12033301591873169,-0.2785312533378601,-0.1446799486875534,-0.2482525110244751,-0.11825939267873764,-0.028778841719031334,0.02882639691233635,-0.09330721199512482,-0.03749683499336243,0.03861560299992561,0.058108896017074585,0.0473434254527092,0.06282360851764679,-0.045125048607587814,-0.0391034260392189,Walk-To-Chair
239,0.998137891292572,0.9957581162452698,0.9960254430770874,0.9960950016975403,0.995373010635376,0.9951354265213013,0.9953965544700623,0.9943076968193054,0.9894886612892151,0.9971790909767151,0.9956442713737488,0.9990859031677246,0.9991438388824463,0.8727166056632996,0.7214442491531372,0.651585578918457,0.515155017375946,0.54835444688797,0.44201579689979553,0.5471116900444031,0.4464241564273834,0.5100125670433044,0.42727187275886536,0.9960891604423523,0.9971888065338135,0.8173174858093262,0.8369939923286438,0.839887261390686,0.8705558180809021,0.7248600125312805,0.7348175048828125,0.776688277721405,0.7895277142524719,0.7703878283500671,0.7732540369033813,0.7755032181739807,0.7778855562210083,0.7688860297203064,0.7680978178977966,0.7676426768302917,0.7865102887153625,0.7736733555793762,0.7768580317497253,0.771407425403595,0.8340633511543274,0.7659909129142761,0.8382932543754578,0.7696795463562012,0.8340290784835815,0.7657144665718079,0.8394447565078735,0.765298068523407,0.8307098150253296,0.7664479613304138,0.8288249969482422,0.7679445147514343,0.833653450012207,0.7915483713150024,0.8127833604812622,0.7802441120147705,0.810555636882782,0.7830258011817932,0.8059660196304321,0.7894419431686401,0.8124351501464844,0.7601274847984314,0.3400728404521942,0.32639893889427185,0.3253016471862793,0.324156790971756,0.32836052775382996,0.3286359906196594,0.32898277044296265,0.3246099650859833,0.33019453287124634,0.3483452796936035,0.35086768865585327,0.38661321997642517,0.40235376358032227,0.4820178151130676,0.49378958344459534,0.5680099725723267,0.5553671717643738,0.5737285614013672,0.5797894597053528,0.5727553963661194,0.5762350559234619,0.5638709664344788,0.567157506942749,0.5523672699928284,0.556239128112793,0.6773203015327454,0.6795684695243835,0.7822372317314148,0.816802978515625,0.8032655119895935,0.834240198135376,0.8253055214881897,0.8461292386054993,-0.25453513860702515,-0.24915120005607605,-0.24912694096565247,-0.24915549159049988,-0.23403163254261017,-0.23400327563285828,-0.23418518900871277,-0.21482916176319122,-0.11761585623025894,-0.2282775640487671,-0.19883447885513306,-0.18768692016601562,-0.022461220622062683,-0.195936918258667,0.037866026163101196,-0.24152854084968567,-0.02957732044160366,-0.26455122232437134,-0.03748883679509163,-0.2783013880252838,-0.06937019526958466,-0.24666273593902588,-0.04418087750673294,-0.042899154126644135,0.04304977506399155,-0.11914976686239243,-0.025259453803300858,0.02676338516175747,0.06915995478630066,0.036977287381887436,0.07328733056783676,-0.0472593791782856,-0.02502116933465004,Walk-To-Chair
240,0.9981043338775635,0.9956691861152649,0.9959413409233093,0.9960168600082397,0.99530428647995,0.995033323764801,0.995256245136261,0.9943951368331909,0.9889377951622009,0.9971560835838318,0.995516836643219,0.9990390539169312,0.9990867972373962,0.8788338303565979,0.6829054355621338,0.6658965945243835,0.49356091022491455,0.5626246333122253,0.4251590073108673,0.5620896220207214,0.4302402436733246,0.5247121453285217,0.4116772413253784,0.9960149526596069,0.9972522258758545,0.8215662837028503,0.8414541482925415,0.8192073702812195,0.8708291053771973,0.7043491005897522,0.7355525493621826,0.7655880451202393,0.791083812713623,0.7699300646781921,0.7726597189903259,0.7749463319778442,0.7775058746337891,0.7685279846191406,0.7672145962715149,0.7660497426986694,0.7866928577423096,0.772919774055481,0.7763718366622925,0.7708412408828735,0.8346474766731262,0.7692897319793701,0.8458259701728821,0.7735913991928101,0.8464659452438354,0.7734441161155701,0.851881206035614,0.7730381488800049,0.8452492952346802,0.773119330406189,0.8373881578445435,0.7740970253944397,0.8383742570877075,0.7974222302436829,0.8183997869491577,0.7842930555343628,0.8161720037460327,0.7902623414993286,0.8149794340133667,0.7976640462875366,0.8136047124862671,0.7627329230308533,0.3393925130367279,0.32605159282684326,0.3247155547142029,0.32336902618408203,0.3288384675979614,0.32947343587875366,0.33022817969322205,0.32408639788627625,0.3327762186527252,0.34721440076828003,0.35081788897514343,0.38597580790519714,0.40752974152565,0.4805942475795746,0.49628037214279175,0.565677285194397,0.5659012198448181,0.5931609272956848,0.5891954898834229,0.5949912667274475,0.5791926980018616,0.5664858222007751,0.5695351362228394,0.5516215562820435,0.557236909866333,0.6778985261917114,0.6818181872367859,0.7406764626502991,0.81674724817276,0.7468165755271912,0.8343153595924377,0.7771123647689819,0.8458080291748047,-0.2359660118818283,-0.2367130070924759,-0.2367272824048996,-0.23676332831382751,-0.225155308842659,-0.22517433762550354,-0.22532348334789276,-0.20592959225177765,-0.11692579835653305,-0.216228649020195,-0.1953059285879135,-0.17801697552204132,-0.026660198345780373,-0.18097278475761414,0.020316198468208313,-0.22975294291973114,-0.04946930706501007,-0.2514858841896057,-0.05818790942430496,-0.2665092945098877,-0.08772973716259003,-0.23541536927223206,-0.06263940036296844,-0.04178592562675476,0.04193146899342537,-0.13162767887115479,0.005211705807596445,0.023728419095277786,0.05788533762097359,0.034972913563251495,0.05643008276820183,-0.0394834503531456,-0.03352529555559158,Walk-To-Chair
241,0.9982037544250488,0.9959089756011963,0.9961360692977905,0.9962168335914612,0.9956108927726746,0.9953304529190063,0.9955506324768066,0.9947807192802429,0.9896553754806519,0.997319221496582,0.9957759976387024,0.9990162253379822,0.9991483092308044,0.8748409152030945,0.6329753398895264,0.6529393792152405,0.4662977159023285,0.5523261427879333,0.40480974316596985,0.5515841245651245,0.409844309091568,0.5159165263175964,0.3933514356613159,0.9960950016975403,0.9974401593208313,0.8235654234886169,0.8402068614959717,0.7719773650169373,0.8665381669998169,0.6669729948043823,0.7350519299507141,0.7280021905899048,0.7851287126541138,0.7693950533866882,0.7724486589431763,0.7744813561439514,0.7768884897232056,0.76726233959198,0.7656771540641785,0.7641746401786804,0.7862151861190796,0.7716346383094788,0.775817334651947,0.7707663774490356,0.8282103538513184,0.7766132354736328,0.8374244570732117,0.7821499109268188,0.8377195596694946,0.7745702862739563,0.8480416536331177,0.773212730884552,0.839035153388977,0.7746389508247375,0.8356527090072632,0.7769688367843628,0.8362266421318054,0.8041726350784302,0.8270869255065918,0.788153886795044,0.8487073183059692,0.798606276512146,0.8528202772140503,0.8058160543441772,0.8532407879829407,0.767815351486206,0.33785519003868103,0.3245916962623596,0.32336854934692383,0.322132408618927,0.3271527588367462,0.32775381207466125,0.32844799757003784,0.32331523299217224,0.33137398958206177,0.3459232449531555,0.34967339038848877,0.3824256360530853,0.4049801528453827,0.4754592478275299,0.49823474884033203,0.5625610947608948,0.5610052943229675,0.5812116265296936,0.585412859916687,0.5872526168823242,0.5803662538528442,0.5661413669586182,0.5711294412612915,0.5450522899627686,0.5556087493896484,0.6565431952476501,0.6817895770072937,0.6713716387748718,0.8166513442993164,0.6678076386451721,0.8343989849090576,0.7002277374267578,0.8457638621330261,-0.15650199353694916,-0.1606297791004181,-0.16070456802845,-0.16076251864433289,-0.1432015597820282,-0.14317521452903748,-0.1432710438966751,-0.1367863118648529,-0.054684024304151535,-0.14413434267044067,-0.12070963531732559,-0.13449549674987793,0.0285477377474308,-0.13569065928459167,0.06178160384297371,-0.15167096257209778,-0.005624890793114901,-0.16493472456932068,-0.01025158166885376,-0.17612236738204956,-0.03768203780055046,-0.15533708035945892,-0.018679600208997726,-0.04798700660467148,0.04809598997235298,-0.14027217030525208,0.040496259927749634,0.011809940449893475,0.06475777924060822,0.024948744103312492,0.06369023025035858,-0.00941973365843296,-0.00671358173713088,Walk-To-Chair
242,0.9981498122215271,0.9958469271659851,0.9960243701934814,0.9961022138595581,0.9956644773483276,0.9953355193138123,0.9955804347991943,0.9948417544364929,0.9896974563598633,0.9971858263015747,0.9956247806549072,0.998868465423584,0.9991596341133118,0.8648470640182495,0.5844540596008301,0.6309850215911865,0.43598470091819763,0.536428689956665,0.3813108503818512,0.5355952382087708,0.38625380396842957,0.5005754232406616,0.3715249300003052,0.9960973262786865,0.9975394606590271,0.825994074344635,0.8346680402755737,0.7431365251541138,0.862765908241272,0.6439513564109802,0.7376083135604858,0.7095904350280762,0.7813459038734436,0.7672831416130066,0.7704019546508789,0.7727809548377991,0.7753890752792358,0.7648442983627319,0.7633717060089111,0.7618802189826965,0.7848432064056396,0.7675907611846924,0.7748373746871948,0.7690249681472778,0.8248942494392395,0.7751110196113586,0.8321703672409058,0.7832382917404175,0.8365193605422974,0.7798701524734497,0.8393052816390991,0.7774139642715454,0.8283449411392212,0.7786452174186707,0.8258522152900696,0.7807646989822388,0.8376282453536987,0.8036805391311646,0.8227051496505737,0.79075026512146,0.840051531791687,0.8047119379043579,0.8454758524894714,0.8146389722824097,0.8374274969100952,0.7719513177871704,0.3376856744289398,0.3246425688266754,0.3233729898929596,0.3220929205417633,0.3272939920425415,0.3278703987598419,0.32851365208625793,0.32322433590888977,0.3317672610282898,0.3456494212150574,0.34948816895484924,0.3784693777561188,0.4033157527446747,0.4691393971443176,0.4983604848384857,0.541408896446228,0.5715423822402954,0.5574531555175781,0.5950213670730591,0.561626136302948,0.5837453603744507,0.5503647923469543,0.5826320052146912,0.5459123849868774,0.5578842163085938,0.6437225937843323,0.6811293363571167,0.6961475014686584,0.8146328330039978,0.6984639763832092,0.8339799642562866,0.7339828014373779,0.8456809520721436,-0.13581423461437225,-0.14097550511360168,-0.14106391370296478,-0.1411195993423462,-0.12201379239559174,-0.12200485169887543,-0.12210649251937866,-0.12098312377929688,-0.03414641693234444,-0.12509645521640778,-0.10014282166957855,-0.1340292990207672,0.04608879238367081,-0.1366090029478073,0.06984326988458633,-0.17418217658996582,-0.0013408332597464323,-0.19180060923099518,-0.00899412576109171,-0.2017149180173874,-0.03298240527510643,-0.17762957513332367,-0.013429725542664528,-0.05678998678922653,0.056879229843616486,-0.16304409503936768,0.049570612609386444,-0.03037230297923088,0.06708510220050812,-0.01899796910583973,0.06838999688625336,-0.04757131263613701,0.007316469214856625,Walk-To-Chair
243,0.9981350898742676,0.9959206581115723,0.9961041212081909,0.9961644411087036,0.9957811236381531,0.9954164028167725,0.9956678152084351,0.9949105381965637,0.9899728894233704,0.9966357946395874,0.9945383667945862,0.9987417459487915,0.9988646507263184,0.8711147904396057,0.5319778919219971,0.6528210043907166,0.3995914161205292,0.5562219619750977,0.35156697034835815,0.5537735223770142,0.35601603984832764,0.5167855024337769,0.34283748269081116,0.9963060617446899,0.9976037740707397,0.8265652656555176,0.8226835131645203,0.7315986156463623,0.8470256328582764,0.6357243061065674,0.7244697213172913,0.711344838142395,0.7729616165161133,0.7651753425598145,0.7683324813842773,0.7709940671920776,0.7738665342330933,0.7626395225524902,0.7612895369529724,0.7599618434906006,0.7844679355621338,0.7666580080986023,0.7742398977279663,0.7683215737342834,0.826640248298645,0.780988335609436,0.8278793096542358,0.793115496635437,0.7831398844718933,0.7879595756530762,0.7712069749832153,0.7850525975227356,0.772942841053009,0.7831641435623169,0.7776249647140503,0.7862899303436279,0.8348749876022339,0.8016643524169922,0.8195534944534302,0.7910536527633667,0.8273289799690247,0.8048551678657532,0.8314300775527954,0.8150448799133301,0.8234931230545044,0.7724310159683228,0.3534933924674988,0.33693262934684753,0.33502721786499023,0.3333328068256378,0.34198084473609924,0.34341195225715637,0.3449384570121765,0.33262044191360474,0.3458939790725708,0.3606804609298706,0.3661212623119354,0.380253404378891,0.4146268665790558,0.4373207688331604,0.5134845972061157,0.3980017900466919,0.5784578919410706,0.3876355290412903,0.5983089804649353,0.37838003039360046,0.594947874546051,0.3833092451095581,0.5879373550415039,0.5543299913406372,0.560833215713501,0.6448269486427307,0.6790545582771301,0.7277554869651794,0.812134861946106,0.7363391518592834,0.8339108824729919,0.7609311938285828,0.8439615368843079,-0.047842152416706085,-0.049503352493047714,-0.049563102424144745,-0.04958171397447586,-0.03317403048276901,-0.03314405307173729,-0.033239979296922684,-0.031084200367331505,0.04357146471738815,-0.03915578871965408,-0.017774706706404686,-0.05385192111134529,0.08976229280233383,-0.14016157388687134,0.0979597344994545,-0.16176703572273254,0.03861814737319946,-0.17659546434879303,0.034925997257232666,-0.16431871056556702,0.015333903953433037,-0.15730148553848267,0.028782492503523827,-0.05114813521504402,0.051175035536289215,-0.15751007199287415,0.01308930478990078,-0.13560514152050018,-0.03043711557984352,-0.13546480238437653,-0.03722503408789635,-0.19596382975578308,-0.10093048959970474,Walk-To-Chair
244,0.9980528950691223,0.9959497451782227,0.9961653351783752,0.9962606430053711,0.9957650303840637,0.995284378528595,0.9955229163169861,0.9951387643814087,0.989577054977417,0.9963309168815613,0.9935442209243774,0.9987571835517883,0.9984914064407349,0.8729996085166931,0.48357829451560974,0.6527261734008789,0.3640258312225342,0.5589337944984436,0.32227057218551636,0.5556126236915588,0.3266530930995941,0.5172053575515747,0.3146902918815613,0.9963917136192322,0.9974910616874695,0.8205022215843201,0.8078938126564026,0.7285478115081787,0.8268123269081116,0.646513819694519,0.7106540203094482,0.7190530896186829,0.7574501633644104,0.762762188911438,0.7640823125839233,0.7661424279212952,0.7684056758880615,0.7603434920310974,0.7596856355667114,0.7590314149856567,0.7794575691223145,0.7664357423782349,0.7728838324546814,0.7682796716690063,0.8259797096252441,0.7855671644210815,0.8298318982124329,0.794925332069397,0.8029611706733704,0.7953160405158997,0.8007650375366211,0.7960513234138489,0.8095468282699585,0.7919105291366577,0.8092283010482788,0.7925585508346558,0.832940399646759,0.8051366806030273,0.8172604441642761,0.7982783317565918,0.8216401934623718,0.8057711720466614,0.8246878385543823,0.8151644468307495,0.8170621991157532,0.7777393460273743,0.3555397689342499,0.33946648240089417,0.3378855884075165,0.33646106719970703,0.34209901094436646,0.3423774540424347,0.3428536355495453,0.333121120929718,0.3426016569137573,0.3632247745990753,0.36597320437431335,0.3807755708694458,0.41055867075920105,0.4633422791957855,0.49302130937576294,0.5183285474777222,0.5216509699821472,0.5395151376724243,0.5332198739051819,0.5199426412582397,0.5280696153640747,0.519752562046051,0.5231464505195618,0.5554311871528625,0.5611849427223206,0.6428442001342773,0.6791344881057739,0.7377988696098328,0.8121644854545593,0.7463324666023254,0.8339335918426514,0.7677986025810242,0.8422678112983704,-0.04937175288796425,-0.05904051661491394,-0.059118401259183884,-0.059151388704776764,-0.03606982156634331,-0.036044951528310776,-0.03612109273672104,-0.06319591403007507,0.03906229883432388,-0.0478188619017601,-0.018121691420674324,-0.08982276916503906,0.10235215723514557,-0.1392821967601776,0.13248714804649353,-0.15230920910835266,0.07642491906881332,-0.17019522190093994,0.07152418792247772,-0.17084631323814392,0.05000738427042961,-0.15133324265480042,0.06512756645679474,-0.05447226017713547,0.05459314584732056,-0.16518834233283997,0.02326999604701996,-0.15709124505519867,-0.005388213321566582,-0.15862348675727844,-0.012212103232741356,-0.22477388381958008,-0.0767468810081482,Walk-To-Chair
245,0.9976745843887329,0.9954742789268494,0.9957287907600403,0.9958559274673462,0.9951562285423279,0.9944443702697754,0.9947134852409363,0.9948917627334595,0.9878026247024536,0.9958472847938538,0.9921037554740906,0.9987549185752869,0.9982895851135254,0.8774738907814026,0.4450080990791321,0.6622987985610962,0.33998987078666687,0.5693441033363342,0.30399465560913086,0.5657768845558167,0.30868807435035706,0.5244630575180054,0.2979951798915863,0.9959834218025208,0.9970982074737549,0.793006181716919,0.7694684863090515,0.6989268064498901,0.7963936924934387,0.6298993825912476,0.6913541555404663,0.6989546418190002,0.7326880693435669,0.7624056935310364,0.7636973857879639,0.765873372554779,0.768261194229126,0.7598975896835327,0.7593013048171997,0.7587193250656128,0.7794860601425171,0.7664533853530884,0.7727253437042236,0.768138587474823,0.8326791524887085,0.7856042981147766,0.8364737629890442,0.7958351373672485,0.8038278818130493,0.7933601140975952,0.8036990165710449,0.7924728989601135,0.806727409362793,0.7893451452255249,0.8072695732116699,0.7909296751022339,0.8457375764846802,0.8118840456008911,0.821679949760437,0.7990525960922241,0.8242155313491821,0.8060862421989441,0.8281221389770508,0.8170558214187622,0.8157473802566528,0.7756784558296204,0.35558977723121643,0.34017327427864075,0.33839598298072815,0.3365640640258789,0.34303268790245056,0.3433915674686432,0.3438722789287567,0.3326488137245178,0.34315764904022217,0.3629506826400757,0.36588054895401,0.3809354901313782,0.40973803400993347,0.4635395109653473,0.4927745759487152,0.5194941759109497,0.5313764810562134,0.5406666398048401,0.5465952157974243,0.5207104086875916,0.5419886112213135,0.5216055512428284,0.5356836915016174,0.5552594661712646,0.5625191330909729,0.6436265707015991,0.679176926612854,0.7530959844589233,0.81196528673172,0.7702449560165405,0.8339768052101135,0.7832348942756653,0.8406239151954651,-0.09618833661079407,-0.10356713831424713,-0.10365879535675049,-0.10371164977550507,-0.08146028220653534,-0.08145633339881897,-0.08154606074094772,-0.09397760033607483,0.00628744438290596,-0.08929885923862457,-0.06052715703845024,-0.10637795925140381,0.0817180946469307,-0.1454099416732788,0.11654002964496613,-0.17409361898899078,0.03539562225341797,-0.20322708785533905,0.02409193105995655,-0.19880017638206482,-0.0011831377632915974,-0.1693335622549057,0.021965201944112778,-0.057964541018009186,0.05815133452415466,-0.1456298977136612,0.001336585497483611,-0.08927862346172333,0.007929299026727676,-0.08740715682506561,0.004423544742166996,-0.16361315548419952,-0.07733367383480072,Walk-To-Chair
246,0.9977367520332336,0.9956879615783691,0.9959424138069153,0.9960693120956421,0.995303750038147,0.9945763349533081,0.994762659072876,0.9952868223190308,0.9876589179039001,0.9959615468978882,0.9919033050537109,0.9987846612930298,0.9977302551269531,0.8840047121047974,0.4172735810279846,0.6742668151855469,0.3357662260532379,0.5811818242073059,0.3052416145801544,0.5778366923332214,0.31035175919532776,0.535301923751831,0.2981356382369995,0.995943009853363,0.9971063137054443,0.7949089407920837,0.7741135358810425,0.691138505935669,0.7968533039093018,0.62587970495224,0.6974365711212158,0.6963024735450745,0.7352002859115601,0.7619162797927856,0.7625347375869751,0.7645842432975769,0.7667969465255737,0.759052574634552,0.758522093296051,0.7580355405807495,0.7771226167678833,0.765532910823822,0.7720662355422974,0.7679305672645569,0.8305164575576782,0.7852580547332764,0.8402789235115051,0.7913674712181091,0.839130699634552,0.7846328616142273,0.8392760157585144,0.7822695374488831,0.8373721241950989,0.7750545740127563,0.8357229232788086,0.7772994637489319,0.8416740298271179,0.8140369653701782,0.8226561546325684,0.8091713786125183,0.8239275217056274,0.8104012608528137,0.8272185325622559,0.8213033676147461,0.8140056729316711,0.7858520150184631,0.3600347936153412,0.3442036509513855,0.3424198031425476,0.34061288833618164,0.3468243181705475,0.3466826379299164,0.34677907824516296,0.3353945016860962,0.344799667596817,0.3671379089355469,0.3695754110813141,0.38083353638648987,0.407741516828537,0.4613204300403595,0.451081246137619,0.5255091190338135,0.40306252241134644,0.5482348203659058,0.3929488956928253,0.5448598861694336,0.3835299611091614,0.5401583313941956,0.38616514205932617,0.5550394058227539,0.5616504549980164,0.6545186638832092,0.6792087554931641,0.7392886281013489,0.8104028701782227,0.7520837187767029,0.8334330320358276,0.7681347131729126,0.839641273021698,-0.07910860329866409,-0.08741598576307297,-0.08750127255916595,-0.0875505730509758,-0.06518476456403732,-0.06518092751502991,-0.06525392830371857,-0.07838486135005951,0.021941998973488808,-0.07170860469341278,-0.042784158140420914,-0.09105904400348663,0.10392972081899643,-0.13303902745246887,0.08590593934059143,-0.15348003804683685,-0.07894234359264374,-0.16898342967033386,-0.10042853653430939,-0.1774311065673828,-0.11360950767993927,-0.1538214534521103,-0.09069672971963882,-0.05996779724955559,0.060110557824373245,-0.10260871797800064,0.023816876113414764,-0.03336700052022934,0.020486608147621155,-0.030648212879896164,0.015971418470144272,-0.08895570784807205,-0.05984874442219734,Walk-To-Chair
247,0.9977337121963501,0.9957419633865356,0.9960090517997742,0.996131181716919,0.9954121708869934,0.99468594789505,0.994848906993866,0.9955455660820007,0.9881041049957275,0.9960312247276306,0.9920337200164795,0.9988681077957153,0.9977844953536987,0.8916518092155457,0.3816237449645996,0.6887450218200684,0.30985942482948303,0.5974959135055542,0.2838338315486908,0.5934483408927917,0.288862407207489,0.5492578744888306,0.2781202793121338,0.9956053495407104,0.9966505169868469,0.7925633788108826,0.7447694540023804,0.6826368570327759,0.7715891599655151,0.6188133358955383,0.688359260559082,0.6897761821746826,0.7159519195556641,0.7596738934516907,0.7595945000648499,0.7613208293914795,0.7631911039352417,0.7571410536766052,0.7570036053657532,0.7568937540054321,0.7735699415206909,0.764973521232605,0.7699378728866577,0.7671073079109192,0.8291108012199402,0.7901197075843811,0.8434082269668579,0.8083551526069641,0.8421549797058105,0.8098158836364746,0.8412315249443054,0.8122717142105103,0.8362229466438293,0.8117157816886902,0.8345958590507507,0.8111186027526855,0.8459426760673523,0.8199489712715149,0.8273862600326538,0.8107881546020508,0.8250342607498169,0.8109580874443054,0.8307385444641113,0.8205389976501465,0.8076750636100769,0.7836897373199463,0.363555908203125,0.3475753664970398,0.3460600972175598,0.34450849890708923,0.34975168108940125,0.3495802879333496,0.34963804483413696,0.3389070928096771,0.34716910123825073,0.37051182985305786,0.37295088171958923,0.3805091679096222,0.4068855345249176,0.4616461992263794,0.47285765409469604,0.5397351980209351,0.5180086493492126,0.561006486415863,0.5324689149856567,0.5625854730606079,0.5396389365196228,0.555034875869751,0.5261561870574951,0.5569263696670532,0.565659761428833,0.66521817445755,0.6793535351753235,0.7562671899795532,0.8101398944854736,0.7724682688713074,0.8336729407310486,0.7905555963516235,0.8382796049118042,-0.09074818342924118,-0.10379672050476074,-0.10386411845684052,-0.10389598459005356,-0.07860099524259567,-0.07858005166053772,-0.07866028696298599,-0.10577622801065445,-0.001820950536057353,-0.09094088524580002,-0.058237504214048386,-0.15417392551898956,0.07914018630981445,-0.19659577310085297,0.11015568673610687,-0.19276805222034454,0.038858070969581604,-0.21496756374835968,0.034429799765348434,-0.2105351686477661,0.008641607128083706,-0.18909454345703125,0.025364046916365623,-0.07075618207454681,0.07091759890317917,-0.10831964015960693,0.04142608121037483,-0.061986614018678665,0.05347069352865219,-0.06132618337869644,0.05023665353655815,-0.12442459166049957,-0.011427709832787514,Walk-To-Chair
248,0.9979053139686584,0.9960795640945435,0.9963308572769165,0.9964519143104553,0.9957825541496277,0.9951052069664001,0.9952498078346252,0.9959232211112976,0.9890009164810181,0.996324896812439,0.9925838112831116,0.9989399909973145,0.9978052973747253,0.8955517411231995,0.3532109260559082,0.6993292570114136,0.29025349020957947,0.608185887336731,0.2681158781051636,0.6037530303001404,0.2731187641620636,0.5596938729286194,0.26303038001060486,0.9956619143486023,0.9967424273490906,0.8000234365463257,0.7560609579086304,0.680587649345398,0.7763006091117859,0.6160471439361572,0.6904201507568359,0.6911179423332214,0.7248160243034363,0.7590914368629456,0.7584444880485535,0.7605041861534119,0.7626183032989502,0.754597544670105,0.7539153099060059,0.7532955408096313,0.7723716497421265,0.7617844343185425,0.7696262001991272,0.7657982110977173,0.8289119601249695,0.7874428033828735,0.8496476411819458,0.801349937915802,0.8456473350524902,0.8038321733474731,0.8547226786613464,0.8053864240646362,0.8484413027763367,0.8046385049819946,0.8450568318367004,0.8044911623001099,0.8546390533447266,0.8222935795783997,0.8369163274765015,0.8108059763908386,0.8193656802177429,0.8095282316207886,0.8223938941955566,0.8173583149909973,0.7909641861915588,0.7804839015007019,0.3715686798095703,0.35478514432907104,0.35219600796699524,0.34964853525161743,0.3593560755252838,0.36003658175468445,0.3608245849609375,0.3433011770248413,0.35771745443344116,0.3756787180900574,0.3803166449069977,0.38135960698127747,0.41615721583366394,0.46654388308525085,0.4968548119068146,0.5683131814002991,0.5376423597335815,0.5715851187705994,0.5390918850898743,0.5731668472290039,0.5428013205528259,0.5636703968048096,0.5296928286552429,0.5564855933189392,0.565008282661438,0.6614934802055359,0.6793997287750244,0.7449284791946411,0.810305655002594,0.7589309215545654,0.834257185459137,0.7730433344841003,0.838344156742096,-0.09048783779144287,-0.09503725916147232,-0.09509934484958649,-0.09513938426971436,-0.07551071792840958,-0.07548869401216507,-0.0755641907453537,-0.07762782275676727,0.00990198738873005,-0.08149809390306473,-0.05581211298704147,-0.09379997104406357,0.08699346333742142,-0.11528906971216202,0.12434452772140503,-0.1274862140417099,0.061744384467601776,-0.14384201169013977,0.05701133608818054,-0.15039178729057312,0.034844186156988144,-0.12881597876548767,0.050588347017765045,-0.0669330358505249,0.06716382503509521,-0.11399300396442413,-0.008093761280179024,-0.0708320364356041,-0.04734351485967636,-0.0689152330160141,-0.05469753220677376,-0.1319957673549652,-0.1275048702955246,Walk-To-Chair
249,0.9979939460754395,0.9962401390075684,0.9964466691017151,0.9965923428535461,0.9960283041000366,0.9953881502151489,0.9955698847770691,0.9960266351699829,0.9897341132164001,0.9963923692703247,0.9927958846092224,0.9988211393356323,0.9977911710739136,0.883337140083313,0.32797014713287354,0.6835089921951294,0.2728157341480255,0.5921660661697388,0.2538342773914337,0.5857778191566467,0.2585654854774475,0.5416600108146667,0.2495395392179489,0.9954066276550293,0.9967741370201111,0.808104932308197,0.7676118016242981,0.665481686592102,0.78285813331604,0.5996221303939819,0.6926794052124023,0.6803719401359558,0.7352126240730286,0.7578515410423279,0.7564272284507751,0.758201003074646,0.7599805593490601,0.7532200217247009,0.7527374625205994,0.752326250076294,0.7696273922920227,0.7611421942710876,0.7681535482406616,0.7648733258247375,0.829218864440918,0.7863194346427917,0.8421937823295593,0.8027780652046204,0.8068231344223022,0.8028786778450012,0.8016444444656372,0.8030985593795776,0.7985464334487915,0.7997556924819946,0.801282525062561,0.8008201718330383,0.8605071902275085,0.824120819568634,0.844917893409729,0.8113120794296265,0.8183004260063171,0.8076338768005371,0.8184276819229126,0.8163160085678101,0.7908951640129089,0.7787773013114929,0.37361809611320496,0.3585650324821472,0.3561990559101105,0.3536040484905243,0.3623560070991516,0.362819641828537,0.36328133940696716,0.3470924198627472,0.359566867351532,0.37691253423690796,0.38117676973342896,0.3814181089401245,0.42280149459838867,0.44925495982170105,0.5078237652778625,0.4811471700668335,0.5509234666824341,0.4872228503227234,0.5629426836967468,0.482490211725235,0.5612980723381042,0.4801640510559082,0.5526529550552368,0.5533896088600159,0.5647181272506714,0.6697065234184265,0.6782103180885315,0.7397938370704651,0.8093792200088501,0.7497653365135193,0.8332165479660034,0.7677096128463745,0.8484849333763123,-0.04865526407957077,-0.05295636132359505,-0.05299345776438713,-0.053001511842012405,-0.03441930562257767,-0.03441270813345909,-0.0345054492354393,-0.042991507798433304,0.042788468301296234,-0.04263677820563316,-0.017849935218691826,-0.058119289577007294,0.09045861661434174,-0.12185277044773102,0.10587675869464874,-0.14981508255004883,0.04274901747703552,-0.1683550328016281,0.03431778773665428,-0.1697458028793335,0.014605927281081676,-0.15049389004707336,0.03230291232466698,-0.055371545255184174,0.05541824549436569,-0.1371728926897049,-0.028702322393655777,-0.07209689170122147,-0.042142968624830246,-0.06828414648771286,-0.046326883137226105,-0.1301877200603485,-0.11954043805599213,Walk-To-Chair
250,0.998132586479187,0.9965245723724365,0.9967182874679565,0.9968594312667847,0.996326744556427,0.9957479238510132,0.9959263801574707,0.9963347315788269,0.9905754923820496,0.9966586828231812,0.9932941198348999,0.9988964200019836,0.9978793263435364,0.8799067139625549,0.3064729571342468,0.6659825444221497,0.2549581825733185,0.57796710729599,0.23841886222362518,0.5709822773933411,0.24300259351730347,0.5262922644615173,0.23537850379943848,0.9955825805664062,0.9967696666717529,0.815114438533783,0.7593891024589539,0.6840702891349792,0.7810182571411133,0.6168408989906311,0.6907058954238892,0.6966675519943237,0.7408632040023804,0.7547930479049683,0.7532793283462524,0.7549399137496948,0.7566981315612793,0.750669002532959,0.7504957318305969,0.7503724098205566,0.7672626376152039,0.7603731155395508,0.7654033899307251,0.7624825239181519,0.8297209739685059,0.7869504690170288,0.8405195474624634,0.799847424030304,0.8112173080444336,0.8015797734260559,0.8090164065361023,0.801313579082489,0.8053568005561829,0.7971989512443542,0.806254506111145,0.7994044423103333,0.8651381731033325,0.8292616009712219,0.8479405641555786,0.8123605847358704,0.8262418508529663,0.807316780090332,0.8299956321716309,0.8146112561225891,0.7980226278305054,0.7758427858352661,0.3794744312763214,0.3651893436908722,0.36296766996383667,0.36055225133895874,0.3680189549922943,0.36804071068763733,0.3679998219013214,0.35233262181282043,0.3622456192970276,0.3819621205329895,0.3853559195995331,0.3846314549446106,0.424223393201828,0.4789971709251404,0.5058876872062683,0.5465594530105591,0.548754096031189,0.567418098449707,0.5617029666900635,0.5637956857681274,0.564824104309082,0.5560888051986694,0.5487151741981506,0.5516639351844788,0.5654675960540771,0.6733015775680542,0.6769364476203918,0.7862673997879028,0.8078444600105286,0.8048726320266724,0.8317658305168152,0.8275354504585266,0.843563973903656,-0.07936789840459824,-0.08476586639881134,-0.08482261002063751,-0.08485280722379684,-0.06593117117881775,-0.06592980027198792,-0.06602120399475098,-0.07178743183612823,0.01395258866250515,-0.06946422904729843,-0.04684365540742874,-0.1091003268957138,0.07643374800682068,-0.13888520002365112,0.1085774302482605,-0.15213213860988617,0.047515757381916046,-0.1707271784543991,0.03949039801955223,-0.17387725412845612,0.01795208267867565,-0.15256021916866302,0.03596418350934982,-0.05681489035487175,0.0568762831389904,-0.15660224854946136,-0.03977244347333908,-0.11051158607006073,-0.02306830883026123,-0.11020485311746597,-0.025102466344833374,-0.19148561358451843,-0.10012097656726837,Walk-To-Chair
251,0.9982177019119263,0.9967188835144043,0.9969127774238586,0.997048020362854,0.9965426921844482,0.996036171913147,0.9962280988693237,0.9965234994888306,0.9913264513015747,0.9968444108963013,0.9936871528625488,0.9989690184593201,0.9979873299598694,0.876128077507019,0.2850080132484436,0.6471434235572815,0.23944565653800964,0.5653901696205139,0.22542643547058105,0.5570228695869446,0.229861781001091,0.5118902325630188,0.2236681431531906,0.9958471655845642,0.9967861771583557,0.8298488855361938,0.7578377723693848,0.7117124199867249,0.7814692258834839,0.6432992219924927,0.6918948292732239,0.7208214998245239,0.7493081092834473,0.7523890137672424,0.7503955960273743,0.7517899870872498,0.7531710863113403,0.7487853765487671,0.7490365505218506,0.7493051886558533,0.7638381123542786,0.7595208883285522,0.7622653245925903,0.7606180906295776,0.8221254348754883,0.7881789207458496,0.8258994221687317,0.8015397191047668,0.8062597513198853,0.8036251068115234,0.8054753541946411,0.8045884966850281,0.801863968372345,0.8001242876052856,0.8021920323371887,0.801827073097229,0.8608942031860352,0.8316035270690918,0.841077983379364,0.8139605522155762,0.8228791356086731,0.8115643262863159,0.8284822702407837,0.8199524879455566,0.796025812625885,0.7863138914108276,0.3815721571445465,0.3675174117088318,0.36563560366630554,0.36337608098983765,0.3694522976875305,0.3691718876361847,0.36892983317375183,0.3559580445289612,0.3634815514087677,0.385002464056015,0.3872477412223816,0.3870784640312195,0.4216468632221222,0.48494037985801697,0.5090659856796265,0.5516283512115479,0.5617743134498596,0.5706043839454651,0.5776575803756714,0.5676296949386597,0.575199544429779,0.5605742335319519,0.566022515296936,0.5568925738334656,0.5652452111244202,0.679578959941864,0.6684157848358154,0.8020350933074951,0.7722486853599548,0.8282914757728577,0.7915145754814148,0.8346165418624878,0.8091166019439697,-0.05925065279006958,-0.07334712147712708,-0.07339652627706528,-0.07340448349714279,-0.04823390394449234,-0.048234112560749054,-0.04833279550075531,-0.08518979698419571,0.012832152657210827,-0.06634030491113663,-0.03395416960120201,-0.1344131976366043,0.07382422685623169,-0.15852375328540802,0.1076417788863182,-0.14277201890945435,0.05053798481822014,-0.15794849395751953,0.042733266949653625,-0.15899567306041718,0.02340049296617508,-0.1417352855205536,0.039739467203617096,-0.060702644288539886,0.060774218291044235,-0.09360778331756592,0.0196270439773798,-0.08966027200222015,0.05684899538755417,-0.08410122990608215,0.057999663054943085,-0.15718570351600647,0.01164194755256176,Walk-To-Chair
252,0.9977667927742004,0.9961758852005005,0.9964152574539185,0.9966703653335571,0.9960730671882629,0.995657205581665,0.9960861206054688,0.9958338141441345,0.9912457466125488,0.9963172078132629,0.9928655028343201,0.9990002512931824,0.9979611039161682,0.8687734603881836,0.262796014547348,0.6230101585388184,0.22274050116539001,0.5476961731910706,0.21081332862377167,0.5383589863777161,0.21516679227352142,0.4920472204685211,0.21008077263832092,0.9960380792617798,0.9966332912445068,0.840735137462616,0.7384114861488342,0.7339261174201965,0.7624961137771606,0.6632594466209412,0.6809567809104919,0.740443229675293,0.7462643384933472,0.7488577961921692,0.7466251850128174,0.7480104565620422,0.7494921684265137,0.7456414699554443,0.7463256120681763,0.7470942735671997,0.7613667249679565,0.7589734196662903,0.7601988315582275,0.7591534852981567,0.8220993280410767,0.7914425730705261,0.81877601146698,0.8058485984802246,0.8025838732719421,0.8044717907905579,0.802777111530304,0.8050324320793152,0.7990060448646545,0.7996200919151306,0.7989145517349243,0.8012281656265259,0.867350697517395,0.8405427932739258,0.8408757448196411,0.812640368938446,0.8176013231277466,0.8107722401618958,0.8270525932312012,0.8195972442626953,0.7930231094360352,0.785844087600708,0.3879634141921997,0.3740507662296295,0.3723926842212677,0.3706156313419342,0.37540706992149353,0.374921977519989,0.3744078576564789,0.36312034726142883,0.3675853908061981,0.3921290934085846,0.3937714397907257,0.39109548926353455,0.42546096444129944,0.4928136169910431,0.5113846659660339,0.5650162100791931,0.5607796311378479,0.5846841931343079,0.5758013129234314,0.5825802087783813,0.5723657011985779,0.5754193067550659,0.5648092031478882,0.5714922547340393,0.5763668417930603,0.6934106945991516,0.6682032942771912,0.8128851652145386,0.766214907169342,0.8381550312042236,0.784244179725647,0.8452932238578796,0.8026989102363586,-0.028507083654403687,-0.04541509598493576,-0.045481808483600616,-0.045488763600587845,-0.016640445217490196,-0.016677679494023323,-0.016821522265672684,-0.08591513335704803,0.04119732230901718,-0.04207593947649002,-0.004205585457384586,-0.13637331128120422,0.10251160711050034,-0.17295099794864655,0.1354084610939026,-0.1502065360546112,0.07463754713535309,-0.16717731952667236,0.06815772503614426,-0.16879186034202576,0.047237832099199295,-0.1497524380683899,0.06303376704454422,-0.06860325485467911,0.06869334727525711,-0.09874969720840454,0.04283379390835762,-0.09037571400403976,0.100843645632267,-0.09234346449375153,0.10397783666849136,-0.16939131915569305,0.0580427460372448,Walk-To-Chair
253,0.9968350529670715,0.9951152801513672,0.9953614473342896,0.9958098530769348,0.9953987002372742,0.9950159788131714,0.9957084655761719,0.9947488903999329,0.9909403920173645,0.9949414134025574,0.9911543726921082,0.9988555908203125,0.9976629614830017,0.8661799430847168,0.24102464318275452,0.6026612520217896,0.20520028471946716,0.5297447443008423,0.1952587515115738,0.5189992785453796,0.19931821525096893,0.47177526354789734,0.1950441151857376,0.9960686564445496,0.9964388608932495,0.8485319018363953,0.7291058301925659,0.7529474496841431,0.7595993280410767,0.6822404265403748,0.6834952235221863,0.7589876651763916,0.7518101930618286,0.7500003576278687,0.7479268908500671,0.7492194175720215,0.7505659461021423,0.7467029690742493,0.7471845149993896,0.7477614283561707,0.7616063356399536,0.7592388391494751,0.7607477307319641,0.7595134973526001,0.8168190121650696,0.7952197194099426,0.8095407485961914,0.812900722026825,0.7777019739151001,0.8083256483078003,0.7701846361160278,0.8079074025154114,0.7705811262130737,0.8028567433357239,0.7750098705291748,0.8040460348129272,0.8675628900527954,0.848824679851532,0.8368816375732422,0.8131451606750488,0.8160562515258789,0.8097677230834961,0.8263293504714966,0.8187668919563293,0.7753593325614929,0.7842327356338501,0.3921939432621002,0.37907686829566956,0.3775416612625122,0.37594902515411377,0.38016679883003235,0.3796379864215851,0.37901127338409424,0.36852699518203735,0.37144145369529724,0.39713147282600403,0.3986903131008148,0.39584168791770935,0.42886215448379517,0.4683726131916046,0.5134230256080627,0.46907922625541687,0.560524582862854,0.46965235471725464,0.5747624635696411,0.4623250365257263,0.5708137154579163,0.46258652210235596,0.5638301372528076,0.5818336009979248,0.5881128311157227,0.6996452808380127,0.6788555383682251,0.8188525438308716,0.798457145690918,0.8432462811470032,0.8187464475631714,0.8438237309455872,0.8318513631820679,-0.04662587493658066,-0.06315305829048157,-0.06321057677268982,-0.06321998685598373,-0.035120368003845215,-0.035137515515089035,-0.035243917256593704,-0.09852782636880875,0.02758563682436943,-0.05725700408220291,-0.020316535606980324,-0.15565401315689087,0.09976635873317719,-0.2099425345659256,0.14135101437568665,-0.15811315178871155,0.08504674583673477,-0.17306359112262726,0.08051861822605133,-0.17263801395893097,0.06064700335264206,-0.1513274610042572,0.07369992882013321,-0.0782853215932846,0.0783216655254364,-0.07798536866903305,0.06750674545764923,-0.04161055013537407,0.10299402475357056,-0.04160164296627045,0.1035684123635292,-0.10854603350162506,0.057322222739458084,Walk-To-Chair
254,0.9968652129173279,0.9952048063278198,0.9954259395599365,0.9959293603897095,0.9955236315727234,0.9951338171958923,0.9959031343460083,0.9947250485420227,0.9915454983711243,0.995071530342102,0.9913305640220642,0.9989256858825684,0.9976235032081604,0.8777133822441101,0.23326288163661957,0.6241183876991272,0.20112620294094086,0.5433279871940613,0.19144557416439056,0.5315577983856201,0.19647547602653503,0.48322048783302307,0.19280074536800385,0.9963964819908142,0.9966709017753601,0.8592123985290527,0.7337815165519714,0.7724224925041199,0.7615965008735657,0.7016311883926392,0.6909552812576294,0.7773229479789734,0.7624901533126831,0.7509245872497559,0.7488667368888855,0.7503471970558167,0.7518718242645264,0.7474428415298462,0.7479109764099121,0.7484227418899536,0.7627551555633545,0.7608240842819214,0.7631593942642212,0.7634101510047913,0.8187376260757446,0.7957857847213745,0.795371413230896,0.8103477358818054,0.7707813382148743,0.8061450123786926,0.7612277269363403,0.8054643869400024,0.7622241973876953,0.8011066317558289,0.7674953937530518,0.8023056983947754,0.8779345750808716,0.8478571176528931,0.8471229672431946,0.8119149208068848,0.8168565034866333,0.8059765100479126,0.8250006437301636,0.8126907348632812,0.7821082472801208,0.7734941244125366,0.40285104513168335,0.3879117965698242,0.38581350445747375,0.3831785023212433,0.3898702561855316,0.38940098881721497,0.3887280225753784,0.37486374378204346,0.38025179505348206,0.4069827198982239,0.4103633165359497,0.3961670696735382,0.4406941533088684,0.3819635510444641,0.5140845775604248,0.400389701128006,0.559580385684967,0.40399911999702454,0.5768527984619141,0.4033871591091156,0.5737084746360779,0.40379852056503296,0.5670946836471558,0.5762019753456116,0.5848454236984253,0.696153998374939,0.6774894595146179,0.8141769170761108,0.8026735782623291,0.8360758423805237,0.8261637091636658,0.8449903726577759,0.8355345129966736,-0.027273664250969887,-0.03940211981534958,-0.039428599178791046,-0.039394721388816833,-0.01437173318117857,-0.014394605532288551,-0.014498695731163025,-0.0641220360994339,0.051938749849796295,-0.03436313569545746,-0.0005988652119413018,-0.11098933219909668,0.10887850821018219,-0.22898122668266296,0.17029210925102234,-0.2266889065504074,0.12282587587833405,-0.24850186705589294,0.11825889348983765,-0.23285670578479767,0.09600421041250229,-0.2223009169101715,0.1113947406411171,-0.07265112549066544,0.07269014418125153,-0.09207843989133835,-0.017124541103839874,-0.09328259527683258,-0.013284215703606606,-0.0969143733382225,-0.015295982360839844,-0.17406846582889557,-0.07845361530780792,Walk-To-Chair
255,0.996938169002533,0.9953931570053101,0.9955869913101196,0.9961057305335999,0.9957108497619629,0.9953248500823975,0.9961106181144714,0.9948854446411133,0.9921206831932068,0.9952656030654907,0.9916688799858093,0.9989755153656006,0.9975587725639343,0.887448787689209,0.2188388705253601,0.6403205990791321,0.1897047758102417,0.5546277761459351,0.18182514607906342,0.5419167876243591,0.18697986006736755,0.4922374188899994,0.18395419418811798,0.9966993927955627,0.996881365776062,0.8693934082984924,0.7338302135467529,0.791259229183197,0.767172634601593,0.7225931882858276,0.7006255984306335,0.7958875894546509,0.7748330235481262,0.7523230910301208,0.7496086955070496,0.7511577606201172,0.75275057554245,0.7477627992630005,0.74803227186203,0.7490646243095398,0.7630363702774048,0.762665867805481,0.7662149667739868,0.7661827802658081,0.8199599981307983,0.7968982458114624,0.8047274351119995,0.8161640167236328,0.7616525888442993,0.8107932806015015,0.7490794062614441,0.8073034286499023,0.7507468461990356,0.8080511093139648,0.7568632364273071,0.8087803721427917,0.8803210258483887,0.8509689569473267,0.845474123954773,0.8105121850967407,0.8184213638305664,0.8059418797492981,0.8252431750297546,0.8126465678215027,0.7842665910720825,0.77265465259552,0.4068756103515625,0.39124080538749695,0.38929858803749084,0.38706058263778687,0.3925509750843048,0.3918289840221405,0.39163729548454285,0.37827983498573303,0.3828197121620178,0.4111272990703583,0.413078635931015,0.40035125613212585,0.440984845161438,0.4122576117515564,0.5138894319534302,0.4171137809753418,0.5512568354606628,0.4170433580875397,0.5629055500030518,0.41266122460365295,0.5648346543312073,0.41390082240104675,0.5608698129653931,0.5790340304374695,0.5862671136856079,0.6945092082023621,0.6773212552070618,0.8164063096046448,0.8057277202606201,0.8373048305511475,0.8289448022842407,0.8435696959495544,0.8350420594215393,-0.04395493119955063,-0.05658472329378128,-0.056624073535203934,-0.056619275361299515,-0.031738944351673126,-0.031757839024066925,-0.031843893229961395,-0.07538409531116486,0.034997694194316864,-0.05002162605524063,-0.016908930614590645,-0.12540116906166077,0.09784627705812454,-0.22668318450450897,0.16179725527763367,-0.1990261971950531,0.13011141121387482,-0.219725102186203,0.12745244801044464,-0.211957186460495,0.10674522072076797,-0.20021231472492218,0.11950688064098358,-0.07448722422122955,0.07452168315649033,-0.09592807292938232,-0.007997061125934124,-0.08710574358701706,0.00011180372530361637,-0.08880580961704254,-0.00334896519780159,-0.16117633879184723,-0.0543251633644104,Walk-To-Chair
256,0.9965267181396484,0.9949783682823181,0.9951138496398926,0.9957817792892456,0.9953528046607971,0.9948998689651489,0.9958600997924805,0.9943013787269592,0.9920285940170288,0.9948074817657471,0.990802526473999,0.9987555742263794,0.9969459176063538,0.8908910155296326,0.20541779696941376,0.6328595876693726,0.1774560958147049,0.5429790019989014,0.17119261622428894,0.5298933386802673,0.17620913684368134,0.48123621940612793,0.1738094687461853,0.9968159198760986,0.9968274831771851,0.8688847422599792,0.7107098698616028,0.7982829809188843,0.7474372982978821,0.7307552099227905,0.6877586841583252,0.8037806153297424,0.7640745043754578,0.7531633973121643,0.7498839497566223,0.7514566779136658,0.7531264424324036,0.7484774589538574,0.7490695714950562,0.7502149343490601,0.7660682797431946,0.7646444439888,0.7679571509361267,0.767338216304779,0.8241747617721558,0.7972413897514343,0.8226140737533569,0.8185313940048218,0.7749940156936646,0.8086038827896118,0.7629976272583008,0.8092473745346069,0.763757050037384,0.8063839077949524,0.7693995237350464,0.8074983358383179,0.8824867010116577,0.8548324704170227,0.8366228938102722,0.8083144426345825,0.8192836046218872,0.8079179525375366,0.8272951245307922,0.8155192136764526,0.7855038046836853,0.7742196917533875,0.4067319929599762,0.3926088213920593,0.3908599615097046,0.38890230655670166,0.39427122473716736,0.3939824104309082,0.3936617076396942,0.38214847445487976,0.38754671812057495,0.41355159878730774,0.4150595963001251,0.40699484944343567,0.44547969102859497,0.41766121983528137,0.5250829458236694,0.42459625005722046,0.5500559210777283,0.418763667345047,0.5676889419555664,0.4104922115802765,0.5650637745857239,0.4130955934524536,0.5605116486549377,0.5889837741851807,0.5983947515487671,0.7004621028900146,0.6887381672859192,0.8195633292198181,0.8095293045043945,0.8412193059921265,0.8321247100830078,0.8497484922409058,0.8368566036224365,-0.09840933233499527,-0.11140380054712296,-0.11145135015249252,-0.11149106919765472,-0.08669064939022064,-0.08672557771205902,-0.08682046085596085,-0.12959039211273193,-0.0175529383122921,-0.10281175374984741,-0.0701904445886612,-0.1652982532978058,0.05911120027303696,-0.2328726053237915,0.12501032650470734,-0.1920149326324463,0.10728712379932404,-0.211415097117424,0.09519032388925552,-0.19046208262443542,0.0709611102938652,-0.19574978947639465,0.09295427799224854,-0.07631941884756088,0.07635520398616791,-0.06064944341778755,0.06838277727365494,0.0014717301819473505,0.12228655815124512,0.005903870332986116,0.12566116452217102,-0.050903163850307465,0.08407269418239594,Walk-To-Chair
257,0.996330738067627,0.994796633720398,0.9948952794075012,0.9956921339035034,0.9951922297477722,0.9947312474250793,0.9958210587501526,0.9940688014030457,0.9919153451919556,0.9945448040962219,0.9902863502502441,0.9987944960594177,0.996799886226654,0.8940628170967102,0.18732529878616333,0.6335309147834778,0.1618882566690445,0.5441921353340149,0.1567203849554062,0.5302371382713318,0.16117574274539948,0.4789583683013916,0.15927910804748535,0.9969771504402161,0.9968774318695068,0.8763622045516968,0.6974425911903381,0.8107235431671143,0.7398057579994202,0.7397759556770325,0.6842637658119202,0.8153630495071411,0.7627755999565125,0.7533806562423706,0.7503954768180847,0.7519863843917847,0.7535945177078247,0.748706042766571,0.7491928339004517,0.7502697706222534,0.7658553123474121,0.7645591497421265,0.7671941518783569,0.7665639519691467,0.8186686635017395,0.7989360094070435,0.8167210817337036,0.8308405876159668,0.7806126475334167,0.8364560008049011,0.7705984115600586,0.8327239155769348,0.7713229656219482,0.8334334492683411,0.7755792737007141,0.8339143991470337,0.878875732421875,0.8547986745834351,0.8282068371772766,0.8078629374504089,0.8213217854499817,0.8117478489875793,0.8327777981758118,0.8213517069816589,0.7860478162765503,0.7749665975570679,0.4164525270462036,0.4029385447502136,0.4015584886074066,0.40003296732902527,0.4030979871749878,0.4020845592021942,0.4009893238544464,0.39064934849739075,0.3921052813529968,0.42148953676223755,0.42165353894233704,0.4132547378540039,0.44104626774787903,0.4885416030883789,0.5208767056465149,0.5290510654449463,0.5695798993110657,0.538295567035675,0.5890988707542419,0.5358353853225708,0.5881664156913757,0.5324484705924988,0.5840789079666138,0.585655927658081,0.592702329158783,0.7012035250663757,0.6868799924850464,0.8186337351799011,0.7986847162246704,0.8381906151771545,0.8290460109710693,0.8479737043380737,0.8361508846282959,-0.057980723679065704,-0.07564345747232437,-0.07567514479160309,-0.07568657398223877,-0.04779505357146263,-0.04780790954828262,-0.04789102077484131,-0.11645088344812393,-0.002682266989722848,-0.07384370267391205,-0.03682767599821091,-0.1629142165184021,0.07193957269191742,-0.22979430854320526,0.1246737614274025,-0.1426624357700348,0.0907503217458725,-0.15827134251594543,0.08614200353622437,-0.14667899906635284,0.06469004601240158,-0.13769003748893738,0.07911135256290436,-0.07717759907245636,0.07718844711780548,-0.06888942420482635,0.06932760775089264,-0.013622062280774117,0.12399432808160782,-0.010296585969626904,0.12750348448753357,-0.06267639249563217,0.0933622270822525,Walk-To-Chair
258,0.9966093897819519,0.9952185750007629,0.9952961206436157,0.9960437417030334,0.9955866932868958,0.9951610565185547,0.9961711764335632,0.9945448040962219,0.9925956726074219,0.9949736595153809,0.9910690188407898,0.9988813400268555,0.9969866871833801,0.9004033803939819,0.17511649429798126,0.6479382514953613,0.15121133625507355,0.5604912042617798,0.14729797840118408,0.5464295744895935,0.1514047086238861,0.4949268400669098,0.15020503103733063,0.9971891641616821,0.9970479011535645,0.8858236074447632,0.6908318996429443,0.8251039385795593,0.740738570690155,0.7567456364631653,0.689018726348877,0.8293651938438416,0.7678002119064331,0.753480076789856,0.7507460713386536,0.7522879838943481,0.7538154721260071,0.7489517331123352,0.7493710517883301,0.7503539323806763,0.7658434510231018,0.7644814252853394,0.7667667269706726,0.7664327621459961,0.8180724382400513,0.7982523441314697,0.810895562171936,0.8243178129196167,0.7789682149887085,0.8300074338912964,0.7719247341156006,0.8244220614433289,0.7714750170707703,0.8226836919784546,0.77546226978302,0.8244104385375977,0.8804928660392761,0.8570113182067871,0.8273245096206665,0.8062041997909546,0.8220933675765991,0.8091707229614258,0.8343132138252258,0.8176084756851196,0.7853007316589355,0.7687315940856934,0.4219379425048828,0.4094521701335907,0.40807607769966125,0.40657949447631836,0.4100402593612671,0.409300833940506,0.40844985842704773,0.39864581823349,0.40040072798728943,0.42649537324905396,0.4275851845741272,0.4197346866130829,0.44573983550071716,0.49348071217536926,0.5245864391326904,0.5153477191925049,0.5686031579971313,0.5077494382858276,0.5847528576850891,0.5010611414909363,0.581559419631958,0.5034999251365662,0.5760416388511658,0.5875027775764465,0.5942938923835754,0.7079676389694214,0.6867235898971558,0.8218168020248413,0.7987557649612427,0.8421252965927124,0.8287160992622375,0.8482831120491028,0.834272027015686,-0.028624629601836205,-0.04813825339078903,-0.04817024618387222,-0.04819663614034653,-0.01993105374276638,-0.01993589475750923,-0.01998254284262657,-0.09911496192216873,0.029372718185186386,-0.04419492930173874,-0.00688141817227006,-0.15400835871696472,0.10338310152292252,-0.1807963103055954,0.1566421389579773,-0.07990102469921112,0.13213500380516052,-0.08907652646303177,0.1338319480419159,-0.08246450126171112,0.11564397811889648,-0.07432916760444641,0.12263788282871246,-0.0785432830452919,0.07861825078725815,-0.07560965418815613,0.08703144639730453,-0.02958332560956478,0.12019757181406021,-0.027097810059785843,0.12094974517822266,-0.0741705596446991,0.0909319743514061,Walk-To-Chair
259,0.9967107772827148,0.9954121708869934,0.995463490486145,0.9962034225463867,0.9957814812660217,0.995366632938385,0.9963383078575134,0.9947336912155151,0.9930979609489441,0.9951952695846558,0.9915202260017395,0.9988651275634766,0.9971069097518921,0.9019052386283875,0.16647213697433472,0.6507910490036011,0.1432420164346695,0.565960168838501,0.14040818810462952,0.5512306094169617,0.14427438378334045,0.49851182103157043,0.1441483199596405,0.997340977191925,0.9972148537635803,0.8899778127670288,0.6911694407463074,0.8346022367477417,0.7422435283660889,0.7681719660758972,0.6947041153907776,0.838928759098053,0.7723680138587952,0.7552236318588257,0.7528725266456604,0.7545164227485657,0.7561670541763306,0.7505267262458801,0.7505885362625122,0.7510905861854553,0.7684003114700317,0.7645661234855652,0.7684194445610046,0.7668235898017883,0.8234515190124512,0.7976259589195251,0.8184646368026733,0.8183690309524536,0.7791299819946289,0.8188085556030273,0.7686116695404053,0.8144539594650269,0.7694250345230103,0.814520001411438,0.7741764783859253,0.8161779642105103,0.8856452703475952,0.8562308549880981,0.8289737701416016,0.8002985715866089,0.8247555494308472,0.8088582754135132,0.8377337455749512,0.8172448873519897,0.7863060235977173,0.7649325728416443,0.4279543459415436,0.4151497781276703,0.413838654756546,0.4124651253223419,0.4169671833515167,0.417147159576416,0.41726675629615784,0.4080512225627899,0.4125191867351532,0.4335334897041321,0.4362289607524872,0.42975181341171265,0.4567720293998718,0.5016312003135681,0.5343908071517944,0.49724674224853516,0.5728583931922913,0.4839079678058624,0.5866410732269287,0.4744420349597931,0.5824319124221802,0.47891291975975037,0.5768429040908813,0.5980366468429565,0.6024996638298035,0.7121573090553284,0.691448986530304,0.8237640261650085,0.806355893611908,0.8455110788345337,0.8305940628051758,0.8526800870895386,0.8378725051879883,-0.06341983377933502,-0.07998629659414291,-0.08001413196325302,-0.08005863428115845,-0.05343939736485481,-0.053480543196201324,-0.0535440519452095,-0.1136888638138771,0.0060013672336936,-0.07363893836736679,-0.03870673477649689,-0.1586609184741974,0.08585307747125626,-0.21236594021320343,0.1510816216468811,-0.1608586460351944,0.14416727423667908,-0.17132657766342163,0.1468881070613861,-0.16335926949977875,0.12968924641609192,-0.15608224272727966,0.1352279931306839,-0.07859402894973755,0.07870373874902725,-0.09188761562108994,0.041943907737731934,-0.04630422592163086,0.08202666789293289,-0.04329680651426315,0.08282452821731567,-0.08712142705917358,0.058496177196502686,Walk-To-Chair
260,0.9965763092041016,0.9953256249427795,0.9954028129577637,0.996199905872345,0.9955150485038757,0.9950318932533264,0.9960566759109497,0.9948305487632751,0.9930312037467957,0.9953144788742065,0.9916048645973206,0.9989414215087891,0.997094452381134,0.901642382144928,0.18453024327754974,0.6381879448890686,0.1487104743719101,0.554902970790863,0.14234469830989838,0.5412670373916626,0.14611917734146118,0.4888971447944641,0.14654232561588287,0.9972019791603088,0.9970697164535522,0.8836051225662231,0.6831308007240295,0.8342691659927368,0.7240616679191589,0.7711766362190247,0.689847469329834,0.8388193249702454,0.7605910897254944,0.7696496248245239,0.7665393948554993,0.7680395245552063,0.7696326375007629,0.7637491226196289,0.7632665038108826,0.7629312872886658,0.7797883749008179,0.7741369605064392,0.7797274589538574,0.7776168584823608,0.8301851153373718,0.8008505702018738,0.846634566783905,0.7852440476417542,0.8529990315437317,0.7779942154884338,0.8523561358451843,0.7801626324653625,0.8491255044937134,0.7794533371925354,0.8492639660835266,0.7792989611625671,0.8877407312393188,0.8589215278625488,0.8292933702468872,0.8005598783493042,0.8243454098701477,0.8097235560417175,0.8358397483825684,0.8181663751602173,0.7866483330726624,0.7691980600357056,0.45179814100265503,0.4374370872974396,0.4358990490436554,0.43426981568336487,0.4386272132396698,0.4380783140659332,0.4375309944152832,0.4271174967288971,0.43062683939933777,0.4549146294593811,0.4572502076625824,0.4379199147224426,0.46567413210868835,0.5236321091651917,0.5327688455581665,0.5818132162094116,0.5048201680183411,0.5970948338508606,0.5020026564598083,0.5990015268325806,0.4948219954967499,0.5949401259422302,0.49706780910491943,0.6009075045585632,0.6074525713920593,0.7118920683860779,0.6988114714622498,0.8231781125068665,0.8134354948997498,0.8440924882888794,0.8346875905990601,0.853935182094574,0.8433573842048645,-0.06109464168548584,-0.07601279020309448,-0.07604147493839264,-0.07608205080032349,-0.05196616053581238,-0.052015505731105804,-0.052097029983997345,-0.09426814317703247,0.009658681228756905,-0.06448099762201309,-0.03367861732840538,-0.11658339202404022,0.10142020136117935,-0.14456863701343536,0.18008802831172943,-0.14594125747680664,0.16599583625793457,-0.15857617557048798,0.16587087512016296,-0.1634002923965454,0.1561644822359085,-0.14732477068901062,0.1603708416223526,-0.07763378322124481,0.07767687737941742,-0.10205721855163574,0.0136257978156209,-0.05021581053733826,0.048252131789922714,-0.046719349920749664,0.04851718991994858,-0.09706385433673859,-0.004780021961778402,Walk-To-Chair
261,0.9967586994171143,0.9955118298530579,0.9955604076385498,0.9963591694831848,0.9957491755485535,0.9952970147132874,0.9962941408157349,0.9949958920478821,0.9935356974601746,0.9955931901931763,0.9921643137931824,0.9990346431732178,0.9973092675209045,0.9064216017723083,0.18043918907642365,0.6557623147964478,0.14491546154022217,0.5729645490646362,0.1376650482416153,0.55979323387146,0.1412547081708908,0.5051568150520325,0.1422862708568573,0.9971770644187927,0.9970592856407166,0.8842135071754456,0.6698392033576965,0.8402017951011658,0.7046460509300232,0.7808252573013306,0.6845489144325256,0.8455188274383545,0.7458817362785339,0.768272340297699,0.7646023035049438,0.7658310532569885,0.7672392725944519,0.7631069421768188,0.7632034420967102,0.7634163498878479,0.7777249217033386,0.7742971181869507,0.7786132097244263,0.7776094079017639,0.8266337513923645,0.8068574070930481,0.8413340449333191,0.8120089769363403,0.8375563621520996,0.8070579767227173,0.8440965414047241,0.806801438331604,0.8388856053352356,0.8039997816085815,0.833912193775177,0.8053244352340698,0.8895871043205261,0.8710536956787109,0.8294382095336914,0.8021035194396973,0.8227928876876831,0.8108207583427429,0.8356639742851257,0.8197367787361145,0.7810431718826294,0.7695170640945435,0.4570721983909607,0.44386357069015503,0.4421732723712921,0.4403332471847534,0.44431596994400024,0.4432601034641266,0.4422162175178528,0.430531769990921,0.43327459692955017,0.4592028558254242,0.4605882465839386,0.44524577260017395,0.46507734060287476,0.5396551489830017,0.5433438420295715,0.6127974390983582,0.6005889177322388,0.6414585709571838,0.6179845333099365,0.6418136358261108,0.6175848245620728,0.6262942552566528,0.6112812757492065,0.60524982213974,0.605743408203125,0.7108983993530273,0.6989720463752747,0.8248125314712524,0.8159686923027039,0.8437947630882263,0.8351303339004517,0.8536149263381958,0.8447677493095398,-0.020200803875923157,-0.03767203539609909,-0.037681542336940765,-0.03766600415110588,-0.010592811740934849,-0.010618714615702629,-0.010730491019785404,-0.08299646526575089,0.035903654992580414,-0.03483704477548599,0.00017506841686554253,-0.1404019296169281,0.11506004631519318,-0.15277564525604248,0.1647554337978363,-0.15494687855243683,0.16310526430606842,-0.1737741380929947,0.1392316371202469,-0.17256493866443634,0.12635836005210876,-0.15420322120189667,0.15511932969093323,-0.08212887495756149,0.08214603364467621,-0.09881963580846786,0.04036702960729599,-0.04580371826887131,0.08354977518320084,-0.04184091463685036,0.08476921170949936,-0.08169042319059372,0.0538456030189991,Walk-To-Chair
262,0.9968804121017456,0.9957253932952881,0.9957656264305115,0.9965482354164124,0.9960018396377563,0.9955748915672302,0.9965296983718872,0.9951953291893005,0.9940149188041687,0.9958738088607788,0.9926722049713135,0.9990543723106384,0.9974128603935242,0.9116004705429077,0.1822960376739502,0.6493100523948669,0.14232580363750458,0.5625190138816833,0.1349354237318039,0.5495985746383667,0.1389308124780655,0.49491679668426514,0.14033469557762146,0.9973611235618591,0.9971927404403687,0.886413037776947,0.682274341583252,0.8481733202934265,0.7097587585449219,0.7925317883491516,0.6963045001029968,0.8540379405021667,0.7554847598075867,0.7710798978805542,0.7692233324050903,0.771036684513092,0.7729678750038147,0.7666985392570496,0.7665630578994751,0.76652991771698,0.7835339307785034,0.7765425443649292,0.7814620733261108,0.7789109349250793,0.8300856351852417,0.8054907917976379,0.8375331163406372,0.8065347671508789,0.7913830280303955,0.8040409088134766,0.7825027108192444,0.8039423823356628,0.7798162698745728,0.8005896806716919,0.7837144732475281,0.8024194836616516,0.8909842371940613,0.864600658416748,0.8315443992614746,0.8010260462760925,0.8227604627609253,0.8064716458320618,0.8347757458686829,0.8191712498664856,0.7820210456848145,0.7692200541496277,0.46202364563941956,0.4490600526332855,0.44700920581817627,0.44494837522506714,0.45149773359298706,0.45145007967948914,0.45133456587791443,0.4388098120689392,0.4457836449146271,0.46471816301345825,0.4676419198513031,0.44705599546432495,0.49813032150268555,0.5265982151031494,0.5678045749664307,0.5624294281005859,0.6072619557380676,0.5782003402709961,0.6209967732429504,0.5759458541870117,0.6169060468673706,0.5694917440414429,0.6113297343254089,0.6128661036491394,0.6147783994674683,0.7107731103897095,0.6978597044944763,0.8246442675590515,0.8156375885009766,0.8434736132621765,0.8348614573478699,0.8516725301742554,0.8439966440200806,-0.05505058914422989,-0.05341529846191406,-0.05343397334218025,-0.05341613292694092,-0.039715930819511414,-0.03975052759051323,-0.039846230298280716,-0.06769728660583496,0.029427027329802513,-0.043224871158599854,-0.02507926896214485,-0.10390812158584595,0.10596434772014618,-0.1827937811613083,0.14867070317268372,-0.20918825268745422,0.09900606423616409,-0.23086822032928467,0.08381681144237518,-0.22281639277935028,0.06792543828487396,-0.2072567492723465,0.08966265618801117,-0.07020480930805206,0.07024206221103668,-0.14643175899982452,-0.05246959999203682,-0.16433995962142944,-0.0830502137541771,-0.16766716539859772,-0.08747835457324982,-0.23878267407417297,-0.1456330567598343,Walk-To-Chair
263,0.9970194101333618,0.9959316253662109,0.9959659576416016,0.99672931432724,0.9962306022644043,0.9958282709121704,0.9967383146286011,0.9954389333724976,0.9944562911987305,0.9961400628089905,0.9931265115737915,0.9991340637207031,0.997600257396698,0.9128980040550232,0.18421106040477753,0.653015673160553,0.1434466391801834,0.5684441924095154,0.1350686103105545,0.5548644065856934,0.13922515511512756,0.4994136095046997,0.1418478786945343,0.9974457621574402,0.9972508549690247,0.8898302912712097,0.6917590498924255,0.856867253780365,0.713314414024353,0.8057162761688232,0.7070494890213013,0.8628206253051758,0.7624296545982361,0.7781243324279785,0.7762721180915833,0.7775892019271851,0.7793545126914978,0.7737995386123657,0.7738273739814758,0.7739133834838867,0.7909932136535645,0.7852698564529419,0.7877343893051147,0.7861242890357971,0.8335015177726746,0.8095258474349976,0.8431313633918762,0.808280348777771,0.8354130983352661,0.8039740324020386,0.8380901217460632,0.8028208613395691,0.8263675570487976,0.8004788160324097,0.8262162208557129,0.802431583404541,0.8943090438842773,0.8693202137947083,0.8281003832817078,0.8013917207717896,0.8227331042289734,0.8068979978561401,0.8341193199157715,0.8208872675895691,0.7830653786659241,0.7699183821678162,0.4717208445072174,0.4584614038467407,0.4556581676006317,0.45403337478637695,0.4610508680343628,0.4611373543739319,0.4613078534603119,0.4491989016532898,0.456308513879776,0.4733172655105591,0.4770267605781555,0.45174601674079895,0.49726399779319763,0.5248814821243286,0.5624710321426392,0.5988900661468506,0.6240209341049194,0.6124334931373596,0.6438606977462769,0.6262978315353394,0.6438919305801392,0.6204819083213806,0.636825680732727,0.6165866255760193,0.6210070848464966,0.7095645070075989,0.6969360709190369,0.8251913189888,0.8173026442527771,0.8438411951065063,0.8351090550422668,0.8509055376052856,0.8442414999008179,-0.01796759106218815,-0.028312360867857933,-0.02834979258477688,-0.02833157405257225,-0.009014474228024483,-0.009065870195627213,-0.009178831242024899,-0.0469340942800045,0.044626764953136444,-0.020724302157759666,0.004872588906437159,-0.09714233130216599,0.11016096919775009,-0.18018695712089539,0.1482141762971878,-0.21187862753868103,0.09890206903219223,-0.2316710650920868,0.09023822098970413,-0.22778311371803284,0.07247571647167206,-0.2105591595172882,0.08862300217151642,-0.06935898214578629,0.06941204518079758,-0.12477067857980728,-0.02043953537940979,-0.12996307015419006,-0.03978327289223671,-0.13252629339694977,-0.04389677941799164,-0.19009655714035034,-0.08835911750793457,Walk-To-Chair
264,0.9966156482696533,0.9953835010528564,0.9951964020729065,0.9962195754051208,0.9959075450897217,0.9954050779342651,0.9965819716453552,0.9936748147010803,0.9940952062606812,0.9954102635383606,0.9925751686096191,0.9990552067756653,0.9976688623428345,0.9105499386787415,0.1909293681383133,0.6385241746902466,0.14680615067481995,0.5561262965202332,0.13787245750427246,0.5421674251556396,0.1422230452299118,0.4893639087677002,0.14576883614063263,0.9972975254058838,0.9972227215766907,0.8875765204429626,0.6801556944847107,0.8617728352546692,0.7096495032310486,0.8165796399116516,0.7111594676971436,0.8685861229896545,0.7628852128982544,0.7785300612449646,0.7768852710723877,0.7781656980514526,0.7800782918930054,0.7754755020141602,0.7758908867835999,0.7764233350753784,0.7910996675491333,0.7866553068161011,0.7879775166511536,0.7867728471755981,0.83342045545578,0.8107132911682129,0.825888454914093,0.7996256351470947,0.8124917149543762,0.7989662885665894,0.8142154812812805,0.7989358305931091,0.8110291361808777,0.7985849976539612,0.8128036260604858,0.7997592091560364,0.891760528087616,0.866153359413147,0.8174039125442505,0.8043304681777954,0.8187573552131653,0.8080898523330688,0.8313905000686646,0.8223003149032593,0.7835425138473511,0.777511477470398,0.46613356471061707,0.4531017541885376,0.4518192410469055,0.4504450559616089,0.45410850644111633,0.453853964805603,0.4538070559501648,0.44450733065605164,0.45117807388305664,0.46996206045150757,0.47154903411865234,0.45701026916503906,0.4896092414855957,0.5250667929649353,0.5529259443283081,0.5738978981971741,0.6032448410987854,0.5863341093063354,0.6239323019981384,0.5874059796333313,0.6313970685005188,0.5830579400062561,0.6183590292930603,0.6108888983726501,0.6178930401802063,0.7064487934112549,0.6958456039428711,0.8237594366073608,0.8170977234840393,0.84335857629776,0.8362497091293335,0.8502299785614014,0.8439330458641052,-0.003341425210237503,-0.01757597178220749,-0.01758403703570366,-0.017556805163621902,0.003858927171677351,0.003796573728322983,0.0036825034767389297,-0.04453345388174057,0.05196079611778259,-0.010513883084058762,0.017519492655992508,-0.0909457728266716,0.11105668544769287,-0.13370536267757416,0.14887340366840363,-0.10270551592111588,0.10688930749893188,-0.11212893575429916,0.0990445539355278,-0.11138755083084106,0.0875847190618515,-0.10089154541492462,0.09940590709447861,-0.06730864942073822,0.06734755635261536,-0.10082707554101944,-0.014192730188369751,-0.10347288846969604,-0.033700715750455856,-0.10382543504238129,-0.0372641384601593,-0.15413391590118408,-0.07762104272842407,Walk-To-Chair
265,0.9966791272163391,0.9955455660820007,0.9952967166900635,0.996317982673645,0.9961063265800476,0.9956058263778687,0.9967752695083618,0.9937257170677185,0.9944567084312439,0.9953752160072327,0.9928193092346191,0.9989418983459473,0.9977291226387024,0.9069347381591797,0.19720864295959473,0.6237732768058777,0.15390048921108246,0.5438523888587952,0.14502687752246857,0.5298538208007812,0.1494952142238617,0.4811111390590668,0.15342454612255096,0.997288703918457,0.99729323387146,0.8905423283576965,0.6693935990333557,0.8690762519836426,0.7089528441429138,0.8280705809593201,0.7159866094589233,0.8763088583946228,0.7637289762496948,0.7761341333389282,0.7739391326904297,0.7751802206039429,0.7769535183906555,0.7727004289627075,0.7729899883270264,0.7734384536743164,0.7884167432785034,0.7844065427780151,0.7855786085128784,0.784168004989624,0.832750141620636,0.8108811378479004,0.8116836547851562,0.8007329702377319,0.7870046496391296,0.7976353764533997,0.7816887497901917,0.7962943911552429,0.7830981016159058,0.795927882194519,0.7869596481323242,0.7970617413520813,0.8923884630203247,0.8690631985664368,0.8147920370101929,0.805045485496521,0.8181935548782349,0.8084865808486938,0.8311933279037476,0.8226284980773926,0.7830960154533386,0.7770339250564575,0.4717203378677368,0.45848262310028076,0.4568045735359192,0.45460739731788635,0.4599543809890747,0.4589122235774994,0.45824605226516724,0.4461577236652374,0.4513378143310547,0.4728412628173828,0.47493284940719604,0.4596264958381653,0.48584893345832825,0.5264555811882019,0.558369517326355,0.544966995716095,0.5943894982337952,0.5447920560836792,0.6178553104400635,0.5390262603759766,0.6168524026870728,0.5391820669174194,0.6131159663200378,0.6179341673851013,0.6180079579353333,0.7092239260673523,0.6983229517936707,0.8242200016975403,0.8171819448471069,0.8452003002166748,0.8363997936248779,0.8495360612869263,0.8435485363006592,-0.012454278767108917,-0.028689410537481308,-0.02869800105690956,-0.028694137930870056,-0.005308760795742273,-0.005347297526896,-0.005432834383100271,-0.05925506353378296,0.04343040660023689,-0.022255737334489822,0.008377430029213428,-0.10376229137182236,0.10724706947803497,-0.11121555417776108,0.15013226866722107,-0.0004984377883374691,0.12213195860385895,-0.0010748769855126739,0.11927872896194458,-0.001591935520991683,0.10986027866601944,0.002531214151531458,0.11616937071084976,-0.06893423199653625,0.06894360482692719,-0.08962620794773102,0.040818680077791214,-0.07084992527961731,0.049757447093725204,-0.06800185143947601,0.04926518350839615,-0.09327461570501328,0.02749248966574669,Walk-To-Chair
266,0.9969001412391663,0.9957937598228455,0.9955438375473022,0.9965088963508606,0.9963387846946716,0.9958764910697937,0.9969865679740906,0.9940021634101868,0.994857132434845,0.9957049489021301,0.993350088596344,0.9989914894104004,0.9978901147842407,0.9080256819725037,0.2090822011232376,0.6320867538452148,0.16278620064258575,0.5522527098655701,0.15124988555908203,0.5392503142356873,0.15572527050971985,0.49082261323928833,0.16018618643283844,0.9971098899841309,0.9972787499427795,0.8897531032562256,0.6584171056747437,0.8709682822227478,0.6965057849884033,0.8338085412979126,0.7122896313667297,0.8775473237037659,0.7505685687065125,0.7755032777786255,0.7735507488250732,0.7746204733848572,0.7759833335876465,0.7727296948432922,0.7731794118881226,0.7737659215927124,0.787251353263855,0.7844899296760559,0.784540057182312,0.7833361625671387,0.8326899409294128,0.8100520968437195,0.8422492742538452,0.801385760307312,0.8342188000679016,0.7961366772651672,0.8357450366020203,0.7935935258865356,0.8310866355895996,0.7923153638839722,0.8312287330627441,0.7944376468658447,0.8923135995864868,0.8680312037467957,0.8104355931282043,0.8035808801651001,0.8182995915412903,0.8109577894210815,0.8313126564025879,0.8243459463119507,0.7857300043106079,0.7794132232666016,0.4768811762332916,0.4644302427768707,0.4629708528518677,0.4614403545856476,0.4656292498111725,0.46496638655662537,0.46427154541015625,0.4541420340538025,0.45688217878341675,0.4802025258541107,0.48181626200675964,0.48352324962615967,0.49109718203544617,0.5657824277877808,0.5679404139518738,0.643784761428833,0.6178463697433472,0.6605402231216431,0.6331881880760193,0.6584435701370239,0.6308066844940186,0.652053713798523,0.6271600127220154,0.6254724264144897,0.6234307885169983,0.707790195941925,0.7003632187843323,0.8233867287635803,0.8167559504508972,0.8446813225746155,0.8362197279930115,0.8491798043251038,0.8436540365219116,-0.02145279571413994,-0.036692213267087936,-0.03669871389865875,-0.03669043257832527,-0.013413801789283752,-0.013453344814479351,-0.013547669164836407,-0.07020790129899979,0.02986903488636017,-0.029924845322966576,0.001093182247132063,-0.12334851175546646,0.08777063339948654,-0.14002150297164917,0.11297088861465454,-0.07024335116147995,0.07369646430015564,-0.06511077284812927,0.06980890035629272,-0.036405790597200394,0.05564199015498161,-0.0507395938038826,0.06564021110534668,-0.06918332725763321,0.06919685006141663,-0.08666469156742096,0.03636527806520462,-0.03884264826774597,0.061398230493068695,-0.03347434103488922,0.06243827939033508,-0.05390043184161186,0.0393163338303566,Walk-To-Chair
267,0.9971528053283691,0.9961187839508057,0.9958844184875488,0.9967812895774841,0.9966211318969727,0.9961899518966675,0.9972207546234131,0.9944642782211304,0.9952940940856934,0.9960811138153076,0.9939162731170654,0.9990549683570862,0.9980502128601074,0.912854015827179,0.22283686697483063,0.6539968848228455,0.175251767039299,0.5763382911682129,0.16116806864738464,0.5645862817764282,0.1658727526664734,0.5161784291267395,0.17115767300128937,0.997148871421814,0.9973853230476379,0.8925933837890625,0.6541104912757874,0.8779383301734924,0.6906452178955078,0.8441121578216553,0.7121366262435913,0.8837146759033203,0.7451872825622559,0.7803111672401428,0.779638409614563,0.7811611890792847,0.7827100157737732,0.7773729562759399,0.7773804068565369,0.7773805856704712,0.795870840549469,0.7885394096374512,0.7902620434761047,0.7874077558517456,0.8463586568832397,0.8118863105773926,0.8510936498641968,0.8001095056533813,0.827999472618103,0.7774818539619446,0.8224464654922485,0.7760246992111206,0.8188668489456177,0.7730491757392883,0.8197168111801147,0.7770563960075378,0.9007208943367004,0.8713358044624329,0.8094159960746765,0.7949212789535522,0.8222604990005493,0.8119726181030273,0.8358522653579712,0.8248870968818665,0.7874360084533691,0.7796347737312317,0.480531245470047,0.4665437340736389,0.46489217877388,0.4632359445095062,0.4683744013309479,0.4680323302745819,0.46766889095306396,0.45620331168174744,0.46139034628868103,0.4840644299983978,0.48627182841300964,0.48046424984931946,0.505508542060852,0.594761312007904,0.5815386176109314,0.6892880797386169,0.6285520792007446,0.7067137360572815,0.6503956913948059,0.703084409236908,0.6480756998062134,0.6901334524154663,0.6443968415260315,0.6362717151641846,0.6298424601554871,0.7092123627662659,0.699515163898468,0.8245280385017395,0.8173125386238098,0.8460168838500977,0.836173951625824,0.850609540939331,0.8441380858421326,-0.08040560781955719,-0.09505366533994675,-0.09502436220645905,-0.09501466900110245,-0.07204805314540863,-0.07210592925548553,-0.07220087945461273,-0.12220343202352524,-0.02119429036974907,-0.08772461861371994,-0.05815492197871208,-0.1724262535572052,0.05958979204297066,-0.18359702825546265,0.10799999535083771,-0.14794066548347473,0.08273433148860931,-0.1608312875032425,0.0815834254026413,-0.15829013288021088,0.06597323715686798,-0.14391055703163147,0.07420016825199127,-0.06970775127410889,0.06964834034442902,-0.08838702738285065,0.04104134812951088,-0.031583987176418304,0.08740545809268951,-0.023715419694781303,0.09101931750774384,-0.03712134435772896,0.07562994211912155,Walk-To-Chair
268,0.9969961643218994,0.9958815574645996,0.9955238103866577,0.9964772462844849,0.9965404868125916,0.9960842728614807,0.9972089529037476,0.9938520789146423,0.9953396916389465,0.9958582520484924,0.9937878251075745,0.9989258646965027,0.9981516003608704,0.910722553730011,0.23687590658664703,0.6524139642715454,0.2013438493013382,0.5750845670700073,0.18629609048366547,0.5630882382392883,0.19182385504245758,0.5170498490333557,0.19864660501480103,0.9970024824142456,0.9974366426467896,0.8961385488510132,0.6453176140785217,0.8836737871170044,0.6852882504463196,0.8523056507110596,0.7116037011146545,0.8888011574745178,0.7397342324256897,0.7873773574829102,0.7861656546592712,0.7876155972480774,0.7888374328613281,0.7846344709396362,0.784819483757019,0.7848997116088867,0.8005732297897339,0.7943228483200073,0.7967848777770996,0.7944453954696655,0.8472832441329956,0.8166060447692871,0.8338397741317749,0.8001341819763184,0.7978591322898865,0.776886522769928,0.789300799369812,0.773811399936676,0.7892101407051086,0.7731667757034302,0.7935158014297485,0.777396559715271,0.9023230671882629,0.8739951252937317,0.8125485181808472,0.7983890771865845,0.8251962661743164,0.8169390559196472,0.837605357170105,0.830370306968689,0.7902488708496094,0.7838044166564941,0.48049837350845337,0.4673418402671814,0.4656168222427368,0.4640521705150604,0.4687352776527405,0.46830275654792786,0.46791157126426697,0.4566557705402374,0.4623604714870453,0.48333224654197693,0.485227108001709,0.47574368119239807,0.503991425037384,0.5636666417121887,0.5731616616249084,0.6415777206420898,0.6293821930885315,0.6342352032661438,0.6469072699546814,0.6178610920906067,0.6461954116821289,0.617138683795929,0.6416119337081909,0.639797568321228,0.6338487267494202,0.7073361873626709,0.700186550617218,0.824048638343811,0.8169810771942139,0.8452775478363037,0.8355773091316223,0.8505519032478333,0.8440330028533936,-0.029125293716788292,-0.046225983649492264,-0.046216972172260284,-0.04618562012910843,-0.023626642301678658,-0.023692388087511063,-0.023793019354343414,-0.08745280653238297,0.012811154127120972,-0.04120057448744774,-0.0117107592523098,-0.14107532799243927,0.07093940675258636,-0.13239143788814545,0.1230490654706955,-0.04571559280157089,0.0940750390291214,-0.04838571324944496,0.09295990318059921,-0.047657787799835205,0.0748240202665329,-0.04240693151950836,0.08386337012052536,-0.06967947632074356,0.06960823386907578,-0.07942484319210052,0.058872293680906296,-0.026182448491454124,0.0984017476439476,-0.019629014655947685,0.10092015564441681,-0.03288192301988602,0.08690552413463593,Walk-To-Chair
269,0.9971892237663269,0.9961247444152832,0.9957858324050903,0.9966676235198975,0.9967448711395264,0.996315598487854,0.9973751902580261,0.9942100048065186,0.9956416487693787,0.9961310029029846,0.9942060708999634,0.9989221692085266,0.9982650279998779,0.9100862145423889,0.23903782665729523,0.6440901756286621,0.20324203372001648,0.5690435171127319,0.1895369589328766,0.55839604139328,0.19539183378219604,0.5144178867340088,0.20235702395439148,0.9968520998954773,0.997378408908844,0.8962669968605042,0.6372600197792053,0.8835509419441223,0.6785297393798828,0.8548979163169861,0.7078483700752258,0.888373076915741,0.7306801080703735,0.7942702174186707,0.7935937643051147,0.7953857183456421,0.7971944212913513,0.7906332612037659,0.790391206741333,0.79007887840271,0.8093105554580688,0.7996252179145813,0.8049062490463257,0.8006654977798462,0.852270781993866,0.8205562829971313,0.8359798192977905,0.8002322912216187,0.8029518127441406,0.7821288108825684,0.795978307723999,0.7779901623725891,0.7954541444778442,0.7763236165046692,0.7993113398551941,0.7823509573936462,0.9003995060920715,0.8744090795516968,0.8105599284172058,0.8065517544746399,0.8244354128837585,0.8163478970527649,0.8372368812561035,0.8300007581710815,0.7900723218917847,0.7829371690750122,0.48485198616981506,0.4702371060848236,0.4682091176509857,0.4662213623523712,0.4732225835323334,0.4732505679130554,0.47328364849090576,0.45990946888923645,0.4675770699977875,0.48776963353157043,0.4922406077384949,0.4846585988998413,0.5055751204490662,0.5888360738754272,0.5694066286087036,0.6523438096046448,0.6210498809814453,0.6693804264068604,0.6396133303642273,0.6625446081161499,0.636101484298706,0.656065046787262,0.6319055557250977,0.6427319049835205,0.6374309062957764,0.7047388553619385,0.7000071406364441,0.8237641453742981,0.815505862236023,0.8430563807487488,0.834370493888855,0.8493186235427856,0.8426586389541626,-0.031432490795850754,-0.04770093038678169,-0.04769923910498619,-0.047676585614681244,-0.02500343881547451,-0.02506634034216404,-0.02514497935771942,-0.07927394658327103,0.013814170844852924,-0.041106026619672775,-0.012387905269861221,-0.1242792010307312,0.07805359363555908,-0.12140814960002899,0.1256277859210968,-0.05676030367612839,0.09891495853662491,-0.06205647066235542,0.09860196709632874,-0.06346046179533005,0.08396352827548981,-0.054577719420194626,0.0910729318857193,-0.06657291948795319,0.06649313867092133,-0.07899591326713562,0.058172982186079025,-0.0320647656917572,0.07916820794343948,-0.025764841586351395,0.08054562658071518,-0.033101219683885574,0.06642500311136246,Walk-To-Chair
270,0.9974571466445923,0.9965000152587891,0.9961920380592346,0.9969881772994995,0.9970598816871643,0.996671199798584,0.9976297616958618,0.9947606921195984,0.9960663318634033,0.996491551399231,0.9947590231895447,0.9989596009254456,0.9983890056610107,0.9152641296386719,0.26886141300201416,0.6653826832771301,0.22949334979057312,0.5899737477302551,0.2116747498512268,0.5792220830917358,0.21751871705055237,0.5368701815605164,0.22555841505527496,0.9970577359199524,0.9975612163543701,0.899834930896759,0.6321296691894531,0.8861600756645203,0.6716775298118591,0.8604533076286316,0.7015482783317566,0.8907086849212646,0.7250534892082214,0.7967493534088135,0.7954564094543457,0.7967154383659363,0.7980332374572754,0.793367862701416,0.7931946516036987,0.7928277850151062,0.8090639114379883,0.8005378842353821,0.8054601550102234,0.8024442791938782,0.8556914329528809,0.8185631632804871,0.8445428013801575,0.798920750617981,0.807246208190918,0.7857488393783569,0.7961651086807251,0.7787353992462158,0.7981695532798767,0.7871215343475342,0.8027764558792114,0.7912939786911011,0.8936138153076172,0.8690351247787476,0.8087978363037109,0.7974792718887329,0.8181632161140442,0.8110227584838867,0.8323036432266235,0.8234068155288696,0.7899509072303772,0.7825299501419067,0.4808688163757324,0.46700868010520935,0.4654024541378021,0.463792622089386,0.4695982038974762,0.46969765424728394,0.46992027759552,0.4596633315086365,0.46800655126571655,0.48536139726638794,0.4890041649341583,0.48415014147758484,0.5149117708206177,0.5639944076538086,0.5844012498855591,0.5390194654464722,0.625144362449646,0.53726726770401,0.641579270362854,0.5301470756530762,0.6339060068130493,0.5325776934623718,0.6288480758666992,0.6363243460655212,0.6396229863166809,0.6961281299591064,0.6998929381370544,0.8234948515892029,0.8167136311531067,0.8428663611412048,0.8345993161201477,0.8629201650619507,0.8424865007400513,-0.022731119766831398,-0.03310542553663254,-0.033073026686906815,-0.03306444734334946,-0.013045285828411579,-0.01309091318398714,-0.013145697303116322,-0.04140122979879379,0.04568152874708176,-0.024525724351406097,0.0010462399804964662,-0.07122751325368881,0.09563308954238892,-0.11962155252695084,0.08872077614068985,-0.08157048374414444,-0.022037411108613014,-0.08967224508523941,-0.03612619638442993,-0.08671621978282928,-0.04286925494670868,-0.07867219299077988,-0.02854447439312935,-0.06137026473879814,0.06132171303033829,-0.08356413245201111,0.0015482790768146515,-0.08566460758447647,-0.021665552631020546,-0.08394976705312729,-0.024486107751727104,-0.11181658506393433,-0.05913012474775314,Walk-To-Chair
271,0.9976167678833008,0.9967186450958252,0.996405839920044,0.9971492290496826,0.9972615838050842,0.9968911409378052,0.9977977275848389,0.9948126673698425,0.996373176574707,0.9966123700141907,0.99505215883255,0.9988247156143188,0.9984422922134399,0.920343279838562,0.3030647039413452,0.6868692636489868,0.2649969756603241,0.6122145056724548,0.23983708024024963,0.6009376049041748,0.2461496889591217,0.5595548152923584,0.25491786003112793,0.9971747994422913,0.9976694583892822,0.903357744216919,0.63495272397995,0.8909906148910522,0.6664960384368896,0.8689059019088745,0.6987903118133545,0.8946653008460999,0.7177181243896484,0.8030664324760437,0.8016608357429504,0.8036757707595825,0.805019736289978,0.8002325892448425,0.8004586100578308,0.8005703091621399,0.8182829022407532,0.810714066028595,0.8125576972961426,0.810531735420227,0.8563305139541626,0.8235012292861938,0.8448381423950195,0.8055459260940552,0.8059728741645813,0.7866942882537842,0.7956171631813049,0.7821915149688721,0.7956727147102356,0.7868824005126953,0.8002080917358398,0.7910016775131226,0.8940775990486145,0.8715203404426575,0.8094417452812195,0.8006235957145691,0.8208389282226562,0.8141425848007202,0.8328936696052551,0.8278095126152039,0.7890884280204773,0.7854647636413574,0.48020586371421814,0.4675094485282898,0.4659505784511566,0.4648292660713196,0.4693370461463928,0.4694088101387024,0.4696046710014343,0.45962873101234436,0.4670223295688629,0.48441317677497864,0.48699215054512024,0.47972872853279114,0.5136220455169678,0.5200316309928894,0.578332781791687,0.5155323147773743,0.6247159838676453,0.5172724723815918,0.6413691639900208,0.5124471187591553,0.6361751556396484,0.5138595700263977,0.6307725310325623,0.6332231760025024,0.6380137205123901,0.6971762776374817,0.7116764783859253,0.8259828686714172,0.8221615552902222,0.8471829891204834,0.840049684047699,0.8605043888092041,0.8469234704971313,-0.010676300153136253,-0.021641870960593224,-0.02159912884235382,-0.021550141274929047,-0.0020554650109261274,-0.002108475659042597,-0.0022099590860307217,-0.035290855914354324,0.05202065780758858,-0.0135661531239748,0.011761617846786976,-0.07441448420286179,0.1038607507944107,-0.172284334897995,0.1262122541666031,-0.21551351249217987,0.07068665325641632,-0.23370501399040222,0.0630035549402237,-0.2247326374053955,0.051089465618133545,-0.21298480033874512,0.06379181891679764,-0.06279739737510681,0.06274759024381638,-0.08522135019302368,-0.0017464254051446915,-0.07530533522367477,-0.009675269946455956,-0.0725289136171341,-0.011413275264203548,-0.10145686566829681,-0.04710834473371506,Walk-To-Chair
272,0.9976769089698792,0.9967347383499146,0.9964348077774048,0.9971815347671509,0.9972434043884277,0.9968812465667725,0.9977970123291016,0.9948633909225464,0.9964299201965332,0.9967480897903442,0.9951934814453125,0.9988786578178406,0.9985347986221313,0.9216646552085876,0.3331523835659027,0.6977090239524841,0.29047271609306335,0.6231265068054199,0.25875040888786316,0.6125778555870056,0.2660912275314331,0.5711572766304016,0.27573156356811523,0.9970439672470093,0.9976757764816284,0.9006096720695496,0.6405060887336731,0.8885897994041443,0.6585192680358887,0.8688614964485168,0.6922711730003357,0.8922422528266907,0.7111719846725464,0.8089911341667175,0.8074352145195007,0.8089138865470886,0.8102280497550964,0.8056507110595703,0.8058618307113647,0.8061134219169617,0.8259011507034302,0.8192991018295288,0.8190738558769226,0.8166414499282837,0.8716777563095093,0.8279517292976379,0.8791502118110657,0.808320164680481,0.8722981214523315,0.7873094081878662,0.8718622326850891,0.7819666266441345,0.8671776652336121,0.7825873494148254,0.8660680055618286,0.7871354818344116,0.8946213722229004,0.8693825006484985,0.8168940544128418,0.794748067855835,0.8212226033210754,0.81385737657547,0.8328792452812195,0.8270511627197266,0.788819432258606,0.7846757769584656,0.4788946807384491,0.46612751483917236,0.464666485786438,0.46329036355018616,0.4676174521446228,0.4673581123352051,0.4672253727912903,0.45786088705062866,0.4635607600212097,0.4834633767604828,0.485740602016449,0.4883934259414673,0.5092872381210327,0.5632949471473694,0.5735207200050354,0.6233124136924744,0.6218262314796448,0.6435319185256958,0.6388134360313416,0.640146791934967,0.6360253095626831,0.6369457840919495,0.6307802200317383,0.6342061161994934,0.6364309787750244,0.7027101516723633,0.7082016468048096,0.8255017399787903,0.8216371536254883,0.8470805287361145,0.8397387862205505,0.858124852180481,0.8492144346237183,-0.04355207458138466,-0.05638834834098816,-0.056357286870479584,-0.05632665008306503,-0.03542613238096237,-0.035490453243255615,-0.03559650853276253,-0.07864155620336533,0.013744236901402473,-0.04928725212812424,-0.022378521040081978,-0.11370035260915756,0.07453705370426178,-0.16488012671470642,0.11895307153463364,-0.16794264316558838,0.07488597929477692,-0.18297681212425232,0.06713072210550308,-0.18512770533561707,0.05638008192181587,-0.16827133297920227,0.06787214428186417,-0.06343302130699158,0.06339913606643677,-0.09940768778324127,-0.01901216059923172,-0.0704200267791748,-0.008608357049524784,-0.06733794510364532,-0.008998958393931389,-0.09748534858226776,-0.04564129188656807,Walk-To-Chair
273,0.9975255131721497,0.9965614080429077,0.9961943030357361,0.9969514608383179,0.9971683621406555,0.9968295693397522,0.9978057146072388,0.9940968751907349,0.9964503645896912,0.9963221549987793,0.9949355125427246,0.9987258911132812,0.9985969066619873,0.9150195121765137,0.3507603406906128,0.6904116868972778,0.3209458589553833,0.6177822351455688,0.28544989228248596,0.6063992977142334,0.29284876585006714,0.5660263895988464,0.30256879329681396,0.9970163106918335,0.9977400302886963,0.9040412902832031,0.6352471113204956,0.8940448760986328,0.6545750498771667,0.874216616153717,0.6880151033401489,0.8964359164237976,0.7056282162666321,0.8191434741020203,0.8168918490409851,0.8186880350112915,0.8197649121284485,0.8165726661682129,0.8179653286933899,0.8186893463134766,0.8336359262466431,0.8301841616630554,0.8272353410720825,0.8260625004768372,0.8680999875068665,0.8498669862747192,0.8631116151809692,0.8218852877616882,0.8490281105041504,0.7938765287399292,0.8424454927444458,0.7850853204727173,0.8375527262687683,0.7835351228713989,0.8386956453323364,0.7893732786178589,0.8966207504272461,0.8816694021224976,0.8225563764572144,0.8106662034988403,0.8261443972587585,0.8210795521736145,0.8366378545761108,0.8325409889221191,0.7894682884216309,0.7872963547706604,0.4730141758918762,0.4611458480358124,0.4595891833305359,0.45851728320121765,0.46154066920280457,0.46066105365753174,0.46022742986679077,0.4549039304256439,0.45835018157958984,0.48197710514068604,0.485380619764328,0.48564326763153076,0.50697922706604,0.5588095784187317,0.5732533931732178,0.5933992266654968,0.6255714297294617,0.6001031994819641,0.6402521729469299,0.5992943048477173,0.6389525532722473,0.5991985201835632,0.6339616775512695,0.6335639357566833,0.6363238096237183,0.7041788101196289,0.711788535118103,0.8260433077812195,0.8236011862754822,0.8467847108840942,0.8410927057266235,0.8567026257514954,0.8519250154495239,-0.00121467059943825,-0.017147697508335114,-0.01711951568722725,-0.01704803854227066,0.00504320627078414,0.0049745310097932816,0.004853510297834873,-0.054897695779800415,0.04411565884947777,-0.013069331645965576,0.015868809074163437,-0.10770392417907715,0.10384770482778549,-0.14987441897392273,0.14452466368675232,-0.1296241581439972,0.11229735612869263,-0.13955587148666382,0.1127786859869957,-0.1376151591539383,0.09654375910758972,-0.12786856293678284,0.10404203087091446,-0.06722404807806015,0.0670778900384903,-0.09832296520471573,0.016976747661828995,-0.06872473657131195,0.03971749171614647,-0.06531654298305511,0.04061133787035942,-0.09339810907840729,0.013255925849080086,Walk-To-Chair
274,0.9977536201477051,0.9968833923339844,0.9965523481369019,0.9972398281097412,0.9974305629730225,0.9971228241920471,0.9980101585388184,0.9946580529212952,0.9967836141586304,0.9966698288917542,0.9954127669334412,0.998847484588623,0.9987189173698425,0.9136720299720764,0.3583034873008728,0.6977543234825134,0.33076030015945435,0.6286777257919312,0.29118794202804565,0.6175351142883301,0.2987438440322876,0.5767900347709656,0.30949026346206665,0.9972891211509705,0.9979318380355835,0.909940242767334,0.6406442523002625,0.9000791907310486,0.6532954573631287,0.8765235543251038,0.6835713386535645,0.9020748734474182,0.7091383337974548,0.8210610151290894,0.8193192481994629,0.8201907873153687,0.8210179209709167,0.8186507225036621,0.8193068504333496,0.8197572827339172,0.8398813009262085,0.8285357356071472,0.8287925720214844,0.827800452709198,0.8725903630256653,0.8474687337875366,0.8717678189277649,0.8238919377326965,0.870977520942688,0.8033790588378906,0.8739961385726929,0.8003250956535339,0.8681521415710449,0.7983711361885071,0.8663922548294067,0.8033486604690552,0.8963942527770996,0.8756338953971863,0.8247270584106445,0.8041740655899048,0.8266969919204712,0.8199641108512878,0.8363261222839355,0.8315315246582031,0.790715754032135,0.7868651151657104,0.4631177484989166,0.45133334398269653,0.450623482465744,0.4500937759876251,0.4515352249145508,0.4510085880756378,0.4506826400756836,0.44689247012138367,0.44990333914756775,0.47029009461402893,0.47160956263542175,0.4850426912307739,0.5049193501472473,0.5578653812408447,0.5717130899429321,0.6257539987564087,0.6251577138900757,0.6395522952079773,0.6397984027862549,0.6410478353500366,0.6373918652534485,0.6350299119949341,0.6323797702789307,0.6150952577590942,0.6277218461036682,0.6524223685264587,0.677205502986908,0.8021762371063232,0.803802490234375,0.8350047469139099,0.8310970067977905,0.8513385057449341,0.8477867841720581,0.012361681088805199,0.004656840115785599,0.004645551089197397,0.0046592894941568375,0.022966329008340836,0.022928576916456223,0.022814864292740822,-0.007632991764694452,0.07369767129421234,0.008501543663442135,0.03239784389734268,-0.05641167610883713,0.1266525834798813,-0.10217597335577011,0.1558782160282135,-0.13246604800224304,0.1141294464468956,-0.14809635281562805,0.11100097000598907,-0.15267890691757202,0.09373551607131958,-0.13404247164726257,0.10476835072040558,-0.06268246471881866,0.06260383874177933,-0.16337187588214874,-0.03824220970273018,-0.19444410502910614,-0.08630961179733276,-0.19681666791439056,-0.0924970805644989,-0.24347178637981415,-0.13548628985881805,Walk-To-Chair
275,0.9978398084640503,0.9970319867134094,0.9967391490936279,0.9973816275596619,0.9975243210792542,0.9972381591796875,0.9980848431587219,0.9949765205383301,0.9969393610954285,0.9968149065971375,0.9954931139945984,0.9989382028579712,0.9987345933914185,0.9187643527984619,0.3573077619075775,0.7201583981513977,0.33650195598602295,0.6546452641487122,0.29575544595718384,0.6438100934028625,0.30256834626197815,0.6027147769927979,0.3133849799633026,0.9974638819694519,0.997999906539917,0.914506196975708,0.6305645108222961,0.906337559223175,0.6380122900009155,0.8823102116584778,0.669242262840271,0.9056419134140015,0.691281259059906,0.8300247192382812,0.83281010389328,0.8340861201286316,0.8353735208511353,0.8324055671691895,0.8330806493759155,0.8334339261054993,0.8467767834663391,0.8441855311393738,0.8423536419868469,0.835279107093811,0.8686442375183105,0.8591698408126831,0.8588500022888184,0.8358521461486816,0.8164153099060059,0.8082889318466187,0.8117740750312805,0.8036216497421265,0.8093805313110352,0.8014991879463196,0.8112525939941406,0.805932343006134,0.890941321849823,0.8805674314498901,0.8211200833320618,0.8131186366081238,0.8264498710632324,0.8314083218574524,0.8369464874267578,0.8367009162902832,0.7906336784362793,0.7972538471221924,0.46340999007225037,0.45171019434928894,0.4509418308734894,0.45031750202178955,0.4519077241420746,0.45142146944999695,0.44640249013900757,0.44817790389060974,0.450065940618515,0.4672751724720001,0.4718843400478363,0.49107176065444946,0.5045087337493896,0.5588105916976929,0.5687142610549927,0.6166927814483643,0.6234809756278992,0.6322749257087708,0.6385050415992737,0.6317393779754639,0.6364633440971375,0.6271799206733704,0.6320619583129883,0.6272696256637573,0.6308026909828186,0.6551457047462463,0.6998941898345947,0.8061703443527222,0.8043337464332581,0.8359172940254211,0.833918571472168,0.8478294014930725,0.8428672552108765,-0.0014093931531533599,-0.013323759660124779,-0.013321427628397942,-0.01329164020717144,0.0069863805547356606,0.006945724133402109,0.0068503147922456264,-0.016696324571967125,0.06854284554719925,-0.008473490364849567,0.01772439479827881,-0.09986664354801178,0.11442774534225464,-0.12117332220077515,0.14798206090927124,-0.12982846796512604,0.10638231039047241,-0.1480085849761963,0.1041061282157898,-0.14392434060573578,0.08690840750932693,-0.12717953324317932,0.09746189415454865,-0.06926049292087555,0.06912317126989365,-0.10901375114917755,0.05790255591273308,-0.0701623260974884,0.09317699074745178,-0.06552441418170929,0.0962933599948883,-0.08520720154047012,0.08578787744045258,Walk-To-Chair
276,0.9980362057685852,0.9973005056381226,0.9970378279685974,0.9976193904876709,0.9977545738220215,0.9974974393844604,0.9982653856277466,0.9953977465629578,0.9972370862960815,0.9970600605010986,0.9958928227424622,0.9990310072898865,0.9988112449645996,0.9240607023239136,0.3482699692249298,0.7308796644210815,0.3242323100566864,0.6657401323318481,0.2852455973625183,0.6528246402740479,0.29166704416275024,0.6127032041549683,0.30164775252342224,0.997707724571228,0.998173177242279,0.9221550822257996,0.6440259218215942,0.9136096239089966,0.6379347443580627,0.8886327743530273,0.6694931983947754,0.9115415811538696,0.6995028257369995,0.836185097694397,0.8388530611991882,0.839478611946106,0.8398812413215637,0.8383828401565552,0.8387508392333984,0.8388984799385071,0.8540399670600891,0.851058840751648,0.8416839838027954,0.8404699563980103,0.8683501482009888,0.8616062998771667,0.8375986814498901,0.8458065986633301,0.8045835494995117,0.8329635858535767,0.7986334562301636,0.8327472805976868,0.8015404939651489,0.8334931135177612,0.8037846684455872,0.834331214427948,0.8882700204849243,0.8783951997756958,0.8195657730102539,0.8121234178543091,0.8231011629104614,0.8255594372749329,0.8340743184089661,0.8331642150878906,0.786024272441864,0.7941223978996277,0.4354972243309021,0.42674311995506287,0.42682138085365295,0.4271535575389862,0.4271968603134155,0.4275304079055786,0.4273948073387146,0.4297931492328644,0.43154603242874146,0.44213828444480896,0.44348907470703125,0.45889243483543396,0.49283504486083984,0.45516106486320496,0.5567514300346375,0.4428575336933136,0.6049113869667053,0.4358363747596741,0.6179839372634888,0.437155544757843,0.6144655346870422,0.44274523854255676,0.609406054019928,0.6010511517524719,0.6163596510887146,0.6722050905227661,0.6743237376213074,0.8105790615081787,0.7912600040435791,0.8365048766136169,0.8306105732917786,0.8475356698036194,0.8267742395401001,0.08692710101604462,0.0786263719201088,0.07866960763931274,0.07870788872241974,0.09635195136070251,0.09633345901966095,0.09623438119888306,0.05912478640675545,0.1388358175754547,0.07967156171798706,0.10295432806015015,-0.005151105113327503,0.17099252343177795,-0.082351915538311,0.21798034012317657,-0.097633957862854,0.20087794959545135,-0.11336235702037811,0.19958844780921936,-0.10942550748586655,0.18340440094470978,-0.09721875935792923,0.19343936443328857,-0.0663013756275177,0.06603588908910751,-0.11615012586116791,-0.00924732256680727,-0.17336353659629822,-0.04618879407644272,-0.17918893694877625,-0.052508868277072906,-0.22249683737754822,-0.09022551774978638,Walk-To-Chair
277,0.9981999397277832,0.9975223541259766,0.9972857236862183,0.9978168606758118,0.9979432821273804,0.9977084398269653,0.9984154105186462,0.9957529306411743,0.9974828362464905,0.9972348213195801,0.9961868524551392,0.9990987181663513,0.9988144636154175,0.9297944903373718,0.3327183723449707,0.7399863004684448,0.3000611364841461,0.6715115308761597,0.2647848129272461,0.6571821570396423,0.27039098739624023,0.6173056960105896,0.279744416475296,0.9979199171066284,0.9983146786689758,0.9243787527084351,0.6584542989730835,0.9154516458511353,0.6335734724998474,0.8869104981422424,0.6690278649330139,0.914493978023529,0.7035000324249268,0.8447769284248352,0.8488160967826843,0.849473774433136,0.8506620526313782,0.8490400314331055,0.8498875498771667,0.8505633473396301,0.8611070513725281,0.8599516153335571,0.8480716943740845,0.8471617698669434,0.8736306428909302,0.8685488700866699,0.8400450944900513,0.858517050743103,0.8079498410224915,0.8525252342224121,0.8030095100402832,0.8526006937026978,0.8063532114028931,0.8528603315353394,0.8090793490409851,0.853540301322937,0.8857083320617676,0.877241313457489,0.8251649141311646,0.8178254961967468,0.8228532671928406,0.8244380950927734,0.8328360319137573,0.8314123153686523,0.7866970896720886,0.7944284677505493,0.42813003063201904,0.417957603931427,0.4177132248878479,0.4174126386642456,0.41809406876564026,0.41805586218833923,0.4181007146835327,0.4195452034473419,0.4206192195415497,0.43505099415779114,0.4362407624721527,0.45103293657302856,0.4885163903236389,0.4399425685405731,0.5523598194122314,0.4330061972141266,0.5994360446929932,0.43321558833122253,0.6150779128074646,0.43418148159980774,0.610881507396698,0.43925389647483826,0.6080029010772705,0.5935431718826294,0.6102924346923828,0.6604701280593872,0.6812002062797546,0.7807617783546448,0.8091216683387756,0.7980931401252747,0.8309691548347473,0.8319766521453857,0.8355481028556824,0.08862389624118805,0.08253148943185806,0.08254946023225784,0.08260253816843033,0.098808653652668,0.09881235659122467,0.09871703386306763,0.0662490725517273,0.14052322506904602,0.08277234435081482,0.10457926988601685,0.0065304189920425415,0.16313600540161133,-0.0866042822599411,0.1833706647157669,-0.10570112615823746,0.14443309605121613,-0.12435294687747955,0.14164575934410095,-0.11551966518163681,0.12533147633075714,-0.0998525470495224,0.13633576035499573,-0.05323178693652153,0.053044259548187256,-0.15147684514522552,-0.0519893541932106,-0.23908746242523193,-0.14577285945415497,-0.2477937489748001,-0.1582680195569992,-0.30194583535194397,-0.21027007699012756,Walk-To-Chair
278,0.998064398765564,0.997351884841919,0.9970924854278564,0.9976620078086853,0.9978877902030945,0.9976534843444824,0.9983795881271362,0.9954409599304199,0.997563898563385,0.996906578540802,0.9960902333259583,0.9991562366485596,0.9987552165985107,0.9273132085800171,0.30775126814842224,0.7259073853492737,0.2795087993144989,0.6589539051055908,0.24928507208824158,0.6434758305549622,0.25413981080055237,0.6050028800964355,0.2628093361854553,0.9980940222740173,0.9983354210853577,0.9301692247390747,0.6470651030540466,0.9198005795478821,0.6080943942070007,0.8889051675796509,0.6465972661972046,0.9138578176498413,0.681801438331604,0.863523006439209,0.8640815019607544,0.863860011100769,0.8649653196334839,0.865545392036438,0.8662694096565247,0.8665575981140137,0.8749613761901855,0.871709942817688,0.8650283813476562,0.8643927574157715,0.8730341196060181,0.8799689412117004,0.8686777353286743,0.8795546293258667,0.8548194766044617,0.8725556135177612,0.8526836633682251,0.8723545074462891,0.8545026779174805,0.8701059222221375,0.8556444048881531,0.8703757524490356,0.8802872896194458,0.8778935670852661,0.8293983340263367,0.8255626559257507,0.8255729675292969,0.8304093480110168,0.8361420631408691,0.8395559191703796,0.7876273393630981,0.8043125867843628,0.4191672205924988,0.4107702076435089,0.4108995795249939,0.41081157326698303,0.41095784306526184,0.411320298910141,0.41166168451309204,0.41609320044517517,0.41609907150268555,0.42678534984588623,0.4281071424484253,0.4513266980648041,0.4723877012729645,0.48516950011253357,0.5360050797462463,0.4900887608528137,0.5697349905967712,0.49006518721580505,0.5829585194587708,0.4861082434654236,0.5780656337738037,0.48915162682533264,0.5738196969032288,0.5936964154243469,0.6015042066574097,0.6883078217506409,0.6733736395835876,0.7930039167404175,0.77745121717453,0.8222923874855042,0.7953559756278992,0.8378819823265076,0.807418704032898,0.08984565734863281,0.07973071932792664,0.0797029659152031,0.07970063388347626,0.09307724982500076,0.0930652990937233,0.09292814880609512,0.05448497086763382,0.1143619641661644,0.08245991915464401,0.09952583909034729,-0.005028503015637398,0.14720302820205688,-0.08674859255552292,0.15296891331672668,-0.147604838013649,0.09243257343769073,-0.1654415726661682,0.08794565498828888,-0.15473005175590515,0.07499317079782486,-0.14423991739749908,0.08591090142726898,-0.055346302688121796,0.055220670998096466,-0.11603935807943344,-0.027219658717513084,-0.1777496486902237,-0.058429162949323654,-0.18491682410240173,-0.06416552513837814,-0.2275753766298294,-0.1003212109208107,Walk-To-Chair
279,0.9981470704078674,0.9974826574325562,0.9972512125968933,0.9977817535400391,0.9979899525642395,0.9977841377258301,0.9984801411628723,0.9956769943237305,0.9977355599403381,0.9969967007637024,0.9962653517723083,0.9991719126701355,0.9988008141517639,0.9177867770195007,0.30383577942848206,0.686783492565155,0.26538771390914917,0.6273176670074463,0.23717324435710907,0.6127342581748962,0.24191169440746307,0.5764209628105164,0.24993091821670532,0.9982027411460876,0.9983861446380615,0.9335010051727295,0.6426017880439758,0.9252576231956482,0.6076167225837708,0.8937374949455261,0.6456202268600464,0.9185324907302856,0.6811524033546448,0.8635420799255371,0.8680073618888855,0.86982262134552,0.8714591860771179,0.866461455821991,0.8668963313102722,0.8671795129776001,0.8811715245246887,0.8760203123092651,0.8685446977615356,0.8667094111442566,0.8869892954826355,0.87428218126297,0.8656724691390991,0.8592141270637512,0.8488932847976685,0.8522259593009949,0.8462268114089966,0.8512880206108093,0.8477715253829956,0.851140022277832,0.8491997718811035,0.8521981239318848,0.882284939289093,0.8762527704238892,0.8275445103645325,0.8207496404647827,0.8244704008102417,0.8283478617668152,0.8361932039260864,0.8380404710769653,0.7881156206130981,0.8046011924743652,0.4294999837875366,0.41891494393348694,0.41821160912513733,0.4174330532550812,0.41962090134620667,0.41961801052093506,0.41919198632240295,0.4201454818248749,0.4214773178100586,0.43703874945640564,0.43845197558403015,0.4683409631252289,0.47886863350868225,0.5486399531364441,0.5387542247772217,0.5786674618721008,0.5845006108283997,0.587145984172821,0.5976473093032837,0.5807552933692932,0.5918510556221008,0.5791667103767395,0.5879982113838196,0.6087781190872192,0.6026639938354492,0.6882917881011963,0.6770902872085571,0.8085145354270935,0.7836430072784424,0.8283247351646423,0.7997043132781982,0.8419020771980286,0.8152300715446472,-0.004495897796005011,-0.015696130692958832,-0.015717390924692154,-0.015710391104221344,0.002511653583496809,0.002472362946718931,0.0023714283015578985,-0.03426641225814819,0.04518166929483414,-0.009007448330521584,0.014025727286934853,-0.08294101804494858,0.10419686883687973,-0.10096943378448486,0.11907625198364258,-0.09155865013599396,0.070307657122612,-0.1038757711648941,0.06335615366697311,-0.10632415115833282,0.052554093301296234,-0.09176763147115707,0.06400416046380997,-0.06229550763964653,0.0622544065117836,-0.11377181112766266,-0.012699740938842297,-0.12109756469726562,0.01099896989762783,-0.1209893673658371,0.011995966546237469,-0.1568259745836258,-0.010570945218205452,Walk-To-Chair
280,0.9982943534851074,0.9976582527160645,0.9974375367164612,0.997914731502533,0.9981401562690735,0.9979513883590698,0.9985995292663574,0.9959008097648621,0.9979279041290283,0.9971153140068054,0.99652498960495,0.9990788102149963,0.9988606572151184,0.9228635430335999,0.32547134160995483,0.7027232646942139,0.2928948700428009,0.638756275177002,0.257861852645874,0.6222350001335144,0.2617364227771759,0.587432324886322,0.2683819532394409,0.9983117580413818,0.9984830021858215,0.9324427247047424,0.643297016620636,0.9255908727645874,0.6185741424560547,0.8926082253456116,0.6517895460128784,0.9198242425918579,0.6870733499526978,0.8703747987747192,0.8745790719985962,0.8769524693489075,0.8783992528915405,0.87260502576828,0.8728734850883484,0.8729960322380066,0.8871835470199585,0.881249725818634,0.8769069910049438,0.873763918876648,0.8970038294792175,0.8753339052200317,0.9000248908996582,0.8521195650100708,0.881385326385498,0.8411911129951477,0.8762539029121399,0.8402248620986938,0.8780785799026489,0.8400538563728333,0.879411518573761,0.8419373631477356,0.882746696472168,0.8740438222885132,0.8283904194831848,0.8265253305435181,0.829451858997345,0.827498733997345,0.8379648923873901,0.835893988609314,0.8070585131645203,0.8011096119880676,0.4322394132614136,0.42066720128059387,0.4200841188430786,0.41954150795936584,0.421232670545578,0.42126405239105225,0.4211001992225647,0.42290228605270386,0.4234997034072876,0.44076070189476013,0.4420667290687561,0.4711031913757324,0.4846016764640808,0.5083126425743103,0.549873411655426,0.46122634410858154,0.605238676071167,0.44766077399253845,0.6070497035980225,0.4446076452732086,0.6019332408905029,0.4520426094532013,0.5983778238296509,0.6195586919784546,0.6177758574485779,0.6882426738739014,0.7057440876960754,0.782425582408905,0.8062334060668945,0.795157253742218,0.827219545841217,0.809917688369751,0.8296679258346558,-0.027227774262428284,-0.031943850219249725,-0.03195657953619957,-0.03193124383687973,-0.0185677669942379,-0.01860281080007553,-0.018713507801294327,-0.030533960089087486,0.029460370540618896,-0.024734685197472572,-0.007786859758198261,-0.06020791083574295,0.08227461576461792,-0.13024097681045532,0.0927651897072792,-0.16930904984474182,0.05306112766265869,-0.18159161508083344,0.05290842801332474,-0.1659356653690338,0.0412386879324913,-0.1640664041042328,0.04800032824277878,-0.05550358444452286,0.05538136512041092,-0.07930943369865417,0.013401491567492485,-0.05659187585115433,0.03658388555049896,-0.05473753809928894,0.03666112571954727,-0.08535213768482208,0.0023259168956428766,Walk-To-Chair
281,0.9984194040298462,0.9978311061859131,0.9976270198822021,0.9980658888816833,0.9982678890228271,0.9980893731117249,0.9986999034881592,0.996232807636261,0.9980860948562622,0.9973410367965698,0.9968001246452332,0.9991282224655151,0.9989509582519531,0.9236008524894714,0.3349035978317261,0.7134192585945129,0.3067150115966797,0.6512779593467712,0.26812049746513367,0.6358757615089417,0.27185627818107605,0.6004734635353088,0.2778155207633972,0.9983753561973572,0.9985874891281128,0.9305106401443481,0.6461660861968994,0.9256399273872375,0.6345072984695435,0.8945590257644653,0.6668400764465332,0.9201684594154358,0.6963131427764893,0.8753225207328796,0.8797726631164551,0.8815444111824036,0.8830602765083313,0.8778300285339355,0.8782976269721985,0.8788048028945923,0.8942845463752747,0.8899520039558411,0.881406307220459,0.8791629076004028,0.897785484790802,0.8882614374160767,0.8841020464897156,0.8519369959831238,0.8602204322814941,0.8348644971847534,0.8557080030441284,0.8277294039726257,0.8575848340988159,0.8269769549369812,0.8593416213989258,0.8303786516189575,0.8834097981452942,0.8806166648864746,0.8274775743484497,0.8311349749565125,0.8313112258911133,0.8271066546440125,0.8405866622924805,0.8376167416572571,0.8044222593307495,0.7994890213012695,0.4325937330722809,0.42044514417648315,0.41985493898391724,0.4192875623703003,0.420806348323822,0.42058470845222473,0.42028477787971497,0.4230278432369232,0.42354777455329895,0.44268742203712463,0.44404441118240356,0.48448237776756287,0.48768848180770874,0.5598991513252258,0.5540085434913635,0.6276277899742126,0.6082431674003601,0.6400014162063599,0.6110695600509644,0.6374865174293518,0.60709547996521,0.6331246495246887,0.6052542328834534,0.6335930228233337,0.6330897212028503,0.6804645657539368,0.7226487994194031,0.7708509564399719,0.8253871202468872,0.7835408449172974,0.8388479351997375,0.7975558638572693,0.843611478805542,-0.029244815930724144,-0.04360271617770195,-0.04360220581293106,-0.04359150677919388,-0.02212400920689106,-0.02215064875781536,-0.022244121879339218,-0.07773053646087646,0.01823008432984352,-0.038741596043109894,-0.011119136586785316,-0.12720441818237305,0.08800425380468369,-0.13697054982185364,0.11317749321460724,-0.11213874816894531,0.07474307715892792,-0.12397952377796173,0.07132966816425323,-0.121793732047081,0.058897603303194046,-0.10937422513961792,0.06790470331907272,-0.06252076476812363,0.06240128353238106,-0.05905400589108467,0.06636439263820648,0.01645120605826378,0.12646332383155823,0.023914480581879616,0.13103941082954407,0.010911369696259499,0.1077587828040123,Walk-To-Chair
282,0.998542308807373,0.997988224029541,0.997809886932373,0.998209536075592,0.9983786344528198,0.9982154369354248,0.9987866282463074,0.996538519859314,0.9982300996780396,0.9975464940071106,0.9970496296882629,0.999191403388977,0.9990280270576477,0.9256580471992493,0.35745757818222046,0.7281175851821899,0.3349389135837555,0.6704884767532349,0.2924911379814148,0.6564810872077942,0.29678893089294434,0.6209901571273804,0.3013790547847748,0.9984575510025024,0.99867182970047,0.9305049777030945,0.6401734948158264,0.9285585880279541,0.6376051306724548,0.8966245651245117,0.668925404548645,0.9233785271644592,0.7015070915222168,0.8806303143501282,0.88544762134552,0.8865739107131958,0.8884748220443726,0.8844531178474426,0.8849760293960571,0.8853839635848999,0.898666262626648,0.8927285075187683,0.8848724365234375,0.8828250765800476,0.9059253931045532,0.8808693885803223,0.8784826397895813,0.8494001626968384,0.8556444048881531,0.8310459852218628,0.8523722887039185,0.8262323141098022,0.8516178131103516,0.8261518478393555,0.8528828620910645,0.8296344876289368,0.8819459080696106,0.8720301389694214,0.8284858465194702,0.8265010118484497,0.8304301500320435,0.826788604259491,0.8405550718307495,0.8373352885246277,0.8015955090522766,0.8023160696029663,0.43277233839035034,0.4220358431339264,0.4216574430465698,0.4212026596069336,0.42192506790161133,0.4216446876525879,0.42123252153396606,0.4261702001094818,0.4250238537788391,0.4436621069908142,0.4440382421016693,0.49438807368278503,0.4921616017818451,0.5831355452537537,0.5555346608161926,0.6366788744926453,0.6102163195610046,0.6518408060073853,0.6122710704803467,0.6473538279533386,0.6079315543174744,0.6421359777450562,0.6055670976638794,0.6407389044761658,0.6373571157455444,0.7009119391441345,0.719260573387146,0.8125097155570984,0.8261946439743042,0.8296719193458557,0.8406085968017578,0.8353122472763062,0.8450019955635071,-0.039204731583595276,-0.04998454079031944,-0.05001527816057205,-0.05001765489578247,-0.030359085649251938,-0.030377749353647232,-0.03046582266688347,-0.07060188055038452,0.015839166939258575,-0.044510893523693085,-0.01941964589059353,-0.11743555963039398,0.08307207375764847,-0.13638301193714142,0.1156042218208313,-0.1288861334323883,0.07861874997615814,-0.14474110305309296,0.07559053599834442,-0.15107595920562744,0.06158965080976486,-0.13020630180835724,0.07132668793201447,-0.06375912576913834,0.06367767602205276,-0.07324837148189545,0.03776829317212105,-0.0210113488137722,0.08860313147306442,-0.016771217808127403,0.09220210462808609,-0.05338772386312485,0.060473211109638214,Walk-To-Chair
283,0.9983707070350647,0.9977167248725891,0.9975330829620361,0.9979032874107361,0.9980415105819702,0.997844934463501,0.9985113739967346,0.9961228370666504,0.9978185296058655,0.9963455200195312,0.9958914518356323,0.9990978837013245,0.9989677667617798,0.9139429330825806,0.3307662010192871,0.6914179921150208,0.319393128156662,0.6350032687187195,0.28377121686935425,0.620975911617279,0.28786301612854004,0.5888971090316772,0.291665256023407,0.9985570311546326,0.9987649917602539,0.9307679533958435,0.6376161575317383,0.9227672815322876,0.6576268076896667,0.8908531665802002,0.6864244937896729,0.9181085228919983,0.71214359998703,0.8845963478088379,0.8897700309753418,0.8902665376663208,0.8906671404838562,0.8905035257339478,0.8922758102416992,0.8932260274887085,0.8977906107902527,0.8996506929397583,0.886336624622345,0.8870204091072083,0.8966708183288574,0.9144996404647827,0.8685596585273743,0.8875300288200378,0.8467587232589722,0.8681329488754272,0.8452644348144531,0.8659416437149048,0.8456552624702454,0.8613397479057312,0.8469573259353638,0.8613077402114868,0.8786842226982117,0.8907390832901001,0.8312256932258606,0.8496832847595215,0.8531007766723633,0.8289281725883484,0.8643383979797363,0.8396958112716675,0.8361814618110657,0.8023250699043274,0.41740038990974426,0.4075157344341278,0.4073077142238617,0.40717607736587524,0.4080830216407776,0.40840184688568115,0.408732146024704,0.41196808218955994,0.4132198691368103,0.42496660351753235,0.4254712164402008,0.468144953250885,0.4728699028491974,0.5776403546333313,0.5344539284706116,0.5974405407905579,0.5372278690338135,0.6071334481239319,0.5375140905380249,0.6046930551528931,0.5314189791679382,0.6016867756843567,0.5311851501464844,0.5983337163925171,0.6077718138694763,0.6399829983711243,0.7123326063156128,0.7121292352676392,0.822266161441803,0.7191835641860962,0.8401903510093689,0.7401559948921204,0.8425759673118591,0.06515216082334518,0.04969150573015213,0.049695271998643875,0.04969703406095505,0.06557648628950119,0.06558056175708771,0.06548792123794556,0.0002887252194341272,0.0706029012799263,0.05034886673092842,0.07074594497680664,-0.06140395998954773,0.10589408874511719,-0.08487487584352493,0.12574324011802673,-0.07175694406032562,0.10291393101215363,-0.08046416193246841,0.10695572197437286,-0.07736648619174957,0.09115014225244522,-0.06995102018117905,0.09589995443820953,-0.06374907493591309,0.06367135047912598,-0.0795866921544075,0.07025554776191711,-0.05479572340846062,0.06484942883253098,-0.05230444669723511,0.06353555619716644,-0.06313997507095337,0.03887427598237991,Walk-To-Chair
284,0.9984135031700134,0.9977545142173767,0.9975884556770325,0.9979240894317627,0.998081624507904,0.9978973865509033,0.9985499978065491,0.9962416291236877,0.9978252053260803,0.9963036179542542,0.995868444442749,0.9990300536155701,0.9989833235740662,0.9067526459693909,0.3204209506511688,0.6772028207778931,0.3214884400367737,0.6235073208808899,0.2880045473575592,0.6081084609031677,0.2923857569694519,0.5740075707435608,0.29363152384757996,0.9986559152603149,0.9988487958908081,0.9362766146659851,0.6533121466636658,0.928489625453949,0.6808892488479614,0.8958924412727356,0.7050634622573853,0.9248974323272705,0.7315264940261841,0.8817856907844543,0.8882604837417603,0.8893248438835144,0.8907940983772278,0.888218104839325,0.889390766620636,0.8903450965881348,0.9001432657241821,0.8982192873954773,0.8845450282096863,0.8844531178474426,0.9065991640090942,0.8941985368728638,0.8846578598022461,0.8699225187301636,0.8718982934951782,0.8561545610427856,0.8709583282470703,0.8601943850517273,0.872455894947052,0.8609382510185242,0.8725810050964355,0.85760098695755,0.8794518709182739,0.8735717535018921,0.836685836315155,0.8381632566452026,0.8502079844474792,0.8297993540763855,0.8589318990707397,0.8395954966545105,0.82929527759552,0.8022366762161255,0.4171772301197052,0.4079880118370056,0.407769113779068,0.40756669640541077,0.4082137644290924,0.4082466661930084,0.40824073553085327,0.4112183749675751,0.4115651845932007,0.4249257743358612,0.42544063925743103,0.4692069888114929,0.47733527421951294,0.5406211614608765,0.5380293130874634,0.5412184000015259,0.5457035899162292,0.5448972582817078,0.5526670813560486,0.5415726900100708,0.5465933680534363,0.5407276153564453,0.5443958640098572,0.6057569980621338,0.6103746294975281,0.6561046838760376,0.7064064145088196,0.7365052103996277,0.8246893286705017,0.7455295324325562,0.8393768072128296,0.7678413391113281,0.8419583439826965,0.03383072465658188,0.02231253683567047,0.022319521754980087,0.022392887622117996,0.046032052487134933,0.046092160046100616,0.046021439135074615,-0.004588104784488678,0.06357219815254211,0.02616177126765251,0.05927126854658127,-0.06756659597158432,0.11642541736364365,-0.11497068405151367,0.13195310533046722,-0.15244992077350616,0.09449542313814163,-0.16555707156658173,0.10094324499368668,-0.16387951374053955,0.0829506367444992,-0.15164761245250702,0.08648262917995453,-0.06614909321069717,0.06608057022094727,-0.1930643618106842,0.0767437145113945,-0.20526619255542755,0.054120440036058426,-0.20602169632911682,0.05064176768064499,-0.23614981770515442,0.024271925911307335,Walk-To-Chair
285,0.9984676837921143,0.9978027939796448,0.9976572394371033,0.9979509115219116,0.9981147050857544,0.9979438185691833,0.998579204082489,0.9963771104812622,0.9979008436203003,0.9964272975921631,0.9960221648216248,0.999068558216095,0.9990472793579102,0.9104496836662292,0.31436192989349365,0.6917746663093567,0.32629072666168213,0.6391544342041016,0.2923164367675781,0.6239556670188904,0.29687315225601196,0.5871345400810242,0.29710644483566284,0.9987002611160278,0.9989059567451477,0.9353244304656982,0.648780345916748,0.9304660558700562,0.6909299492835999,0.8960090279579163,0.7162672281265259,0.9275654554367065,0.7394192218780518,0.886085033416748,0.8922579884529114,0.8935599327087402,0.8947893977165222,0.891305148601532,0.891931414604187,0.8924747705459595,0.9072238802909851,0.9010516405105591,0.8901556134223938,0.8882610201835632,0.9115669131278992,0.8886324763298035,0.8935055732727051,0.8627018928527832,0.8742852210998535,0.8496662378311157,0.8690614700317383,0.8562283515930176,0.8715084195137024,0.8547388911247253,0.872943103313446,0.8553738594055176,0.8780981302261353,0.8674553036689758,0.8359557390213013,0.8339797258377075,0.8443688154220581,0.8349758982658386,0.8539680242538452,0.8456176519393921,0.8207840919494629,0.8015090227127075,0.42225170135498047,0.4121544063091278,0.4118073284626007,0.4114322066307068,0.4124709665775299,0.41244763135910034,0.41226884722709656,0.4157172739505768,0.41383105516433716,0.42987072467803955,0.43074312806129456,0.47829926013946533,0.47977572679519653,0.5486673712730408,0.5463390350341797,0.5472170114517212,0.5669853091239929,0.5479100346565247,0.5774459838867188,0.5414716601371765,0.570538341999054,0.5424887537956238,0.5688474774360657,0.617226779460907,0.6157649755477905,0.6617738008499146,0.7111842632293701,0.7685111165046692,0.828195333480835,0.8068033456802368,0.8407264351844788,0.7940314412117004,0.8421247005462646,-0.02128751203417778,-0.032198019325733185,-0.032223351299762726,-0.03221140801906586,-0.011227425187826157,-0.011226275935769081,-0.011307204142212868,-0.04923226311802864,0.039803389459848404,-0.025035282596945763,0.002507039811462164,-0.09590277820825577,0.10463601350784302,-0.17509856820106506,0.12811291217803955,-0.22790861129760742,0.09161399304866791,-0.24718844890594482,0.09746202826499939,-0.23939713835716248,0.07825901359319687,-0.22540326416492462,0.08332056552171707,-0.06980443745851517,0.06971295177936554,-0.13800576329231262,0.054072726517915726,-0.09004314243793488,0.07488230615854263,-0.08765845000743866,0.07511445134878159,-0.14015080034732819,0.04037593677639961,Walk-To-Chair
286,0.9983866214752197,0.9977127909660339,0.9975805282592773,0.9978589415550232,0.9979989528656006,0.9978223443031311,0.9985260367393494,0.9964180588722229,0.9976509809494019,0.9960180521011353,0.9955956339836121,0.9990741014480591,0.9990140199661255,0.9061829447746277,0.3105854392051697,0.6894888877868652,0.34391772747039795,0.6409978270530701,0.3138431906700134,0.6253799796104431,0.31936442852020264,0.5869590044021606,0.3155464828014374,0.9987951517105103,0.9989773631095886,0.9405897259712219,0.6561766266822815,0.9359189867973328,0.7114086747169495,0.9021894931793213,0.7323733568191528,0.9338507056236267,0.7568969130516052,0.8872734308242798,0.894384503364563,0.8956744074821472,0.896632969379425,0.8925647735595703,0.8927668333053589,0.8928216099739075,0.9064518809318542,0.9002506136894226,0.8914732933044434,0.8880874514579773,0.9076382517814636,0.8856168985366821,0.8898916244506836,0.8623239398002625,0.8708000183105469,0.8550716638565063,0.8678900599479675,0.8564637303352356,0.8681403994560242,0.8579743504524231,0.8691740036010742,0.8577947616577148,0.8740148544311523,0.8564664125442505,0.8388071060180664,0.8328483700752258,0.8487408757209778,0.8392902612686157,0.85699862241745,0.843948245048523,0.8280723690986633,0.8058663606643677,0.41817134618759155,0.40942955017089844,0.409365177154541,0.4090660512447357,0.40901270508766174,0.4089178144931793,0.4086399972438812,0.41251981258392334,0.41082170605659485,0.4269826114177704,0.42634814977645874,0.4754885733127594,0.473525732755661,0.5340591073036194,0.5237340331077576,0.5494157671928406,0.5316802263259888,0.5539805889129639,0.5394478440284729,0.5492556691169739,0.529291570186615,0.5488435626029968,0.526540994644165,0.6090871691703796,0.609058678150177,0.6585870385169983,0.7104418873786926,0.7489758729934692,0.8136111497879028,0.7592713832855225,0.8404229879379272,0.7864197492599487,0.8388768434524536,0.028855402022600174,0.02093072049319744,0.020909449085593224,0.020906422287225723,0.039211779832839966,0.03920140117406845,0.03914058580994606,0.010451061651110649,0.0919608399271965,0.02695906162261963,0.050615690648555756,-0.032210636883974075,0.14226575195789337,-0.07794279605150223,0.12903399765491486,-0.1133766770362854,0.04823438450694084,-0.13091179728507996,0.039664093405008316,-0.12947949767112732,0.029997175559401512,-0.11253403127193451,0.04199153929948807,-0.06896354258060455,0.06898083537817001,-0.2010107785463333,0.048213981091976166,-0.1958659142255783,0.038056064397096634,-0.19492477178573608,0.03315276652574539,-0.23556046187877655,-0.003804872976616025,Walk-To-Chair
287,0.9983647465705872,0.9978285431861877,0.9977144002914429,0.9979667067527771,0.9980425834655762,0.9978734850883484,0.9985532760620117,0.9966597557067871,0.9976879954338074,0.9962552189826965,0.9957255721092224,0.9990487098693848,0.9988247752189636,0.8972716927528381,0.2973863482475281,0.6682787537574768,0.33598288893699646,0.627648651599884,0.31175854802131653,0.6127221584320068,0.31593769788742065,0.5728044509887695,0.30969497561454773,0.9989007711410522,0.9989956617355347,0.9453995823860168,0.6456812024116516,0.9419758915901184,0.7118602991104126,0.9107074737548828,0.7365453839302063,0.9400750398635864,0.7671141028404236,0.8900257349014282,0.895642101764679,0.8973197937011719,0.8989440202713013,0.8933968544006348,0.8935960531234741,0.8939766883850098,0.909824013710022,0.9037127494812012,0.8950225710868835,0.8916865587234497,0.9120795130729675,0.890693187713623,0.8874664306640625,0.8611489534378052,0.871670126914978,0.858508288860321,0.8675986528396606,0.8589705228805542,0.8726531267166138,0.8606345057487488,0.8745123744010925,0.8613120913505554,0.8755773305892944,0.8609627485275269,0.8186895251274109,0.8267823457717896,0.8412507176399231,0.8534431457519531,0.8536888957023621,0.853388786315918,0.8043463826179504,0.8399751782417297,0.42023342847824097,0.40980303287506104,0.4096978008747101,0.4094586670398712,0.4096139073371887,0.4095643162727356,0.40940171480178833,0.4137517809867859,0.4130714237689972,0.42996156215667725,0.4298229217529297,0.4762331247329712,0.4754692614078522,0.5374526381492615,0.532556414604187,0.512626588344574,0.5180275440216064,0.5035674571990967,0.5125426054000854,0.4969424903392792,0.5026004314422607,0.501740574836731,0.5055801272392273,0.6304484009742737,0.6195322275161743,0.7075579762458801,0.6994837522506714,0.824369490146637,0.7558457851409912,0.8372985124588013,0.7476977705955505,0.8491172194480896,0.7829923629760742,-0.06968962401151657,-0.08627032488584518,-0.08627700805664062,-0.08629796653985977,-0.062135182321071625,-0.06218959018588066,-0.06224430352449417,-0.11301873624324799,-0.004224768839776516,-0.07582806795835495,-0.04453582316637039,-0.14175303280353546,0.07383947819471359,-0.16674348711967468,0.04279493913054466,-0.12456327676773071,-0.07483792304992676,-0.1348864585161209,-0.08809496462345123,-0.13082079589366913,-0.08733327686786652,-0.12195175886154175,-0.0786421149969101,-0.07704729586839676,0.07706645876169205,-0.16126412153244019,0.18576982617378235,-0.14455260336399078,0.2927461266517639,-0.14533814787864685,0.30357328057289124,-0.19317422807216644,0.30642712116241455,Walk-To-Chair
288,0.998494029045105,0.9979943633079529,0.9978882670402527,0.9981191158294678,0.9981964230537415,0.9980360269546509,0.9986643195152283,0.9969216585159302,0.9978436231613159,0.9965200424194336,0.9959898591041565,0.999117374420166,0.9989250302314758,0.8898287415504456,0.29036539793014526,0.6646100878715515,0.33486342430114746,0.6264761686325073,0.31157544255256653,0.6114875674247742,0.3156323730945587,0.5675290822982788,0.30845123529434204,0.9989975094795227,0.999083936214447,0.9476944208145142,0.6619474291801453,0.9417216777801514,0.7270085215568542,0.9084064364433289,0.7462718486785889,0.9423118233680725,0.7772184014320374,0.8891862630844116,0.8952957391738892,0.8967791795730591,0.8986462354660034,0.8938611149787903,0.8944546580314636,0.8950352668762207,0.9090480804443359,0.9053014516830444,0.8943697810173035,0.8923185467720032,0.9222944974899292,0.8908818364143372,0.8961354494094849,0.8684333562850952,0.8693698048591614,0.8527444005012512,0.8640516400337219,0.854736328125,0.8672736883163452,0.8522558212280273,0.8691620826721191,0.8610635995864868,0.8871265649795532,0.8611340522766113,0.8578771352767944,0.8331273794174194,0.850235641002655,0.8499997854232788,0.8570328950881958,0.8402214050292969,0.8209078907966614,0.8103423118591309,0.41793376207351685,0.40950140357017517,0.40938812494277954,0.40922531485557556,0.4094844162464142,0.4095229506492615,0.4093904197216034,0.4132794439792633,0.4128958284854889,0.42779141664505005,0.42777150869369507,0.4700663387775421,0.4759621024131775,0.5301045179367065,0.5362161993980408,0.5285397171974182,0.5796077251434326,0.5288283228874207,0.5918925404548645,0.5232728123664856,0.58765709400177,0.5242183208465576,0.5834173560142517,0.6074784398078918,0.6065282821655273,0.6402450799942017,0.6959230303764343,0.7274299263954163,0.7639755606651306,0.7375234365463257,0.816502571105957,0.7585641741752625,0.7977295517921448,0.024092618376016617,0.013164915144443512,0.013134484179317951,0.013141663745045662,0.0345146581530571,0.03452145680785179,0.034427814185619354,-0.010133372619748116,0.08740543574094772,0.017964284867048264,0.04610840231180191,-0.05337246507406235,0.13049821555614471,-0.11493796110153198,0.15365424752235413,-0.14863309264183044,0.110321544110775,-0.16476322710514069,0.10999633371829987,-0.1610865294933319,0.09318011999130249,-0.14699266850948334,0.10207842290401459,-0.06386084854602814,0.06375262886285782,-0.22043506801128387,0.06877674162387848,-0.18709269165992737,0.10183975845575333,-0.18322588503360748,0.10222750902175903,-0.22452978789806366,0.06134485453367233,Walk-To-Chair
289,0.9985256195068359,0.9980621337890625,0.9979817867279053,0.9981652498245239,0.9982227087020874,0.998074471950531,0.9986666440963745,0.9971411228179932,0.9979305863380432,0.996789276599884,0.9962296485900879,0.9990993142127991,0.9989659786224365,0.8850116729736328,0.30364155769348145,0.6424700021743774,0.34868553280830383,0.6082362532615662,0.32674139738082886,0.5961843729019165,0.32972392439842224,0.5511260032653809,0.32155683636665344,0.9990262985229492,0.9991284012794495,0.9485594630241394,0.6687344908714294,0.9440578818321228,0.7331501245498657,0.9084026217460632,0.7462692260742188,0.9434505701065063,0.7782209515571594,0.8968931436538696,0.9036420583724976,0.9081565141677856,0.9126604199409485,0.8961811065673828,0.8951853513717651,0.8944381475448608,0.9213500022888184,0.9006195068359375,0.905367374420166,0.8961156606674194,0.9439187049865723,0.8890395164489746,0.8927825689315796,0.849748969078064,0.8518803715705872,0.8470240831375122,0.8386048078536987,0.8468674421310425,0.8437042236328125,0.8501507043838501,0.8492358326911926,0.8554746508598328,0.8941406011581421,0.8626582026481628,0.8232023119926453,0.8075422048568726,0.8284316062927246,0.8118283152580261,0.8409334421157837,0.8183380365371704,0.7925974130630493,0.7801990509033203,0.42451417446136475,0.4098745584487915,0.4097103476524353,0.41031232476234436,0.4102765619754791,0.4103453755378723,0.4100784659385681,0.41532427072525024,0.413099467754364,0.43884164094924927,0.43770653009414673,0.4912978708744049,0.4810720682144165,0.5717029571533203,0.538446307182312,0.5608152747154236,0.5451279878616333,0.5619845986366272,0.5472809672355652,0.5490620732307434,0.5371005535125732,0.5496021509170532,0.5382607579231262,0.6499590277671814,0.6248563528060913,0.6701247096061707,0.6806275844573975,0.8017480969429016,0.7752934098243713,0.8266929984092712,0.8180868029594421,0.8248758316040039,0.8088409900665283,-0.18289238214492798,-0.18944309651851654,-0.18948644399642944,-0.1895553320646286,-0.16783109307289124,-0.16789886355400085,-0.16798171401023865,-0.17243602871894836,-0.07380778342485428,-0.17359787225723267,-0.1452587991952896,-0.19136838614940643,0.02153654769062996,-0.23047474026679993,-0.024086844176054,-0.23209455609321594,-0.20400115847587585,-0.2545616328716278,-0.23326793313026428,-0.2568204998970032,-0.23863491415977478,-0.23152868449687958,-0.2120899260044098,-0.0699872225522995,0.06996582448482513,-0.1931803822517395,-0.04511494189500809,-0.09097883105278015,0.07423720508813858,-0.08073895424604416,0.08566354215145111,-0.1475563496351242,0.024150056764483452,Walk-To-Chair
290,0.998612105846405,0.9981978535652161,0.9981327056884766,0.9982761740684509,0.9983377456665039,0.9982085824012756,0.9987494349479675,0.9973770976066589,0.9981012940406799,0.9970578551292419,0.9965296387672424,0.999096155166626,0.9990392923355103,0.8791760206222534,0.3256651759147644,0.6262215971946716,0.37737590074539185,0.5967429280281067,0.3564853370189667,0.5868355631828308,0.3590710461139679,0.5413466691970825,0.3493693172931671,0.9990772604942322,0.9991832971572876,0.9495358467102051,0.6727156043052673,0.945978581905365,0.7381136417388916,0.9092223048210144,0.7467942237854004,0.9443850517272949,0.7790505290031433,0.8987887501716614,0.9054967761039734,0.9097265005111694,0.9138412475585938,0.8974083065986633,0.895831286907196,0.8945412635803223,0.9224250912666321,0.8992283940315247,0.9066463708877563,0.8965845108032227,0.9453656077384949,0.8880742192268372,0.8968290090560913,0.8419626951217651,0.8672106862068176,0.8405606150627136,0.856575608253479,0.8378139734268188,0.8643032312393188,0.8475163578987122,0.8680279850959778,0.8527123332023621,0.8929829597473145,0.8604108095169067,0.8162745237350464,0.8037101626396179,0.8234402537345886,0.810278594493866,0.8364733457565308,0.8186472654342651,0.7868480086326599,0.7810124158859253,0.42693373560905457,0.4104716181755066,0.41080936789512634,0.4119976758956909,0.41065219044685364,0.410692423582077,0.4105975329875946,0.4183902442455292,0.4141523540019989,0.44213226437568665,0.44038864970207214,0.493021160364151,0.4818151295185089,0.5699283480644226,0.5377229452133179,0.5149919986724854,0.5422236919403076,0.5086233019828796,0.5458521246910095,0.49927300214767456,0.5283510684967041,0.5031263828277588,0.5363500714302063,0.6546252369880676,0.63227379322052,0.6770886778831482,0.6827858686447144,0.8143339157104492,0.7831869125366211,0.8380736112594604,0.8214499950408936,0.8365960717201233,0.8263781070709229,-0.13766184449195862,-0.14649267494678497,-0.14652960002422333,-0.14657597243785858,-0.12416990846395493,-0.12422754615545273,-0.12431647628545761,-0.13679036498069763,-0.035289596766233444,-0.13072964549064636,-0.10153545439243317,-0.15736867487430573,0.04760663956403732,-0.22014951705932617,-0.004071942530572414,-0.2456374168395996,-0.19404026865959167,-0.2696509063243866,-0.22539682686328888,-0.27023637294769287,-0.22935017943382263,-0.24538519978523254,-0.2017851620912552,-0.0729975625872612,0.07295636832714081,-0.18335579335689545,-0.02716754376888275,-0.08409386873245239,0.07648902386426926,-0.07505860179662704,0.08646348863840103,-0.1351584792137146,0.03319161385297775,Walk-To-Chair
291,0.9986445307731628,0.998269259929657,0.9982163906097412,0.9983170628547668,0.9983963966369629,0.9982812404632568,0.9987862706184387,0.9975398778915405,0.9982098937034607,0.9972493052482605,0.9967183470726013,0.9989186525344849,0.9990824460983276,0.8692589402198792,0.33571791648864746,0.6035465598106384,0.39330318570137024,0.5792176127433777,0.37493184208869934,0.5711682438850403,0.37675702571868896,0.5259137749671936,0.3651443421840668,0.9991030693054199,0.9992238879203796,0.9478411078453064,0.6662154197692871,0.9395490288734436,0.7322627305984497,0.9020613431930542,0.7365772724151611,0.9370664954185486,0.7687588930130005,0.8995019197463989,0.9067269563674927,0.9107933044433594,0.9148821830749512,0.8981911540031433,0.8963131904602051,0.8947421908378601,0.9229445457458496,0.8983939290046692,0.9066926836967468,0.8964897990226746,0.9446773529052734,0.8871756792068481,0.8984099626541138,0.8449201583862305,0.8661209344863892,0.8405982255935669,0.8564230799674988,0.8376663327217102,0.8627405166625977,0.8458117246627808,0.8661407232284546,0.8498097658157349,0.892331600189209,0.8604868054389954,0.8104873895645142,0.8038393259048462,0.8188471794128418,0.809170126914978,0.8321940302848816,0.8173938989639282,0.7841323614120483,0.7810159921646118,0.4280066192150116,0.41099464893341064,0.41166239976882935,0.41324204206466675,0.41074755787849426,0.4108628034591675,0.41075289249420166,0.4204169809818268,0.4143954813480377,0.4427487552165985,0.44085317850112915,0.49363720417022705,0.4819163978099823,0.5632292628288269,0.5389226675033569,0.5156651735305786,0.5399519205093384,0.5112078785896301,0.5429636836051941,0.5018822550773621,0.5316353440284729,0.5050658583641052,0.5333713293075562,0.6553440690040588,0.6349039673805237,0.682810366153717,0.6843957901000977,0.809284508228302,0.7888743877410889,0.82881098985672,0.8226090669631958,0.8335893750190735,0.8270608186721802,-0.13984382152557373,-0.14701874554157257,-0.14705970883369446,-0.14710775017738342,-0.1260947734117508,-0.1261550933122635,-0.12624168395996094,-0.13041281700134277,-0.03497522696852684,-0.13029053807258606,-0.10295996814966202,-0.15004226565361023,0.04856009781360626,-0.22214952111244202,-0.009432634338736534,-0.2616347670555115,-0.20070965588092804,-0.2857174575328827,-0.23102423548698425,-0.28334420919418335,-0.23369638621807098,-0.26040998101234436,-0.2077532261610031,-0.07252134382724762,0.07247532159090042,-0.1941508948802948,-0.030306750908493996,-0.06950314342975616,0.06884226948022842,-0.056798942387104034,0.07910595834255219,-0.09828980267047882,0.02900855243206024,Walk-To-Chair
292,0.9983186721801758,0.9979745745658875,0.9979450106620789,0.9980055689811707,0.9979883432388306,0.9978649616241455,0.9984310865402222,0.9973451495170593,0.9978551268577576,0.997173011302948,0.9963363409042358,0.9987702965736389,0.999054491519928,0.8513579368591309,0.3286379873752594,0.5742660760879517,0.385189950466156,0.5565726161003113,0.37207740545272827,0.5505872368812561,0.3745805025100708,0.505717933177948,0.3630196154117584,0.9991266131401062,0.9992390275001526,0.9446003437042236,0.6504748463630676,0.9317790865898132,0.7161511778831482,0.8944711089134216,0.7207403779029846,0.9285610914230347,0.7516109347343445,0.8984403610229492,0.9056814908981323,0.9096726179122925,0.9137890934944153,0.8972172737121582,0.8953449130058289,0.893762469291687,0.9218188524246216,0.8972853422164917,0.90532386302948,0.8954205513000488,0.9419896006584167,0.8864816427230835,0.8971731066703796,0.8488407135009766,0.8495421409606934,0.8373780250549316,0.8372527360916138,0.8318485021591187,0.8428133726119995,0.8372421264648438,0.8477870225906372,0.8413450121879578,0.8928595781326294,0.8614883422851562,0.8077105283737183,0.80137699842453,0.8155523538589478,0.8051943778991699,0.82884281873703,0.8130899667739868,0.7829048037528992,0.778093695640564,0.4292386770248413,0.41161617636680603,0.41240036487579346,0.4141343832015991,0.4110957682132721,0.4110315442085266,0.4108349084854126,0.421976238489151,0.41484227776527405,0.44382867217063904,0.44149622321128845,0.49474117159843445,0.4836098253726959,0.5652146935462952,0.5394342541694641,0.5501264333724976,0.5439621806144714,0.5524646043777466,0.5438989996910095,0.5398485064506531,0.5357682704925537,0.5400063395500183,0.5391774773597717,0.660652220249176,0.6380417346954346,0.6868562698364258,0.6795653700828552,0.8052700161933899,0.7917400002479553,0.8232647180557251,0.8153235912322998,0.8334398865699768,0.8271213173866272,-0.16068051755428314,-0.16911257803440094,-0.16916638612747192,-0.16922853887081146,-0.14680352807044983,-0.14686743915081024,-0.14695855975151062,-0.15854468941688538,-0.05706363171339035,-0.15329863131046295,-0.12409964948892593,-0.18210910260677338,0.03559800609946251,-0.2310762107372284,0.02769366465508938,-0.2550871968269348,-0.10445978492498398,-0.2802688479423523,-0.12411888688802719,-0.27945026755332947,-0.13576766848564148,-0.25425955653190613,-0.11343344300985336,-0.07570777088403702,0.07568098604679108,-0.20736567676067352,-0.007056583650410175,-0.054207682609558105,0.10648579895496368,-0.03789752721786499,0.11883474886417389,-0.06990828365087509,0.08124323189258575,Walk-To-Chair
293,0.9981870055198669,0.9976391792297363,0.9975423216819763,0.9976242780685425,0.9976021647453308,0.9973242878913879,0.9980407357215881,0.9967634081840515,0.9970767498016357,0.9960345029830933,0.9952223896980286,0.9986464977264404,0.9989884495735168,0.8590150475502014,0.30407238006591797,0.6003090739250183,0.3646947741508484,0.5780323147773743,0.35509949922561646,0.5704459547996521,0.3575419485569,0.5259207487106323,0.3471250832080841,0.9991647005081177,0.9992766976356506,0.945949912071228,0.6490474939346313,0.9332356452941895,0.7356244325637817,0.9000076055526733,0.7416033148765564,0.9323238134384155,0.7680580019950867,0.8978902101516724,0.902180016040802,0.9030143618583679,0.9039108157157898,0.8951288461685181,0.8938772082328796,0.8932507634162903,0.9129918217658997,0.8998017311096191,0.8999942541122437,0.8935641050338745,0.9212015867233276,0.8931387662887573,0.9112725257873535,0.8725315928459167,0.9007359743118286,0.8623601198196411,0.8999574780464172,0.8593176603317261,0.9037715792655945,0.8585487604141235,0.9035946130752563,0.8595547676086426,0.8815628290176392,0.8674696683883667,0.834255039691925,0.8529875874519348,0.8546887636184692,0.8375416994094849,0.8747490048408508,0.8461798429489136,0.8560565114021301,0.8114932775497437,0.4189773201942444,0.40856504440307617,0.4087260663509369,0.40913277864456177,0.4085749387741089,0.4086102247238159,0.4085193872451782,0.4138321578502655,0.4120601713657379,0.4280514717102051,0.42772695422172546,0.4673505127429962,0.47007566690444946,0.5188169479370117,0.5277708768844604,0.4715302884578705,0.5368906259536743,0.45839378237724304,0.5406433343887329,0.45343753695487976,0.5340961217880249,0.4584812521934509,0.5332558155059814,0.609824538230896,0.6106789708137512,0.6748549938201904,0.7020143270492554,0.7271198630332947,0.8230792880058289,0.7264181971549988,0.8382274508476257,0.7684736847877502,0.8370572328567505,9.714408952277154e-05,-0.0094767976552248,-0.009478600695729256,-0.009474270977079868,0.009260443970561028,0.00925451796501875,0.009184317663311958,-0.023279329761862755,0.062271811068058014,-0.001834187307395041,0.022683467715978622,-0.0595962293446064,0.11716600507497787,-0.1717216670513153,0.13450801372528076,-0.22684650123119354,0.09592989832162857,-0.24699893593788147,0.09800659120082855,-0.2747141122817993,0.08077272027730942,-0.2236008197069168,0.08754218369722366,-0.07541985809803009,0.07539422065019608,-0.15250040590763092,0.08011431246995926,-0.07002334296703339,0.10081379115581512,-0.0597996823489666,0.10200055688619614,-0.0693550556898117,0.07046432793140411,Walk-To-Chair
294,0.9980900287628174,0.9973394274711609,0.9972351789474487,0.9973537921905518,0.9972363114356995,0.9968538284301758,0.997657299041748,0.9965489506721497,0.9959343671798706,0.9956795573234558,0.9942872524261475,0.9985290169715881,0.9988261461257935,0.8609534502029419,0.28995487093925476,0.6042292714118958,0.36266598105430603,0.5795560479164124,0.35613417625427246,0.5719223022460938,0.3601885437965393,0.5277730822563171,0.34976187348365784,0.9990177154541016,0.9992170333862305,0.9393096566200256,0.644133448600769,0.9232162833213806,0.7449989914894104,0.8836822509765625,0.7516750693321228,0.9265377521514893,0.7731205821037292,0.895128607749939,0.9000862836837769,0.9015679359436035,0.9030249714851379,0.8941477537155151,0.893285870552063,0.8928090929985046,0.9122303128242493,0.8996291160583496,0.8986347317695618,0.8928545117378235,0.9274767637252808,0.892154335975647,0.9097092747688293,0.8679661750793457,0.8838049173355103,0.8567291498184204,0.8791699409484863,0.8545634150505066,0.8832669258117676,0.8565076589584351,0.884669303894043,0.8578253984451294,0.8816307783126831,0.8628094792366028,0.8386870622634888,0.8382107615470886,0.8489499092102051,0.8328754305839539,0.8620646595954895,0.8409576416015625,0.8314425349235535,0.8033267855644226,0.4201483726501465,0.40962713956832886,0.409689724445343,0.4098973572254181,0.4096052348613739,0.40956738591194153,0.4094047546386719,0.41494661569595337,0.41324010491371155,0.4301365315914154,0.42974182963371277,0.47242972254753113,0.4785560965538025,0.54791659116745,0.5310133695602417,0.5575107932090759,0.5393352508544922,0.5624568462371826,0.543487548828125,0.5537371039390564,0.5342742800712585,0.5512091517448425,0.5329397320747375,0.6181604862213135,0.6140524744987488,0.6753606796264648,0.710377037525177,0.7547060251235962,0.8246355652809143,0.7623535394668579,0.8423121571540833,0.7866911292076111,0.8450899124145508,-0.03691420704126358,-0.04753556102514267,-0.04757193475961685,-0.04759223014116287,-0.026970844715833664,-0.026990313082933426,-0.02706729806959629,-0.057973455637693405,0.034692250192165375,-0.037748273462057114,-0.01096248533576727,-0.09057474136352539,0.09884835034608841,-0.13461045920848846,0.10669481754302979,-0.13076232373714447,0.025638872757554054,-0.14137348532676697,0.01677052676677704,-0.13978591561317444,0.003767178161069751,-0.12718519568443298,0.01714511215686798,-0.07086257636547089,0.07087506353855133,-0.13981738686561584,0.06368696689605713,-0.04804905131459236,0.11631729453802109,-0.038744814693927765,0.11919166892766953,-0.06329090148210526,0.08716139942407608,Walk-To-Chair
295,0.9979280829429626,0.9969797134399414,0.9968540072441101,0.9969952702522278,0.9968017935752869,0.9963169097900391,0.997184693813324,0.9963762164115906,0.9944948554039001,0.99529629945755,0.9934379458427429,0.9983702898025513,0.9987262487411499,0.8656104207038879,0.26982802152633667,0.606739342212677,0.34831947088241577,0.5772891044616699,0.34598684310913086,0.5692359805107117,0.35058924555778503,0.5259878039360046,0.3404482305049896,0.9987894892692566,0.9991678595542908,0.9343003034591675,0.6370161175727844,0.9082863926887512,0.7557552456855774,0.8698153495788574,0.764050304889679,0.9174445867538452,0.7801526784896851,0.8949592709541321,0.9000245332717896,0.9008474349975586,0.902006983757019,0.8934974670410156,0.8927253484725952,0.8923004269599915,0.9112687110900879,0.8992538452148438,0.8971049189567566,0.8926142454147339,0.9259462356567383,0.8918914794921875,0.9060574769973755,0.8655174374580383,0.8781191110610962,0.8563998937606812,0.8724126815795898,0.8543118238449097,0.8774964213371277,0.854337215423584,0.8795076608657837,0.8556219935417175,0.8817435503005981,0.8628045320510864,0.8348608016967773,0.8427073359489441,0.8590890169143677,0.8328380584716797,0.8706917762756348,0.8413227200508118,0.8427654504776001,0.8012665510177612,0.41926082968711853,0.4096159040927887,0.409631609916687,0.40973055362701416,0.4095889925956726,0.40955790877342224,0.40940406918525696,0.41508832573890686,0.41362622380256653,0.42975136637687683,0.42938777804374695,0.47362014651298523,0.4809454381465912,0.5589638948440552,0.5329808592796326,0.5870168209075928,0.5271416902542114,0.5938047170639038,0.5268206596374512,0.5858632326126099,0.5158299803733826,0.5822131633758545,0.516063392162323,0.6215692162513733,0.6163108348846436,0.6904586553573608,0.720741868019104,0.7395130395889282,0.8278640508651733,0.741611897945404,0.8455421328544617,0.7786440253257751,0.8488742709159851,-0.04535529762506485,-0.056202370673418045,-0.05623945593833923,-0.05626659467816353,-0.03546039015054703,-0.03547893464565277,-0.03554461896419525,-0.06705725193023682,0.026603419333696365,-0.04617701843380928,-0.019212793558835983,-0.10002924501895905,0.09577477723360062,-0.14407137036323547,0.0936887264251709,-0.14469018578529358,0.0007168110460042953,-0.1563846319913864,-0.009840944781899452,-0.15005028247833252,-0.022012103348970413,-0.14029383659362793,-0.007342235185205936,-0.07224811613559723,0.07228454202413559,-0.11060336977243423,0.09680543094873428,-0.004677364602684975,0.12648147344589233,0.006222606170922518,0.1267615407705307,-0.000794406805653125,0.09831366688013077,Walk-To-Chair
