frame,visibility_0,visibility_1,visibility_2,visibility_3,visibility_4,visibility_5,visibility_6,visibility_7,visibility_8,visibility_9,visibility_10,visibility_11,visibility_12,visibility_13,visibility_14,visibility_15,visibility_16,visibility_17,visibility_18,visibility_19,visibility_20,visibility_21,visibility_22,visibility_23,visibility_24,visibility_25,visibility_26,visibility_27,visibility_28,visibility_29,visibility_30,visibility_31,visibility_32,x_0,x_1,x_2,x_3,x_4,x_5,x_6,x_7,x_8,x_9,x_10,x_11,x_12,x_13,x_14,x_15,x_16,x_17,x_18,x_19,x_20,x_21,x_22,x_23,x_24,x_25,x_26,x_27,x_28,x_29,x_30,x_31,x_32,y_0,y_1,y_2,y_3,y_4,y_5,y_6,y_7,y_8,y_9,y_10,y_11,y_12,y_13,y_14,y_15,y_16,y_17,y_18,y_19,y_20,y_21,y_22,y_23,y_24,y_25,y_26,y_27,y_28,y_29,y_30,y_31,y_32,z_0,z_1,z_2,z_3,z_4,z_5,z_6,z_7,z_8,z_9,z_10,z_11,z_12,z_13,z_14,z_15,z_16,z_17,z_18,z_19,z_20,z_21,z_22,z_23,z_24,z_25,z_26,z_27,z_28,z_29,z_30,z_31,z_32,tug_subtask
2,0.9908756017684937,0.9866127967834472,0.985964298248291,0.9911536574363708,0.9898304343223572,0.9888120889663696,0.9903507828712464,0.9827303886413574,0.9867618083953856,0.9820351600646972,0.9831804633140564,0.999354898929596,0.9993854761123656,0.0396705158054828,0.4251856803894043,0.135447695851326,0.2752105295658111,0.186947226524353,0.2960763871669769,0.1925584822893142,0.2938356101512909,0.18098184466362,0.2842057049274444,0.9996127486228944,0.9994409680366516,0.4123370945453644,0.8856523036956787,0.7880178689956665,0.939663290977478,0.8255159854888916,0.9481432437896729,0.8573300242424011,0.9616901874542236,0.1248312443494796,0.1211472377181053,0.1214190125465393,0.121708869934082,0.1208935156464576,0.120853379368782,0.1208354458212852,0.1250930577516555,0.1243631616234779,0.1307274252176284,0.130240797996521,0.150518000125885,0.1506747156381607,0.188107892870903,0.1891590505838394,0.21369369328022,0.2136910855770111,0.2196713984012603,0.2207371890544891,0.2190863639116287,0.2177077233791351,0.2173648178577423,0.2149906456470489,0.2056721150875091,0.2071128338575363,0.2465458810329437,0.2532335519790649,0.2638996243476867,0.2663311660289764,0.2595349252223968,0.2626847624778747,0.2845447957515716,0.2862529456615448,0.5089271068572998,0.5105495452880859,0.5106275081634521,0.5107126832008362,0.511652946472168,0.512648344039917,0.5136297345161438,0.5162129402160645,0.519905686378479,0.5112636089324951,0.5130816102027893,0.5303114652633667,0.531234622001648,0.5510708689689636,0.5544685125350952,0.5604196786880493,0.555321455001831,0.5624773502349854,0.5557595491409302,0.5608656406402588,0.5537271499633789,0.5602155327796936,0.5542477369308472,0.5957030653953552,0.5956685543060303,0.6341530084609985,0.61122727394104,0.7052916288375854,0.7039134502410889,0.717616081237793,0.7151297926902771,0.7218374013900757,0.7261227965354919,0.0666362717747688,0.075445108115673,0.0754097923636436,0.0754014998674392,0.0653010308742523,0.0652749612927436,0.0651968196034431,0.1042015701532363,0.0596900694072246,0.0775813609361648,0.0647959858179092,0.1222442165017128,0.0188221279531717,0.1131071299314498,-0.0149812456220388,0.0933657065033912,-0.0147744882851839,0.0907133594155311,-0.0229124184697866,0.0855605825781822,-0.0204098504036664,0.0901643484830856,-0.0135701494291424,0.0386790484189987,-0.0388222858309745,0.0020938932429999,-0.1091385036706924,-0.0718258842825889,-0.1912482380867004,-0.0837550982832908,-0.2015781700611114,-0.1251569390296936,-0.2441727221012115,Sit-To-Stand
3,0.9911263585090636,0.9868299961090088,0.9863742589950562,0.9913667440414428,0.9898678064346312,0.9890024065971376,0.9903327822685242,0.9831886887550354,0.9866069555282592,0.9824426770210266,0.9833371639251708,0.9992745518684388,0.9993175268173218,0.0388149470090866,0.4561315774917602,0.1293727606534958,0.3004953861236572,0.1799810379743576,0.3214657306671142,0.1860937178134918,0.3190666437149048,0.1750625371932983,0.3059370219707489,0.9995687007904052,0.9993444681167604,0.4432516992092132,0.8949354290962219,0.7965454459190369,0.9424688220024108,0.8305302262306213,0.9495489597320556,0.8635557889938354,0.963683009147644,0.1243161782622337,0.1204779297113418,0.1206632107496261,0.1208635941147804,0.1204094514250755,0.1203891411423683,0.1203906536102294,0.1241066679358482,0.1238767057657241,0.12965027987957,0.1292742788791656,0.1509818285703659,0.1494207084178924,0.1875922381877899,0.1852198094129562,0.2139390707015991,0.2111849784851074,0.2205288410186767,0.2185011655092239,0.2203064709901809,0.2164869010448455,0.2179566323757171,0.2137819826602935,0.2112529277801513,0.207167774438858,0.2492740601301193,0.2486701905727386,0.2639159858226776,0.265949934720993,0.2566648125648498,0.2607941925525665,0.2850151062011719,0.2874159514904022,0.5088275671005249,0.5105845332145691,0.5106467008590698,0.5107208490371704,0.5118324756622314,0.512962281703949,0.5141047239303589,0.5162225961685181,0.5207478404045105,0.5116962194442749,0.5131239295005798,0.527632474899292,0.5321942567825317,0.5522686243057251,0.5559648275375366,0.5600970983505249,0.5524871349334717,0.5614553093910217,0.5529925227165222,0.559775710105896,0.548088788986206,0.5596855878829956,0.5485641956329346,0.594976007938385,0.5988308191299438,0.6291801929473877,0.6102734804153442,0.7044249176979065,0.7046994566917419,0.7176170349121094,0.717241108417511,0.7229548096656799,0.726344645023346,0.0465792194008827,0.0553488917648792,0.0553045459091663,0.0552882552146911,0.0428702533245086,0.0428465045988559,0.0427745878696441,0.0888286232948303,0.0341675505042076,0.059820257127285,0.0440483018755912,0.1217085868120193,-0.0115876514464616,0.1185534000396728,-0.0552013292908668,0.0969526320695877,-0.0696095824241638,0.0959969609975814,-0.0828203707933425,0.085760623216629,-0.0763875395059585,0.091322474181652,-0.0673029944300651,0.0416908673942089,-0.041694451123476,-0.0597740337252616,-0.1454285085201263,-0.1016464978456497,-0.194847822189331,-0.1093996539711952,-0.2021673917770385,-0.1535150706768036,-0.2465763390064239,Sit-To-Stand
7,0.991220772266388,0.9872180223464966,0.9866986870765686,0.9915677905082704,0.9901132583618164,0.9892369508743286,0.990630269050598,0.983539581298828,0.9865245223045348,0.9832684993743896,0.98408842086792,0.9992806911468506,0.9993215799331664,0.0425742752850055,0.4571841061115265,0.1330370008945465,0.2967885136604309,0.1849965751171112,0.3165917992591858,0.1915631145238876,0.3148741126060486,0.1799170970916748,0.3039308488368988,0.9994788765907288,0.999276340007782,0.4615056216716766,0.897062361240387,0.7809240818023682,0.9328063130378724,0.8183814287185669,0.9458234906196594,0.8526104092597961,0.958515465259552,0.1227362602949142,0.1192034929990768,0.1195651516318321,0.1199472770094871,0.1184584945440292,0.1181240826845169,0.1178181543946266,0.1231138259172439,0.1205255389213562,0.1287146806716919,0.1275898665189743,0.1540573239326477,0.1424988955259323,0.1887184083461761,0.1801832765340805,0.2119387090206146,0.2053357660770416,0.2184219658374786,0.2127901017665863,0.2164885699748993,0.2110100090503692,0.2140798270702362,0.2085017412900924,0.208453819155693,0.1981162130832672,0.2416921854019165,0.2431569844484329,0.2669689357280731,0.2689927518367767,0.2692846655845642,0.2713303864002228,0.2799992561340332,0.2819629609584808,0.5236631035804749,0.524445116519928,0.5237895250320435,0.5231357216835022,0.5271817445755005,0.5286179780960083,0.5300402641296387,0.5256140232086182,0.5348817110061646,0.5239508748054504,0.5277710556983948,0.528843343257904,0.5471281409263611,0.55106121301651,0.5632507801055908,0.5588704943656921,0.5588154196739197,0.5611041784286499,0.5600680708885193,0.5609444379806519,0.5576081871986389,0.5607962012290955,0.5569899082183838,0.5890939831733704,0.6016958355903625,0.6191846132278442,0.6127736568450928,0.7044800519943237,0.7081371545791626,0.7211171984672546,0.7246965765953064,0.7288678884506226,0.7251765131950378,0.0919636040925979,0.1021773815155029,0.1021563559770584,0.1021605506539344,0.0945315510034561,0.0945111885666847,0.0944131091237068,0.1403184980154037,0.1069516986608505,0.1062081679701805,0.0965526923537254,0.1474801450967788,0.0744899436831474,0.1181306615471839,0.0231519918888807,0.0721347033977508,0.0042478586547076,0.0606706067919731,-0.0058368477039039,0.0560273304581642,-0.0061626303941011,0.0680072233080864,0.003928002435714,0.0216080360114574,-0.021625867113471,-0.1044266670942306,-0.1803680658340454,-0.1852111965417862,-0.2865205407142639,-0.1969788670539856,-0.2989067733287811,-0.2488491833209991,-0.3523841798305511,Sit-To-Stand
8,0.9911215901374816,0.9869444370269777,0.9865785837173462,0.9914227724075316,0.989897847175598,0.989125907421112,0.9904680848121644,0.983257532119751,0.9864227175712584,0.9823111295700072,0.9834409952163696,0.9989109635353088,0.9992757439613342,0.0401092246174812,0.4924246966838836,0.123371422290802,0.3250729441642761,0.1727245002985,0.3448874056339264,0.1789712309837341,0.3429564237594604,0.1683267951011657,0.3284752070903778,0.9990948438644408,0.998965620994568,0.4843147993087768,0.9050556421279908,0.7858127951622009,0.9366292953491212,0.8208074569702148,0.9479733109474182,0.8551591634750366,0.9606336951255798,0.1215666681528091,0.1169173344969749,0.1169163361191749,0.1169217079877853,0.1170725971460342,0.1170083284378051,0.1169528737664222,0.1191002130508422,0.119741179049015,0.12538743019104,0.1250698119401931,0.1453394442796707,0.1429521590471267,0.1812917739152908,0.1816364228725433,0.2083018124103546,0.2045990228652954,0.2151556760072708,0.2112466990947723,0.2143303453922271,0.2110108584165573,0.2118173390626907,0.2084904909133911,0.207741379737854,0.2029620707035064,0.2454856187105178,0.2498322427272796,0.2660295665264129,0.2684212625026703,0.264359176158905,0.2657971978187561,0.2821839451789856,0.2861388325691223,0.515823245048523,0.5193818807601929,0.5197989344596863,0.5201742053031921,0.5198428630828857,0.5208455324172974,0.521822988986969,0.5255945324897766,0.5294180512428284,0.5210883021354675,0.5218915343284607,0.5376245379447937,0.5380825400352478,0.5608479380607605,0.5572961568832397,0.5614521503448486,0.5498400926589966,0.5622373223304749,0.5531101226806641,0.5610703229904175,0.545719563961029,0.5610062479972839,0.5469217896461487,0.5930298566818237,0.5995725989341736,0.6187266707420349,0.6127455830574036,0.7007665634155273,0.7072322368621826,0.7175623178482056,0.7242920398712158,0.722745954990387,0.7251259088516235,0.0632528066635131,0.0705871134996414,0.0705437138676643,0.070526123046875,0.0558515004813671,0.0558180212974548,0.0557325594127178,0.096151053905487,0.0313125364482402,0.0738815516233444,0.0551608391106128,0.1301678121089935,-0.021789364516735,0.1228959783911705,-0.0489159002900123,0.1023041158914566,-0.0331064239144325,0.1028119325637817,-0.0411001034080982,0.0930205732583999,-0.0353371500968933,0.0967264398932457,-0.0298896096646785,0.0436434000730514,-0.0435793921351432,-0.0044143549166619,-0.1357050538063049,-0.0529655739665031,-0.1985719799995422,-0.0616917535662651,-0.2060073167085647,-0.0928246527910232,-0.2434863746166229,Sit-To-Stand
9,0.9917671084403992,0.98786062002182,0.9875299334526062,0.992010772228241,0.9905760288238524,0.9898740649223328,0.9911019802093506,0.9844156503677368,0.9873546957969666,0.9835887551307678,0.9846205711364746,0.9989187121391296,0.9992955923080444,0.0386844985187053,0.5092142820358276,0.1165486052632331,0.3403088748455047,0.1645809412002563,0.3631225228309631,0.1707691997289657,0.3608113825321197,0.1610558331012725,0.3422049880027771,0.9990995526313782,0.9989414811134338,0.5246663093566895,0.9131401181221008,0.8003851175308228,0.9407933950424194,0.8314359784126282,0.9508081674575806,0.8641945719718933,0.9631721377372742,0.1213448420166969,0.1138989478349685,0.1139223128557205,0.1158944740891456,0.1142041683197021,0.1157546490430831,0.116053007543087,0.1169450283050537,0.117515429854393,0.1254989057779312,0.125179722905159,0.1436876952648162,0.141371801495552,0.1809832155704498,0.1815837919712066,0.2084750831127166,0.2026177644729614,0.2152691781520843,0.210886001586914,0.2144473791122436,0.2098269015550613,0.2119475305080413,0.2085796147584915,0.207836627960205,0.2029934823513031,0.2478198260068893,0.2509735524654388,0.2668117880821228,0.2674912214279175,0.2648933529853821,0.2588843703269958,0.2846384346485138,0.2884596586227417,0.5136824250221252,0.5177983641624451,0.518203854560852,0.518166720867157,0.517729640007019,0.5191687941551208,0.5190665125846863,0.5255691409111023,0.5261421799659729,0.5186460018157959,0.5195309519767761,0.5428007245063782,0.5394256114959717,0.562278687953949,0.5555570125579834,0.5584061741828918,0.544985830783844,0.5566659569740295,0.5505133271217346,0.5537579655647278,0.544331967830658,0.5547196269035339,0.5437321066856384,0.5935127139091492,0.5989576578140259,0.6098746061325073,0.6074091792106628,0.697161078453064,0.7060163021087646,0.7105742692947388,0.7196285128593445,0.7203280329704285,0.7254684567451477,0.101205013692379,0.1099817603826522,0.1099352985620498,0.1099035516381263,0.0926125273108482,0.0925727933645248,0.0924944728612899,0.1342602670192718,0.0692263394594192,0.1111456975340843,0.087766095995903,0.1650273352861404,0.0153543353080749,0.1534153223037719,-0.0327304489910602,0.1159673556685447,-0.0352265164256095,0.1125446334481239,-0.0456824973225593,0.1032249107956886,-0.0394349656999111,0.1097117811441421,-0.0322536490857601,0.0442793369293212,-0.0441944226622581,-0.0538762509822845,-0.1423340737819671,-0.1177911311388015,-0.242961123585701,-0.1286370754241943,-0.2531957328319549,-0.1716660559177398,-0.3008139729499817,Sit-To-Stand
10,0.9925010204315186,0.988947331905365,0.9886274933815002,0.9927095770835876,0.9914163947105408,0.9907691478729248,0.9918858408927916,0.9857816696166992,0.9884856343269348,0.9851132035255432,0.9860671758651732,0.9989976286888124,0.9993537664413452,0.0440592765808105,0.5393174290657043,0.1190165653824806,0.3729090690612793,0.1661224961280822,0.3953482210636139,0.1723246276378631,0.3927899301052093,0.1616584062576294,0.368979811668396,0.99915212392807,0.9990099668502808,0.5519721508026123,0.9188383221626282,0.8140230774879456,0.9449445605278016,0.8430106043815613,0.954114556312561,0.8740866184234619,0.9659592509269714,0.1207183226943016,0.1123256832361221,0.112176813185215,0.1137270182371139,0.1129955202341079,0.1139415651559829,0.1141922026872634,0.1133482679724693,0.1165180802345275,0.1236163824796676,0.124006487429142,0.1365216523408889,0.1406053304672241,0.1734265089035034,0.1816292703151703,0.2047460526227951,0.2024557590484619,0.2120104283094406,0.2105272263288498,0.2114872485399246,0.2097685039043426,0.2092752009630203,0.2075758725404739,0.2077604979276657,0.2057752609252929,0.2477888166904449,0.2513630092144012,0.2668040096759796,0.2664567828178406,0.2660506963729858,0.256989061832428,0.2879281640052795,0.2895903289318084,0.5147109627723694,0.5180774331092834,0.5193767547607422,0.5195060968399048,0.5188425779342651,0.5198608636856079,0.5198813080787659,0.5296540260314941,0.5271807909011841,0.5221755504608154,0.5196297764778137,0.5560817718505859,0.5402378439903259,0.5709529519081116,0.5514335036277771,0.5591739416122437,0.5453593730926514,0.5569815039634705,0.5499107837677002,0.5542060732841492,0.54571533203125,0.5553188323974609,0.5436634421348572,0.5989808440208435,0.5990130305290222,0.6127398014068604,0.6059820055961609,0.6979179382324219,0.7056514620780945,0.7110121250152588,0.7184526324272156,0.7208737730979919,0.7251254916191101,0.0190271269530057,0.021780839189887,0.0217426009476184,0.0217169653624296,0.0062994547188282,0.0062406351789832,0.0061641382053494,0.0388505682349205,-0.029153075069189,0.027793001383543,0.00787063408643,0.0820980221033096,-0.0677608251571655,0.0832847729325294,-0.0899100080132484,0.0517485551536083,-0.0772067308425903,0.0496647581458091,-0.0862179398536682,0.0373139008879661,-0.0833153575658798,0.0448558330535888,-0.0751383453607559,0.0449963249266147,-0.0449508801102638,-0.0151339266449213,-0.1541825234889984,-0.0802531093358993,-0.2480027675628662,-0.0903622284531593,-0.2586923241615295,-0.1359284669160843,-0.3091943860054016,Sit-To-Stand
11,0.9931530952453612,0.9899269938468932,0.9896030426025392,0.9933406114578248,0.992181658744812,0.9915796518325806,0.9926008582115172,0.987012267112732,0.9895164370536804,0.9864787459373474,0.9873647093772888,0.9990741014480592,0.9994106888771056,0.0474121309816837,0.5616902709007263,0.1201820448040962,0.4032824039459228,0.165483757853508,0.4258219003677368,0.1714303195476532,0.4223749935626983,0.1604347825050354,0.3919042646884918,0.9992119073867798,0.9990727305412292,0.5693181753158569,0.9231374263763428,0.822246789932251,0.9472509026527404,0.8520097136497498,0.9556787014007568,0.8819769024848938,0.9681311249732972,0.1204196587204933,0.1128100529313087,0.1126243099570274,0.1132679730653762,0.1131998673081398,0.1135883703827858,0.1135428696870803,0.1126681417226791,0.1144842877984047,0.1238316670060157,0.1240342035889625,0.1373227536678314,0.1394158005714416,0.175523966550827,0.1811376512050628,0.2055540382862091,0.2034870833158493,0.2126911133527755,0.2154793739318847,0.2118725031614303,0.2115252912044525,0.209660455584526,0.2120941877365112,0.2109576761722564,0.2093216627836227,0.2498388290405273,0.2526963353157043,0.268254816532135,0.2660432159900665,0.272036999464035,0.2550078928470611,0.289254367351532,0.2888589799404144,0.5144213438034058,0.5172293782234192,0.5186117887496948,0.5192911624908447,0.5167824625968933,0.5174948573112488,0.5178335905075073,0.5296263098716736,0.5264654755592346,0.5217081308364868,0.5197843313217163,0.5574064254760742,0.5407468676567078,0.5678223967552185,0.5501000285148621,0.5571048855781555,0.5439545512199402,0.5538749694824219,0.5481563806533813,0.5514909625053406,0.5454537868499756,0.5529156923294067,0.5424836874008179,0.6000774502754211,0.5990751385688782,0.6158689856529236,0.6050378084182739,0.6983537673950195,0.7055433988571167,0.7115114331245422,0.7186870574951172,0.7202833294868469,0.7243486046791077,0.0456290133297443,0.0508791916072368,0.0508438758552074,0.050823014229536,0.0349373072385787,0.0349036492407321,0.0348370298743248,0.0712113231420517,-0.0015300833620131,0.054792683571577,0.0341695435345172,0.1052407026290893,-0.0520008392632007,0.0981025546789169,-0.0895263776183128,0.0590703673660755,-0.0867857113480568,0.0646191090345382,-0.0979257524013519,0.0485618412494659,-0.0917672738432884,0.0545032247900962,-0.0838332772254943,0.0476887784898281,-0.0476433113217353,-0.0217189211398363,-0.1526669412851333,-0.0986649170517921,-0.2445342242717743,-0.1093286424875259,-0.2546351253986358,-0.1508432328701019,-0.2967224717140198,Sit-To-Stand
12,0.9936780333518982,0.9907700419425964,0.9904359579086304,0.993865966796875,0.9928411841392516,0.9922862648963928,0.9932253360748292,0.9881151914596558,0.990434467792511,0.9877232909202576,0.9885459542274476,0.99915611743927,0.9994665384292604,0.0569521449506282,0.5725563764572144,0.123568907380104,0.4194687902927398,0.1664646416902542,0.4433757364749908,0.1718807965517044,0.4396156668663025,0.1589996814727783,0.4009055197238922,0.9992811679840088,0.9991582036018372,0.5762340426445007,0.920278549194336,0.8301079273223877,0.9473015666007996,0.861519992351532,0.9574330449104308,0.8886248469352722,0.9696086645126344,0.1204577088356018,0.1132337301969528,0.1129922643303871,0.1131387799978256,0.1133489981293678,0.1137422546744346,0.1137470602989196,0.1124275773763656,0.1148762926459312,0.1241030469536781,0.1234418526291847,0.1347070038318634,0.1412260830402374,0.1734798848628997,0.1844494044780731,0.205527514219284,0.2091536819934845,0.2126312553882599,0.2199772298336029,0.2118501961231231,0.2170520722866058,0.2098464518785476,0.215706780552864,0.2108288258314132,0.2114844024181366,0.2510077655315399,0.2520364224910736,0.2682428956031799,0.2659790217876434,0.2725682854652405,0.256794661283493,0.2896347641944885,0.288471907377243,0.5150341987609863,0.517763078212738,0.5186726450920105,0.5200702548027039,0.516593873500824,0.5166441202163696,0.5163596868515015,0.531568706035614,0.5259138345718384,0.5228301286697388,0.5201200246810913,0.564948320388794,0.5401277542114258,0.5698409676551819,0.5447568893432617,0.558302104473114,0.5448248386383057,0.5540452599525452,0.5475675463676453,0.5522278547286987,0.5446685552597046,0.5533740520477295,0.5436573624610901,0.6025819182395935,0.5981775522232056,0.6212549209594727,0.6046392321586609,0.6986842751502991,0.7052533626556396,0.7123947143554688,0.7186919450759888,0.7206029295921326,0.7232858538627625,-0.0016884790966287,-0.0023151270579546,-0.0023429081775248,-0.002363518346101,-0.0176336448639631,-0.0176950078457593,-0.0177580639719963,0.0024987880606204,-0.0662802457809448,0.003121841000393,-0.0166322402656078,0.0407919101417064,-0.0976123958826065,0.0403246916830539,-0.1203912124037742,0.014908717945218,-0.1107745021581649,0.0139938248321414,-0.1194021925330162,0.0040595983155071,-0.1171518415212631,0.0096050295978784,-0.1092076450586319,0.043581947684288,-0.0435663647949695,-0.0113066863268613,-0.157562106847763,-0.1137119904160499,-0.3079636693000793,-0.126285970211029,-0.3243203461170196,-0.1744522005319595,-0.3786931931972503,Sit-To-Stand
13,0.9942095279693604,0.9915930032730104,0.9912700653076172,0.994396984577179,0.9934768080711364,0.992969572544098,0.9938220977783204,0.989186942577362,0.9912962913513184,0.9888817071914672,0.9896264672279358,0.9992303848266602,0.9995126128196716,0.0617409795522689,0.5530141592025757,0.1273554861545562,0.4089065790176391,0.169539988040924,0.4359659254550934,0.1745450347661972,0.4315310716629028,0.1598885506391525,0.3874811828136444,0.9993479251861572,0.9992360472679138,0.5664550065994263,0.9041256904602052,0.8383274078369141,0.9440517425537108,0.8720366358757019,0.9580765962600708,0.8967365622520447,0.9701758623123168,0.1204397454857826,0.113237477838993,0.1128337979316711,0.112580195069313,0.1135120615363121,0.113902248442173,0.1138860434293747,0.1121331304311752,0.1151573061943054,0.1242907494306564,0.1238048896193504,0.1352884024381637,0.1450135558843612,0.1752908825874328,0.1919271796941757,0.2070572674274444,0.2155618220567703,0.2140600681304931,0.2234279215335846,0.213152214884758,0.2199702560901641,0.2116963416337967,0.2181603163480758,0.2119765281677246,0.2145723104476928,0.2504191100597381,0.2507668435573578,0.2675368189811706,0.2657531201839447,0.2667820751667022,0.2591713368892669,0.2888190150260925,0.2890558540821075,0.5151872634887695,0.5179382562637329,0.5190508961677551,0.5208902955055237,0.5172433257102966,0.5173259377479553,0.5170907378196716,0.532914400100708,0.525084912776947,0.523968517780304,0.5204455256462097,0.5652675628662109,0.5409766435623169,0.5685194134712219,0.5467119812965393,0.5577512383460999,0.5456350445747375,0.5534364581108093,0.5476712584495544,0.5516290664672852,0.545593798160553,0.5528454184532166,0.5461703538894653,0.603812575340271,0.598214864730835,0.6220108270645142,0.6051063537597656,0.6951420903205872,0.7039081454277039,0.7077100276947021,0.7136440873146057,0.7161787748336792,0.722238302230835,-0.0177755951881408,-0.019264992326498,-0.0192985609173774,-0.0193184185773134,-0.0325660929083824,-0.0326276943087577,-0.0326725281774997,-0.016091626137495,-0.0760493427515029,-0.0134913204237818,-0.0305994544178247,0.0195716060698032,-0.0937823504209518,0.0159256570041179,-0.1068694144487381,-0.0184066202491521,-0.0910199508070945,-0.0214635077863931,-0.0966448560357093,-0.0302831139415502,-0.09519013017416,-0.0235002059489488,-0.0898060426115989,0.0418304912745952,-0.0419355556368827,-0.0186023619025945,-0.1307691484689712,-0.1649568825960159,-0.3042036890983581,-0.1825160086154937,-0.3229303061962127,-0.2383807599544525,-0.3767310976982116,Sit-To-Stand
14,0.9946988224983216,0.99235737323761,0.992046356201172,0.9948907494544984,0.9940730333328248,0.9936095476150512,0.994381070137024,0.9901796579360962,0.9921037554740906,0.9899390935897828,0.990616738796234,0.9992985129356384,0.9995577931404114,0.069258414208889,0.5529698133468628,0.1320647597312927,0.4157898724079132,0.1717625111341476,0.4416633546352386,0.1761119067668914,0.4365473687648773,0.1597310900688171,0.3858253061771393,0.9994091987609864,0.9993088245391846,0.5583313703536987,0.8852420449256897,0.8433201909065247,0.939051628112793,0.8804583549499512,0.9590851664543152,0.9025550484657288,0.9702925086021424,0.1205065622925758,0.1127128228545188,0.1129432097077369,0.1125226244330406,0.1134209483861923,0.1138597130775451,0.1139082536101341,0.111930213868618,0.1153853312134742,0.1243479251861572,0.123201809823513,0.1345213204622268,0.1447920501232147,0.1755640208721161,0.1907136142253875,0.2094988077878952,0.2135151624679565,0.2162168025970459,0.2220902889966964,0.2163067609071731,0.2192665785551071,0.2152206897735595,0.2175352573394775,0.2122922241687774,0.2160286009311676,0.2504506707191467,0.249048039317131,0.2656463384628296,0.2658533453941345,0.2613482773303985,0.2591517567634582,0.2884478867053985,0.2887908816337585,0.5154843926429749,0.518222987651825,0.5192915797233582,0.521560788154602,0.5175105333328247,0.5174954533576965,0.5172253847122192,0.5339325666427612,0.5250038504600525,0.524596631526947,0.521469235420227,0.57086580991745,0.5398702621459961,0.573479950428009,0.5396510362625122,0.5577319264411926,0.5450847148895264,0.5528866648674011,0.5485593676567078,0.5503212809562683,0.5458518266677856,0.5516707897186279,0.5467782616615295,0.6078075170516968,0.598035991191864,0.6261488199234009,0.6053597927093506,0.695323646068573,0.6997211575508118,0.7082895040512085,0.7117630243301392,0.7162596583366394,0.7203944325447083,-0.0043124845251441,-0.0057027614675462,-0.0057315384037792,-0.0057419105432927,-0.0204755794256925,-0.0205355919897556,-0.0205844230949878,-0.0057850684970617,-0.0725080594420433,-0.0011882892576977,-0.0201521646231412,0.0271612890064716,-0.1004747375845909,0.0266247652471065,-0.1149252876639366,0.0094140404835343,-0.0851015299558639,0.0099080894142389,-0.0888900607824325,0.0011124562006443,-0.0850985273718833,0.0044115176424384,-0.0827420428395271,0.040307480841875,-0.0403671786189079,-0.0080115431919693,-0.1388774216175079,-0.1650527268648147,-0.3314836323261261,-0.1832724064588546,-0.3526858985424042,-0.2363060712814331,-0.4067467153072357,Sit-To-Stand
15,0.9950379133224488,0.9929627180099488,0.99264258146286,0.9952697157859802,0.9945395588874816,0.9941035509109496,0.9948087334632874,0.9909846186637878,0.9927552938461304,0.9908352494239808,0.9914639592170716,0.999353528022766,0.9995943307876588,0.070676788687706,0.5285964012145996,0.1302950978279113,0.4011265635490417,0.1684763580560684,0.4296181797981262,0.1726031303405761,0.4243404865264892,0.1560525000095367,0.3720550835132599,0.9994592666625975,0.999367892742157,0.5503080487251282,0.87026047706604,0.8437109589576721,0.9302592277526855,0.8861839175224304,0.9581356048583984,0.9062048196792604,0.9690428376197816,0.1204124465584755,0.1112068742513656,0.1111814007163047,0.1120944842696189,0.1134878545999527,0.1136306747794151,0.1137955412268638,0.1115404218435287,0.115272507071495,0.1243635043501854,0.1234031170606613,0.1348221451044082,0.1447295546531677,0.1745107322931289,0.1895151436328888,0.2059104889631271,0.2124335020780563,0.2120655328035354,0.2215031385421753,0.2113936394453048,0.2187707722187042,0.2105468213558197,0.2170860469341278,0.2135709077119827,0.2160135805606842,0.2512528896331787,0.2490570545196533,0.2657955884933471,0.2658814191818237,0.2619538605213165,0.258197009563446,0.2884439527988434,0.288823515176773,0.5161367654800415,0.5200435519218445,0.5212676525115967,0.5226768851280212,0.5177323222160339,0.5176852941513062,0.5173198580741882,0.5346738696098328,0.5247130990028381,0.5255023837089539,0.5216084718704224,0.5696908831596375,0.5394371151924133,0.5728723406791687,0.5424444079399109,0.5556814670562744,0.5463629961013794,0.5501600503921509,0.5496026277542114,0.5471814870834351,0.5477222204208374,0.5485016107559204,0.5491248369216919,0.6084941029548645,0.5980724692344666,0.6253648400306702,0.6005272269248962,0.6950113773345947,0.6987584829330444,0.7070063352584839,0.711531937122345,0.7148893475532532,0.7198271155357361,0.0118168676272034,0.0097586046904325,0.0097222672775387,0.0096962349489331,-0.0040020616725087,-0.0040559791959822,-0.004112740047276,0.0078853098675608,-0.053817044943571,0.0144147127866745,-0.00317665329203,0.0414075553417205,-0.0816264972090721,0.0366931818425655,-0.1019819155335426,0.0101412711665034,-0.0875882729887962,0.0073614455759525,-0.0930640399456024,-0.0010714629897847,-0.0913343280553817,0.0048525482416152,-0.0863799154758453,0.0394308231770992,-0.0394804999232292,-0.023092346265912,-0.1458097100257873,-0.1695016324520111,-0.3225060403347015,-0.1865818500518798,-0.3414320945739746,-0.2392062395811081,-0.3946093618869781,Sit-To-Stand
16,0.9954202771186828,0.9935569763183594,0.9932438731193542,0.9956535696983336,0.9949963092803956,0.9945924282073976,0.995243489742279,0.9917486310005188,0.993389368057251,0.9916526079177856,0.992234468460083,0.9994010925292968,0.9996291399002076,0.0704139843583107,0.5200099945068359,0.1264472156763076,0.3904135227203369,0.1622432917356491,0.4181007444858551,0.1662352830171585,0.4126240909099579,0.1504912227392196,0.3616210520267486,0.9995009899139404,0.9994207620620728,0.554365336894989,0.8695091009140015,0.8319862484931946,0.9203461408615112,0.8814132213592529,0.9543800354003906,0.9029663801193236,0.9675872921943665,0.1185576170682907,0.1106358766555786,0.1103769168257713,0.1105075106024742,0.1119641065597534,0.1118886843323707,0.1118355169892311,0.1101856008172035,0.1130353584885597,0.12287487834692,0.1226827129721641,0.1351206004619598,0.1409333199262619,0.1751984804868698,0.1846565753221511,0.2074240446090698,0.2120434343814849,0.2143020629882812,0.2207249701023101,0.2140082567930221,0.2186308205127716,0.2125763595104217,0.2163931429386139,0.2133736610412597,0.2144973278045654,0.2511246800422668,0.2476348578929901,0.2658386528491974,0.2659207880496979,0.2646684646606445,0.2626049816608429,0.2876974046230316,0.2888356149196625,0.516160249710083,0.5195234417915344,0.5207993388175964,0.5222634673118591,0.5174886584281921,0.5175837874412537,0.5174502730369568,0.5345556139945984,0.5249756574630737,0.52474445104599,0.521586000919342,0.5657753348350525,0.5396475195884705,0.5713746547698975,0.5428628921508789,0.5534877777099609,0.549324095249176,0.5480027794837952,0.551702082157135,0.5460118651390076,0.5494272708892822,0.54775470495224,0.5511385202407837,0.6047500967979431,0.5977420210838318,0.6248956918716431,0.6013705134391785,0.6948272585868835,0.6986044645309448,0.7056838870048523,0.7116569876670837,0.7134602665901184,0.71720290184021,0.0418891124427318,0.0426905676722526,0.0426349639892578,0.0426056012511253,0.0300298128277063,0.0299825817346572,0.0299101527780294,0.0434536822140216,-0.0121899293735623,0.0450596325099468,0.0288868304342031,0.0609807968139648,-0.0450478605926036,0.0538186244666576,-0.0601319149136543,0.0358518399298191,-0.037558414041996,0.034775398671627,-0.0401028916239738,0.0267817769199609,-0.0388658195734024,0.0306428261101245,-0.0358869917690753,0.0333562195301055,-0.0333399698138237,-0.0498595163226127,-0.1584750711917877,-0.1824433207511901,-0.3335858285427093,-0.1989106833934784,-0.3527858257293701,-0.2495790272951126,-0.406371921300888,Sit-To-Stand
17,0.9956732988357544,0.993957817554474,0.9936450719833374,0.9959158897399902,0.9952452182769777,0.994841992855072,0.9954416751861572,0.9921947717666626,0.9936481714248656,0.992177963256836,0.992639660835266,0.9994316697120668,0.9996246099472046,0.0689595341682434,0.5067611932754517,0.1293868124485016,0.3747738599777221,0.1659484058618545,0.4050568640232086,0.1699931025505066,0.3995590507984161,0.1544583141803741,0.35071462392807,0.9995294809341432,0.9994144439697266,0.5745069980621338,0.8762894868850708,0.8360339999198914,0.9221295118331908,0.8850747346878052,0.954361855983734,0.9056282043457032,0.9678016304969788,0.1182887181639671,0.1101940423250198,0.110107198357582,0.1108681783080101,0.1103055849671363,0.1111523658037185,0.1107258200645446,0.1106244474649429,0.1108932346105575,0.1228502392768859,0.1222773343324661,0.1357948333024978,0.134867712855339,0.1826154291629791,0.1812277734279632,0.2109898030757904,0.203375369310379,0.2176993787288665,0.2063587605953216,0.2165720760822296,0.2069232910871505,0.2145438939332962,0.2051063477993011,0.2131248712539672,0.2096761763095855,0.2514005601406097,0.2464764863252639,0.2664521932601928,0.2659695446491241,0.2679188549518585,0.2598119378089905,0.2904075384140014,0.2923123240470886,0.5157434344291687,0.5189370512962341,0.519709050655365,0.519527018070221,0.5178853869438171,0.5177677869796753,0.5174965262413025,0.5309685468673706,0.5267800092697144,0.5230713486671448,0.5217739343643188,0.5615553259849548,0.5455195307731628,0.5698456168174744,0.5525662302970886,0.55363929271698,0.5523379445075989,0.5489639043807983,0.5563290119171143,0.546896755695343,0.5510103702545166,0.5485504865646362,0.5529621243476868,0.6017588973045349,0.5985041856765747,0.6136904358863831,0.5964365601539612,0.693853497505188,0.6986119151115417,0.7065760493278503,0.7120047807693481,0.7105717062950134,0.715793251991272,0.077559508383274,0.0871430784463882,0.0870840400457382,0.0870482847094535,0.0729380324482917,0.0729115456342697,0.0728436186909675,0.1198830977082252,0.0560250803828239,0.0900763794779777,0.0716543793678283,0.1440562307834625,0.0101941023021936,0.1261990815401077,-0.0166096724569797,0.0938988178968429,0.0033849435858428,0.0918755382299423,-0.0003648983838502,0.0863007754087448,0.0034773931838572,0.0896065384149551,0.0059676771052181,0.0379543229937553,-0.0379239059984684,-0.0550161227583885,-0.1540487110614776,-0.1406646072864532,-0.2387831509113311,-0.1513099074363708,-0.2479811161756515,-0.1893304139375686,-0.2892623543739319,Sit-To-Stand
18,0.9957294464111328,0.9941390156745912,0.993809461593628,0.9960324764251708,0.9952672123908995,0.9948490262031556,0.9954124093055724,0.9923365712165833,0.9935725927352904,0.9923078417778016,0.9925940036773682,0.999451756477356,0.9995499849319458,0.0722929388284683,0.4885374307632446,0.139518067240715,0.3561783134937286,0.176358476281166,0.3883909583091736,0.1812260746955871,0.3832679688930511,0.1649444997310638,0.33647021651268,0.9995403289794922,0.9993842840194702,0.5957173705101013,0.8828666806221008,0.8403645753860474,0.924502432346344,0.8850693702697754,0.9527626037597656,0.9074392914772034,0.967978537082672,0.1199061647057533,0.1130182892084121,0.1130572333931922,0.1133402362465858,0.1119052991271019,0.1117724776268005,0.110922135412693,0.1124709472060203,0.1114783734083175,0.1247644796967506,0.1235827654600143,0.1378509253263473,0.1344506740570068,0.1848425865173339,0.1806793063879013,0.2139060795307159,0.1996448636054992,0.22144415974617,0.198810338973999,0.2197208702564239,0.1976629495620727,0.2171952724456787,0.2004074305295944,0.2130046188831329,0.2071648389101028,0.2522585988044739,0.2462367713451385,0.2671902775764465,0.2659961581230163,0.2643367648124695,0.2586579620838165,0.2920613884925842,0.2927265167236328,0.5159337520599365,0.5180900692939758,0.5182936787605286,0.5180016160011292,0.5179969668388367,0.5183534622192383,0.5191198587417603,0.5276442766189575,0.5295305252075195,0.5227477550506592,0.5224286913871765,0.5496262311935425,0.5510575771331787,0.5595551133155823,0.5549901127815247,0.5516510009765625,0.55254065990448,0.5486859679222107,0.5573375225067139,0.5467236042022705,0.5547587871551514,0.5483314394950867,0.5529127717018127,0.592944860458374,0.5991700887680054,0.6061343550682068,0.595816969871521,0.6906550526618958,0.6967405080795288,0.7055816650390625,0.7105305194854736,0.7095670104026794,0.7142223119735718,-0.0078063532710075,0.0013570222072303,0.0013014260912314,0.0012585128424689,-0.0129695888608694,-0.0130192637443542,-0.0130821643397212,0.0525230355560779,-0.0131911318749189,0.012520152144134,-0.0062546925619244,0.1393400728702545,-0.0302513148635625,0.1038612499833107,-0.0301013235002756,0.0713957846164703,-0.0244300905615091,0.0683819353580474,-0.0300481133162975,0.060686994343996,-0.0265469253063201,0.0661555975675582,-0.0225376617163419,0.0402097292244434,-0.0401355549693107,-0.0657276883721351,-0.166139468550682,-0.1021713241934776,-0.2190528362989425,-0.1084290891885757,-0.2256962954998016,-0.1551690995693206,-0.2766796052455902,Sit-To-Stand
19,0.9959450364112854,0.9944888949394226,0.9941351413726808,0.9962537288665771,0.9954721927642822,0.9950379133224488,0.9955708980560304,0.9927494525909424,0.9937981367111206,0.9928345084190368,0.9930099844932556,0.9994919896125792,0.9995554685592652,0.0773190930485725,0.4846502840518951,0.1560769230127334,0.353981614112854,0.1939964443445205,0.3887583017349243,0.1997003853321075,0.3842993080615997,0.1821924597024917,0.3382289111614227,0.9995603561401368,0.9993742108345032,0.6131937503814697,0.8855724930763245,0.8420106768608093,0.9218273162841796,0.8851207494735718,0.9506447315216064,0.9077297449111938,0.966170847415924,0.1247621402144432,0.1180348545312881,0.1180631145834922,0.1180851608514785,0.11652272939682,0.1156268864870071,0.1145022138953208,0.1161002740263938,0.1125418171286583,0.1291221380233764,0.1275230348110199,0.1384188383817672,0.1347036957740783,0.1843293011188507,0.1806622594594955,0.2136263102293014,0.1913634091615677,0.2215152531862259,0.1946519166231155,0.2193394601345062,0.1908631771802902,0.2169035226106643,0.1907505393028259,0.2144548147916793,0.2071400433778762,0.2524359822273254,0.2448090761899948,0.2736186385154724,0.2658933997154236,0.2703017294406891,0.2585868239402771,0.2924838364124298,0.2924026846885681,0.5166075229644775,0.5180489420890808,0.5180869102478027,0.5177788138389587,0.5182191729545593,0.5192358493804932,0.520565927028656,0.5264720320701599,0.5308491587638855,0.5228985548019409,0.5241830945014954,0.548213541507721,0.5515686869621277,0.5599161982536316,0.5549027323722839,0.5520943403244019,0.5536025166511536,0.5503970384597778,0.5601899027824402,0.5502916574478149,0.5580452680587769,0.5491946935653687,0.5559823513031006,0.591518223285675,0.5995875597000122,0.6028412580490112,0.5883704423904419,0.6906558275222778,0.6954241991043091,0.7041081786155701,0.709145188331604,0.7101724147796631,0.7145159840583801,-0.0098866932094097,-0.0021196524612605,-0.0021699969656765,-0.0022035881411284,-0.0163500420749187,-0.0164155941456556,-0.0164922215044498,0.0446543432772159,-0.0200529303401708,0.0096354940906167,-0.0089781004935503,0.1302812695503235,-0.0356505401432514,0.1015709266066551,-0.0417649075388908,0.0644959956407547,-0.03195396438241,0.0610228590667247,-0.0383669286966323,0.0566565990447998,-0.0353816263377666,0.059016078710556,-0.0305467657744884,0.0399724803864955,-0.0398974195122718,-0.0998125523328781,-0.1885133683681488,-0.1229820102453231,-0.2328140437602996,-0.1323686391115188,-0.2394532412290573,-0.1810092628002166,-0.2961639761924743,Sit-To-Stand
20,0.9961604475975036,0.9948759078979492,0.9945185780525208,0.99649977684021,0.9957566857337952,0.9953286647796632,0.995822012424469,0.9932490587234496,0.9941809773445128,0.9933684468269348,0.9935240149497986,0.9995259642601012,0.9995835423469543,0.0754084736108779,0.4658211171627044,0.152631938457489,0.3410102427005768,0.1907113343477249,0.3790454864501953,0.1962161362171173,0.3745837211608886,0.1788241118192672,0.3299759328365326,0.9995919466018676,0.9994148015975952,0.6239503026008606,0.8836531043052673,0.8437318205833435,0.9200074672698976,0.8883169293403625,0.951666295528412,0.9105247855186462,0.9665006399154664,0.1245864778757095,0.1177882924675941,0.1177235022187233,0.1177230477333068,0.11667500436306,0.1158219426870346,0.1147968024015426,0.1160378232598304,0.1128008738160133,0.128880500793457,0.1275648772716522,0.1371123045682907,0.1352494657039642,0.1825278848409652,0.1806280761957168,0.2109982073307037,0.1925140917301178,0.2103148698806762,0.1916196942329406,0.2157570421695709,0.1896180510520935,0.2133384197950363,0.1869377195835113,0.2147192507982254,0.2087489813566208,0.2523027062416076,0.2448838651180267,0.2734383642673492,0.2660902142524719,0.2663857042789459,0.2584282755851745,0.2919462323188782,0.2932536900043487,0.5159788727760315,0.5167400240898132,0.51699298620224,0.5170823931694031,0.5170386433601379,0.5181458592414856,0.5193719863891602,0.5261324644088745,0.5292425751686096,0.5222824215888977,0.5235096216201782,0.5553338527679443,0.5455823540687561,0.5744697451591492,0.5517923831939697,0.5616319179534912,0.5534950494766235,0.562720537185669,0.5601847767829895,0.5557653307914734,0.5587225556373596,0.5558388233184814,0.5563329458236694,0.5959295034408569,0.5992695689201355,0.6055007576942444,0.590398371219635,0.6904973387718201,0.6926419138908386,0.7035695910453796,0.7068552374839783,0.7080897092819214,0.7109928727149963,0.0462529100477695,0.0547282472252845,0.0546666868031024,0.0546418651938438,0.0389596447348594,0.0388934649527072,0.0388188138604164,0.0898748189210891,0.0196545086801052,0.0611535608768463,0.0407396629452705,0.1297550946474075,-0.0135202705860137,0.1181923523545265,-0.0412801541388034,0.089794635772705,-0.0294186919927597,0.087882287800312,-0.0338635742664337,0.0805486589670181,-0.0300192479044199,0.0847386568784713,-0.0271117333322763,0.040242426097393,-0.0401859804987907,-0.0686341747641563,-0.1788853406906128,-0.1486997604370117,-0.2940325140953064,-0.162756472826004,-0.3090525865554809,-0.2095757722854614,-0.3627395331859588,Sit-To-Stand
21,0.9955785274505616,0.9944815635681152,0.994135081768036,0.9963109493255616,0.995141327381134,0.9945907592773438,0.9950203895568848,0.9929028153419496,0.992612898349762,0.9928076267242432,0.9925639033317566,0.9995315670967102,0.9991335272789,0.0860421657562255,0.4377825558185577,0.1690520346164703,0.3162209093570709,0.2063601315021515,0.354314386844635,0.2140931487083435,0.3506785631179809,0.1957179903984069,0.3089375793933868,0.9995892643928528,0.9993979930877686,0.6338860988616943,0.8872150182723999,0.8428741693496704,0.9224353432655334,0.883739173412323,0.9484886527061462,0.9082216024398804,0.965928077697754,0.127983957529068,0.1213653907179832,0.1212697625160217,0.1211618185043335,0.120306946337223,0.119366779923439,0.1183899268507957,0.1187649518251419,0.1152890771627426,0.1320433169603347,0.130713552236557,0.1395945101976394,0.1354284584522247,0.1845178008079528,0.1840791553258896,0.2135283201932907,0.1947868764400482,0.2184199839830398,0.1958679258823394,0.2168066501617431,0.193974032998085,0.216252401471138,0.1919654458761215,0.2159290313720703,0.208625316619873,0.2542173266410827,0.2404619753360748,0.2726300358772278,0.2660996615886688,0.2610211968421936,0.2584574222564697,0.2923877835273742,0.2937664687633514,0.5160778760910034,0.516166090965271,0.515876829624176,0.5154515504837036,0.5170770287513733,0.5187731981277466,0.5206590890884399,0.5234258770942688,0.5316045880317688,0.522167444229126,0.5242711901664734,0.5422937273979187,0.5605384111404419,0.5661928653717041,0.5673652291297913,0.5556929707527161,0.5543554425239563,0.5542854070663452,0.5575206279754639,0.5521541237831116,0.5557349324226379,0.5507581830024719,0.5556235909461975,0.5917395949363708,0.6072613596916199,0.6006777882575989,0.5881430506706238,0.6884504556655884,0.6915361285209656,0.7027249932289124,0.7066494226455688,0.7063428163528442,0.7106648683547974,-0.1226240023970604,-0.1173177734017372,-0.1173746436834335,-0.1174347847700119,-0.1318995654582977,-0.1319985091686248,-0.1320911645889282,-0.0654494911432266,-0.1315492689609527,-0.098922774195671,-0.1181307658553123,0.0042113899253308,-0.1185412853956222,0.0339499302208423,-0.1147380843758583,-0.0101198572665452,-0.1096928268671035,-0.0185845457017421,-0.1199974790215492,-0.0361334308981895,-0.1248100847005844,-0.0187768340110778,-0.1107257381081581,0.0418221950531005,-0.04173069819808,-0.1006427034735679,-0.2036319971084594,-0.052718698978424,-0.1942640244960785,-0.0493194833397865,-0.1939699649810791,-0.1050469502806663,-0.2579070329666137,Sit-To-Stand
22,0.9954400658607484,0.9944851398468018,0.9941033720970154,0.996271312236786,0.9950546622276306,0.9944532513618468,0.9948269128799438,0.9929105043411256,0.9924492239952089,0.992986798286438,0.9927712082862854,0.9995644092559814,0.9991790652275084,0.0945366248488426,0.4120898842811584,0.1761924624443054,0.2967034578323364,0.2130277007818222,0.3361478447914123,0.2209778428077697,0.3324408531188965,0.2015507966279983,0.2922967076301574,0.9996103048324584,0.999418079853058,0.6229478120803833,0.8754456639289856,0.8381071090698242,0.9172394275665284,0.8826572299003601,0.945694088935852,0.9079285860061646,0.9640911221504213,0.127156987786293,0.1204368621110916,0.1203663125634193,0.1204196959733963,0.1196251660585403,0.1188631653785705,0.118015669286251,0.1185941845178604,0.115296795964241,0.1313574165105819,0.1301078498363495,0.1370757222175598,0.1366027444601059,0.1834290027618408,0.1861023157835006,0.2133039534091949,0.1994616091251373,0.2187943011522293,0.2031817436218261,0.21701180934906,0.1989592909812927,0.2161481380462646,0.1971040815114975,0.215556263923645,0.2095339745283126,0.2539392113685608,0.2432311773300171,0.2725556492805481,0.2662388980388641,0.2653513550758362,0.2582934498786926,0.2906849384307861,0.2940294742584228,0.5167444348335266,0.5162370800971985,0.5159819722175598,0.5155006647109985,0.5171067714691162,0.5188611745834351,0.5207058191299438,0.5236467719078064,0.5315497517585754,0.5226992964744568,0.5247175097465515,0.5498968362808228,0.5556542277336121,0.5699757933616638,0.5620912313461304,0.5571974515914917,0.5534268617630005,0.5547579526901245,0.5548616051673889,0.5521899461746216,0.5535551309585571,0.5516880750656128,0.5544811487197876,0.5968145728111267,0.6062833666801453,0.6019683480262756,0.5896036028862,0.6858205795288086,0.6905592083930969,0.6976199746131897,0.7068169713020325,0.6999016404151917,0.7084487080574036,-0.0434677526354789,-0.0393462404608726,-0.039400041103363,-0.0394385680556297,-0.0532043278217315,-0.0532681532204151,-0.0533377639949321,-0.0071998261846601,-0.0697045773267746,-0.0281285531818866,-0.0461874790489673,0.0417189486324787,-0.0780829191207885,0.0536093413829803,-0.0865752920508384,0.0202890001237392,-0.0817494317889213,0.015371911227703,-0.0977995321154594,0.0037821070291101,-0.0916468054056167,0.014037737622857,-0.0801279470324516,0.0418954864144325,-0.0418410524725914,-0.0649152994155883,-0.1786737740039825,-0.0982209742069244,-0.2333705723285675,-0.1046947836875915,-0.2412315160036087,-0.1554697901010513,-0.2974859476089477,Sit-To-Stand
23,0.9951244592666626,0.994220733642578,0.9937543869018556,0.9959827661514282,0.99481600522995,0.994111180305481,0.9944653511047364,0.9925481081008912,0.9921406507492064,0.9925687909126282,0.9925107955932616,0.999569833278656,0.9992182850837708,0.0974635332822799,0.4147502779960632,0.1748043298721313,0.2910901010036468,0.2117740660905838,0.3310384750366211,0.2195006161928177,0.3274813592433929,0.2003717273473739,0.2883392870426178,0.9995840191841124,0.999384343624115,0.6134383082389832,0.8747953176498413,0.8336679935455322,0.917770504951477,0.8801788687705994,0.9449246525764464,0.9068517088890076,0.9640785455703736,0.1257378011941909,0.1153831481933593,0.1156366840004921,0.1190938204526901,0.1153488755226135,0.1171391457319259,0.1162156239151954,0.1170540601015091,0.1136630922555923,0.1301228106021881,0.1287523657083511,0.1336742937564849,0.1354348212480545,0.1752563416957855,0.1778890788555145,0.2097624093294143,0.1969171315431594,0.2171234786510467,0.1953644454479217,0.2155469954013824,0.1984997540712356,0.2140392065048217,0.1969188898801803,0.2110121250152588,0.2094893008470535,0.2519035935401916,0.2460239231586456,0.266070544719696,0.2661585509777069,0.2615273594856262,0.2571514248847961,0.2846671938896179,0.2939202189445495,0.5212846398353577,0.5224156975746155,0.5226197838783264,0.5196069478988647,0.5218702554702759,0.5233319401741028,0.5249648690223694,0.5273406505584717,0.534622073173523,0.5266832709312439,0.5289768576622009,0.5554988980293274,0.5541079044342041,0.5705316066741943,0.561371922492981,0.5573651194572449,0.5533877015113831,0.554548442363739,0.5560210943222046,0.5521618127822876,0.5533246397972107,0.5522904992103577,0.554399847984314,0.6006245017051697,0.6068064570426941,0.5980929136276245,0.5906324982643127,0.674163281917572,0.6904285550117493,0.6856109499931335,0.7067884802818298,0.687648355960846,0.706515371799469,-0.0480031818151474,-0.0439778193831443,-0.0440270751714706,-0.0440591685473918,-0.0579654648900032,-0.0580197349190712,-0.0580794736742973,-0.010652077384293,-0.0734287574887275,-0.0321747586131095,-0.0502838902175426,0.0429139956831932,-0.0853852555155754,0.0538352914154529,-0.0882052630186081,0.0261475555598735,-0.0756223946809768,0.0241156481206417,-0.0706064701080322,0.013612313196063,-0.0655645653605461,0.0206352286040782,-0.069189965724945,0.0437603071331977,-0.0438037291169166,-0.0096361506730318,-0.14075967669487,-0.0771739482879638,-0.2168844491243362,-0.0854255929589271,-0.2245126664638519,-0.1169561296701431,-0.2599308490753174,Sit-To-Stand
24,0.995388686656952,0.9945672154426576,0.994080126285553,0.9961875081062316,0.995130181312561,0.994440495967865,0.9947568774223328,0.9929875135421752,0.9926391243934632,0.9930865168571472,0.9930508732795716,0.9995920062065125,0.9992676973342896,0.1022868379950523,0.4191745519638061,0.1833458542823791,0.296836793422699,0.2196179330348968,0.3393365144729614,0.2274339348077774,0.3359429836273193,0.2075113654136657,0.2974845468997955,0.9996070861816406,0.999392867088318,0.6197670102119446,0.8768900036811829,0.8410866260528564,0.921380877494812,0.8864337205886841,0.9477603435516356,0.9120193719863892,0.9658656120300292,0.1249291151762008,0.1148686185479164,0.1156520396471023,0.1186935901641845,0.1152453869581222,0.116154633462429,0.1151840537786483,0.116952896118164,0.1131879091262817,0.1295856833457946,0.1262058913707733,0.13408263027668,0.1356240361928939,0.1748453229665756,0.1747828125953674,0.2038358747959137,0.1883993446826934,0.2111690789461136,0.1879090964794159,0.2080057859420776,0.1871940940618515,0.2059800177812576,0.1885293275117874,0.2130103856325149,0.2122325897216797,0.2574769854545593,0.2466524392366409,0.2735556066036224,0.2662990689277649,0.2618760466575622,0.2572188973426819,0.291437953710556,0.2937885522842407,0.5247008204460144,0.526864230632782,0.5258507132530212,0.5254007577896118,0.5247557163238525,0.5257973670959473,0.526873767375946,0.5346617102622986,0.5360093712806702,0.5308545231819153,0.533582329750061,0.5689911246299744,0.5533724427223206,0.5776755809783936,0.5584074258804321,0.5641393661499023,0.5533676743507385,0.5614551305770874,0.5563830137252808,0.559213399887085,0.5552676916122437,0.5596026182174683,0.5543205142021179,0.608323872089386,0.6063060760498047,0.6152511835098267,0.5911769270896912,0.6880404353141785,0.6880041360855103,0.6921678781509399,0.7042840123176575,0.693280041217804,0.7074630856513977,0.0016481017228215,0.0058428980410099,0.0057874377816915,0.005774987861514,-0.0095573654398322,-0.0096113365143537,-0.0096628302708268,0.0313120037317276,-0.0397384949028492,0.0132502065971493,-0.006883421447128,0.0740709751844406,-0.0774293765425682,0.0827027931809425,-0.085532858967781,0.0684194415807724,-0.0744877681136131,0.0691719129681587,-0.0767454504966735,0.0606310591101646,-0.0720846652984619,0.0637537091970443,-0.0712154954671859,0.0456142015755176,-0.0456765219569206,-0.0050683110021054,-0.1268189251422882,-0.089527390897274,-0.2088843137025833,-0.1005448848009109,-0.2183038890361786,-0.1413564383983612,-0.2573258876800537,Sit-To-Stand
25,0.9956005215644836,0.994866132736206,0.9943712949752808,0.9963684678077698,0.995395004749298,0.994732141494751,0.9950233101844788,0.9933828115463256,0.9931487441062928,0.9935351610183716,0.9935252666473388,0.9996036887168884,0.999311864376068,0.0986677929759025,0.4307942688465118,0.1779927015304565,0.3085496127605438,0.2147864997386932,0.3531213998794555,0.2225745916366577,0.3497368991374969,0.2035583406686782,0.309786319732666,0.9996238350868224,0.999411165714264,0.6256392002105713,0.8807371854782104,0.844738245010376,0.925527036190033,0.8907217979431152,0.9506088495254515,0.9153746366500854,0.9678853750228882,0.1230039596557617,0.1144297868013382,0.1148299127817154,0.1163778081536293,0.1143414750695228,0.1144963055849075,0.1137022823095321,0.115142598748207,0.1123677864670753,0.127930611371994,0.1256556212902069,0.1344640702009201,0.135694608092308,0.1753941476345062,0.175564557313919,0.2046195715665817,0.1896644532680511,0.2119307518005371,0.1914807558059692,0.2092723846435547,0.1888207495212555,0.2071930915117263,0.1890684515237808,0.213629201054573,0.2127145826816558,0.2571805715560913,0.2484193742275238,0.2731230854988098,0.2659356296062469,0.2604381144046783,0.255865603685379,0.2911681830883026,0.2936331033706665,0.5241579413414001,0.5259866118431091,0.5253327488899231,0.5251452326774597,0.5247655510902405,0.5259239077568054,0.5270941853523254,0.5346590280532837,0.5368383526802063,0.530178427696228,0.5329210162162781,0.565750777721405,0.5529884099960327,0.5763242244720459,0.5573368072509766,0.563510537147522,0.553409218788147,0.5607506036758423,0.5567491054534912,0.5585763454437256,0.5557745099067688,0.5590137839317322,0.5548883080482483,0.6069323420524597,0.6045005321502686,0.6149598360061646,0.5921707153320312,0.6881513595581055,0.6872893571853638,0.6925154328346252,0.7044790387153625,0.6954687237739563,0.707906186580658,-0.0007936150650493,0.004113798495382,0.0040572742000222,0.0040362672880291,-0.011269231326878,-0.0113230077549815,-0.0113800484687089,0.0389492884278297,-0.0386592373251915,0.0123703256249427,-0.0078232940286397,0.0911915600299835,-0.071056380867958,0.0939408093690872,-0.0960578694939613,0.0661070346832275,-0.0866175442934036,0.0660477727651596,-0.0941290482878685,0.0546356961131095,-0.0888734012842178,0.0600319281220436,-0.0834917277097702,0.0477430298924446,-0.0477696806192398,-0.0018620823975652,-0.1379873305559158,-0.0760269984602928,-0.2238285839557647,-0.0866042748093605,-0.232280820608139,-0.1282836496829986,-0.2767465710639953,Sit-To-Stand
26,0.9955667853355408,0.9949439764022828,0.9944216012954712,0.9963803887367249,0.9954942464828492,0.9948687553405762,0.9951115250587464,0.9935322999954224,0.9934182167053224,0.993869423866272,0.9938681721687316,0.9996231198310852,0.9993619322776794,0.1014490202069282,0.4278983771800995,0.1817309111356735,0.3127002418041229,0.2160035669803619,0.3551265299320221,0.222872108221054,0.350668340921402,0.2030903995037078,0.3088935315608978,0.9996492862701416,0.9994531273841858,0.6339983344078064,0.8741645812988281,0.8478888273239136,0.9223368167877196,0.8960192203521729,0.9521127343177797,0.9187865257263184,0.9679532647132874,0.1228645220398902,0.1135248765349388,0.1148005723953247,0.1158132925629615,0.1139337792992591,0.114285685122013,0.113695427775383,0.1143592223525047,0.112449824810028,0.1276179254055023,0.1256573498249054,0.1340279728174209,0.1360350549221038,0.1749645173549652,0.1758733689785003,0.2050924599170684,0.1893341541290283,0.2123723477125167,0.1922745108604431,0.2098923921585083,0.190313458442688,0.2078324258327484,0.1900267899036407,0.2134117633104324,0.2124494612216949,0.2565470039844513,0.2468052357435226,0.2730481922626495,0.2663081884384155,0.2663601338863373,0.2569566369056701,0.2910816669464111,0.2935317456722259,0.5236532092094421,0.5255140662193298,0.5251343250274658,0.524829626083374,0.5245370864868164,0.5250512361526489,0.5260111093521118,0.5341164469718933,0.535651445388794,0.5300619602203369,0.5314309597015381,0.5657037496566772,0.5464724898338318,0.575951874256134,0.5451143383979797,0.5624189972877502,0.5537391304969788,0.5595241189002991,0.5575124621391296,0.5575472116470337,0.5575883388519287,0.5576208233833313,0.5568057894706726,0.606275737285614,0.6002498865127563,0.617761492729187,0.5924833416938782,0.6867916584014893,0.6869111657142639,0.6943331956863403,0.7007681727409363,0.697510302066803,0.706552267074585,0.00278508849442,0.0081047192215919,0.0080497730523347,0.0080282725393772,-0.0082003129646182,-0.0082576107233762,-0.0083340127021074,0.0383353903889656,-0.0385181382298469,0.0156420022249221,-0.0054699215106666,0.0856962129473686,-0.0671016722917556,0.0886824801564216,-0.0887171477079391,0.061891384422779,-0.084168329834938,0.0610623881220817,-0.0932251662015914,0.0516022369265556,-0.0847184211015701,0.0563719756901264,-0.0820612087845802,0.0465024039149284,-0.0465345829725265,-0.0181152410805225,-0.1612115800380706,-0.1345960348844528,-0.3147193193435669,-0.1498278230428695,-0.3323044776916504,-0.201048344373703,-0.3907604813575744,Sit-To-Stand
27,0.9959633946418762,0.9953864216804504,0.9949020743370056,0.9966909885406494,0.9958845376968384,0.995315670967102,0.9955343008041382,0.9940993189811708,0.9940015077590942,0.994415044784546,0.994399905204773,0.9996302127838136,0.9994162917137146,0.0962087735533714,0.449288547039032,0.1830828487873077,0.3440964818000793,0.2202034443616867,0.3847803771495819,0.2272184938192367,0.3798213601112366,0.207983449101448,0.3376873731613159,0.999675154685974,0.9994887113571168,0.65818852186203,0.8847298622131348,0.8561140298843384,0.927876353263855,0.901741087436676,0.9555556774139404,0.9228595495224,0.9700995683670044,0.1162721887230873,0.112147532403469,0.1127576008439064,0.1151268258690834,0.1123383790254592,0.1119533330202102,0.111677847802639,0.1144401803612709,0.112332783639431,0.1224264949560165,0.1219256520271301,0.1401356011629104,0.1334719359874725,0.1823594272136688,0.1670941114425659,0.211871713399887,0.1850999146699905,0.2202965021133422,0.1886117160320282,0.2182354032993316,0.1877749264240265,0.2149101197719574,0.1865310370922088,0.2142178565263748,0.2102164477109909,0.2529128491878509,0.2469979971647262,0.2709888219833374,0.2664624750614166,0.2651866972446441,0.2574967741966247,0.2915912270545959,0.2935873568058014,0.5235123038291931,0.5253708958625793,0.5248228311538696,0.5246727466583252,0.5243064761161804,0.5248779058456421,0.5259068608283997,0.5327789187431335,0.5348394513130188,0.5297617316246033,0.5304175615310669,0.5568943619728088,0.5396345257759094,0.565345048904419,0.5453445911407471,0.5610816478729248,0.5565477013587952,0.5590988993644714,0.5622547268867493,0.5570669174194336,0.560795247554779,0.5575142502784729,0.5616069436073303,0.5971778631210327,0.5920727849006653,0.6123946905136108,0.5918790102005005,0.6865450739860535,0.6871810555458069,0.6952712535858154,0.700962483882904,0.6977527141571045,0.7056664228439331,0.1202973872423172,0.1306385546922683,0.130604088306427,0.1305952966213226,0.1168140396475792,0.1167606487870216,0.1166798248887062,0.1626233905553817,0.1009805351495742,0.1320969313383102,0.1142260655760765,0.1866916716098785,0.0340208038687706,0.163175567984581,-0.0503120645880699,0.1323210299015045,-0.0878043472766876,0.1328944265842437,-0.1005006581544876,0.1240566372871398,-0.0901063606142997,0.1269412040710449,-0.0843863934278488,0.0459549576044082,-0.0459802523255348,-0.0394226685166358,-0.156750202178955,-0.1542715430259704,-0.2803475558757782,-0.1706219613552093,-0.2947259545326233,-0.2156502455472946,-0.3461363911628723,Sit-To-Stand
28,0.9962443113327026,0.995648205280304,0.9951792359352112,0.9968613982200624,0.9961333870887756,0.9956161379814148,0.9958166480064392,0.9944709539413452,0.994371771812439,0.9947649240493774,0.9947466850280762,0.9996423125267028,0.999467670917511,0.0919286236166954,0.4831484854221344,0.1908129453659057,0.3902715742588043,0.2306198179721832,0.4268043935298919,0.237504094839096,0.4215441048145294,0.2175904512405395,0.3796158134937286,0.9997034072875975,0.9995306730270386,0.6756240129470825,0.8936514258384705,0.8590850830078125,0.9321117401123048,0.9045250415802002,0.9579366445541382,0.9233164191246032,0.9712602496147156,0.1167880296707153,0.112773098051548,0.1131196841597557,0.1151308640837669,0.1123960986733436,0.1121297851204872,0.111819103360176,0.1146331876516342,0.11231529712677,0.1227844581007957,0.1222930550575256,0.1430921256542205,0.1302723884582519,0.1876108348369598,0.1660672277212143,0.2175277024507522,0.1863436251878738,0.2271321266889572,0.190519630908966,0.2251275032758712,0.1887574195861816,0.219739943742752,0.1872738897800445,0.2153538465499878,0.2076100558042526,0.2519591748714447,0.2453750371932983,0.2705608010292053,0.2665065228939056,0.2673101723194122,0.2587540447711944,0.2919268012046814,0.2936561703681946,0.5191613435745239,0.5218573212623596,0.5221539735794067,0.5226660370826721,0.5211371183395386,0.5215991139411926,0.522339403629303,0.5294915437698364,0.5290584564208984,0.5228305459022522,0.5231200456619263,0.5458527207374573,0.5328786373138428,0.5560176968574524,0.5439595580101013,0.5560435056686401,0.5564293265342712,0.5560961961746216,0.5625804662704468,0.553292453289032,0.5603886842727661,0.5549772381782532,0.5606935024261475,0.5891193151473999,0.585290789604187,0.6072680950164795,0.5909904837608337,0.6852150559425354,0.6868377327919006,0.6952075958251953,0.6995868682861328,0.6982014179229736,0.7061049342155457,0.1505782902240753,0.16006900370121,0.1600424349308014,0.1600267142057418,0.146753579378128,0.146701231598854,0.1465894430875778,0.1855078339576721,0.1258929073810577,0.1599235385656356,0.1426513344049453,0.1972539871931076,0.0574916526675224,0.1732403188943863,-0.0307378116995096,0.1365353912115097,-0.0888315588235855,0.1332261860370636,-0.1032788529992103,0.1259453296661377,-0.0938128381967544,0.1312529146671295,-0.0860945135354995,0.0431470051407814,-0.0432203747332096,-0.0645356029272079,-0.1556634753942489,-0.1501743197441101,-0.2520667016506195,-0.16299968957901,-0.2625916004180908,-0.2070807665586471,-0.3112601935863495,Sit-To-Stand
29,0.9964122176170348,0.995738446712494,0.9952545762062072,0.9968985319137572,0.996206521987915,0.995743453502655,0.9959671497344972,0.9944099187850952,0.9944359064102172,0.994845449924469,0.9948417544364928,0.9995723962783812,0.9994999170303344,0.0865438804030418,0.4906041920185089,0.1827175170183181,0.3907240629196167,0.2237371951341629,0.4283356964588165,0.2304928302764892,0.4234799146652221,0.2118779122829437,0.3838346600532532,0.999706506729126,0.9995352625846864,0.6938405632972717,0.9013603925704956,0.8563202023506165,0.931969940662384,0.8991081118583679,0.955915093421936,0.9166671633720398,0.9690374135971068,0.112516775727272,0.1106219142675399,0.1110375970602035,0.1140100732445716,0.1100002899765968,0.1091701760888099,0.1089765056967735,0.1146349087357521,0.1106568947434425,0.1216837540268898,0.1186757907271385,0.1459325551986694,0.1255797743797302,0.1865047812461853,0.1583715379238128,0.2109746038913726,0.1826663315296173,0.2187072932720184,0.1877274215221405,0.2165720015764236,0.187179684638977,0.2122268974781036,0.184292584657669,0.214773491024971,0.1987182796001434,0.2503198981285095,0.2402622699737548,0.2700237035751343,0.2660803198814392,0.2717163860797882,0.2622215151786804,0.2919147908687591,0.2932474613189697,0.5239081978797913,0.5236278176307678,0.5238633751869202,0.5227507948875427,0.5234092473983765,0.5260536670684814,0.5265082120895386,0.5285935997962952,0.5318470597267151,0.5236061215400696,0.5275515913963318,0.5392495393753052,0.5441378355026245,0.5546248555183411,0.5636786222457886,0.5558580160140991,0.5646529793739319,0.5564178228378296,0.5696098208427429,0.55345618724823,0.5655530691146851,0.5549401640892029,0.5638367533683777,0.5833395719528198,0.5883677005767822,0.594989538192749,0.5834311842918396,0.6824581623077393,0.686883270740509,0.6945648193359375,0.6990045309066772,0.6987316608428955,0.7052493691444397,0.1191826239228248,0.1305708885192871,0.130533367395401,0.1305087208747863,0.1212232336401939,0.121174931526184,0.1210589557886123,0.1713113188743591,0.1295998096466064,0.1336544901132583,0.1213351860642433,0.1880792677402496,0.0776806846261024,0.1642235517501831,-0.0058581670746207,0.1179850324988365,-0.0797618553042411,0.1106998100876808,-0.0940751284360885,0.1038239747285842,-0.0864607095718383,0.1127609387040138,-0.0803097262978553,0.0342394039034843,-0.0342059358954429,-0.1038450002670288,-0.173626497387886,-0.1571778059005737,-0.2409670054912567,-0.1669900268316269,-0.24886254966259,-0.2149598598480224,-0.300828605890274,Sit-To-Stand
38,0.9947062134742736,0.9951127171516418,0.9943813681602478,0.9962199926376344,0.9948802590370178,0.9936061501502992,0.9942699670791626,0.9935239553451538,0.9927306175231934,0.9950542449951172,0.9950344562530518,0.9995932579040528,0.999538242816925,0.1309933215379715,0.5320366621017456,0.2472444474697113,0.4469783902168274,0.2877084612846374,0.4799929857254028,0.2933590412139892,0.4751811623573303,0.2744074165821075,0.4383995831012726,0.9996700882911682,0.9995182156562804,0.689789891242981,0.9082527160644532,0.8299140334129333,0.933903992176056,0.8866174817085266,0.954016387462616,0.8916645050048828,0.9660600423812866,0.1650571525096893,0.1668762117624282,0.1687084585428238,0.1705474555492401,0.1620226502418518,0.1601535230875015,0.1583101153373718,0.1732116788625717,0.1559054106473922,0.1688401401042938,0.1625228822231292,0.1917878240346908,0.1411047577857971,0.2115640640258789,0.1468870937824249,0.2243573367595672,0.1729516088962555,0.2281174212694168,0.1795045584440231,0.2244332283735275,0.18283511698246,0.2204259186983108,0.1817676424980163,0.1893216371536255,0.1607422083616256,0.2451661527156829,0.2057676762342453,0.2453949749469757,0.239066332578659,0.2361749112606048,0.2363177090883255,0.273597776889801,0.2723128795623779,0.4963332414627075,0.4907313585281372,0.4901967644691467,0.4896755516529083,0.4917750656604767,0.4919602572917938,0.4921628534793854,0.4891694784164428,0.4928480088710785,0.4999959170818329,0.5013786554336548,0.5082529187202454,0.5132672786712646,0.5445622801780701,0.5607802867889404,0.5410576462745667,0.5545321106910706,0.5415911078453064,0.5631142854690552,0.5376409292221069,0.5591877102851868,0.5367394685745239,0.5563722252845764,0.579688310623169,0.5854912996292114,0.586300790309906,0.5919076204299927,0.6759636402130127,0.6914173364639282,0.6916957497596741,0.713312566280365,0.7036011219024658,0.7160772681236267,0.062323123216629,0.0725607872009277,0.0724911466240882,0.0724527686834335,0.0683675333857536,0.0683812946081161,0.0682980716228485,0.1233258619904518,0.1055364832282066,0.0822354406118393,0.0768994018435478,0.1446889042854309,0.0767030864953994,0.0690803825855255,0.0002852277539204,-0.0661234781146049,-0.073478989303112,-0.0927332714200019,-0.0898644253611564,-0.0897944346070289,-0.0897625908255577,-0.0688836202025413,-0.0739316642284393,0.0366936102509498,-0.0366923660039901,-0.1001233085989952,-0.205895259976387,-0.1359819769859314,-0.2238209545612335,-0.1421092599630355,-0.2247110158205032,-0.1922282725572586,-0.2746903896331787,Sit-To-Stand
39,0.9928190112113952,0.9944380521774292,0.9934929013252258,0.9954141974449158,0.9938027858734132,0.9923788905143738,0.9933785796165466,0.9926349520683287,0.9922006130218506,0.9945993423461914,0.9946966171264648,0.999496340751648,0.9995647072792052,0.1375271081924438,0.568753182888031,0.2688723504543304,0.4917551875114441,0.3127919137477875,0.5188455581665039,0.3164213001728058,0.5143052935600281,0.2982360422611236,0.4808504581451416,0.9995313286781312,0.999399721622467,0.699117124080658,0.9120017290115356,0.8166126012802124,0.9304829835891724,0.8758774995803833,0.9506335258483888,0.8766576051712036,0.9593841433525084,0.1690376996994018,0.1708423346281051,0.1729381829500198,0.1750396192073822,0.1653496474027633,0.1632798612117767,0.1612386852502823,0.1777926087379455,0.1584986746311187,0.1733137667179107,0.1662074774503708,0.1958204209804535,0.1430403888225555,0.2155911475419998,0.1450820565223693,0.2206650227308273,0.1685358583927154,0.2249936163425445,0.1737110018730163,0.2192518264055252,0.1771780103445053,0.2146855592727661,0.1764502227306366,0.1957799345254898,0.1644789725542068,0.2487970292568206,0.2096420973539352,0.2519106566905975,0.2396335303783416,0.2431349754333496,0.2363174855709076,0.2762531042098999,0.2708528637886047,0.4984156191349029,0.492587149143219,0.4921325147151947,0.4917020201683044,0.4933854043483734,0.4935463368892669,0.4937173724174499,0.4919683337211609,0.4950534999370575,0.5028244853019714,0.5041136145591736,0.5134392976760864,0.514254629611969,0.5454179048538208,0.5523456931114197,0.5422875881195068,0.549145519733429,0.5457220077514648,0.5536399483680725,0.5418907403945923,0.548248827457428,0.5421249270439148,0.5481645464897156,0.5854637026786804,0.5901054739952087,0.5876464247703552,0.5924769639968872,0.6809212565422058,0.6980155110359192,0.6994438171386719,0.7164174318313599,0.7051594853401184,0.7161788940429688,0.0757177025079727,0.0886022597551345,0.0885407924652099,0.0885228738188743,0.0838521867990493,0.0838534384965896,0.0837387591600418,0.1458765268325805,0.1257710307836532,0.0970972701907157,0.0909717082977294,0.1619301587343216,0.0881629586219787,0.0790949910879135,-0.0112335346639156,-0.0424437895417213,-0.095552809536457,-0.0628060773015022,-0.1088703721761703,-0.0560044758021831,-0.107876643538475,-0.0430364422500133,-0.0956221669912338,0.0353023298084735,-0.0352880656719207,-0.086048386991024,-0.1761844754219055,-0.1611804068088531,-0.2262438982725143,-0.1725575029850006,-0.2305458486080169,-0.2237978726625442,-0.2811644673347473,Sit-To-Stand
40,0.9729864597320556,0.9863473773002625,0.9854589700698853,0.9880093336105348,0.9747435450553894,0.9671801924705504,0.9636508226394652,0.9895777106285096,0.974205195903778,0.9933926463127136,0.9920456409454346,0.9995042085647584,0.9995595812797546,0.1675680130720138,0.5899818539619446,0.3081321716308594,0.5218672752380371,0.3533830344676971,0.5470563173294067,0.3552199304103851,0.5406560897827148,0.3313662409782409,0.5067676901817322,0.9995512962341307,0.99941486120224,0.7102494835853577,0.916803777217865,0.8214379549026489,0.93276047706604,0.877783477306366,0.9495744705200196,0.8769871592521667,0.9594766497612,0.149741917848587,0.1510055959224701,0.153262585401535,0.1555267572402954,0.1450917571783065,0.1429007351398468,0.1407359987497329,0.159717708826065,0.1393929421901703,0.1557791084051132,0.1484152823686599,0.1832250207662582,0.1311814785003662,0.2003713846206665,0.1349670141935348,0.1970065236091613,0.1554454267024994,0.2003785073757171,0.1587472259998321,0.194803312420845,0.1620832979679107,0.1921344101428985,0.1622256636619568,0.1899448931217193,0.1595411002635955,0.2436091601848602,0.204096719622612,0.2511889338493347,0.2354824542999267,0.2426519840955734,0.2319742739200592,0.2760301232337951,0.2599261105060577,0.5013477802276611,0.493323415517807,0.492622971534729,0.4919759333133697,0.4947977662086487,0.4951592683792114,0.4955394566059112,0.4917759895324707,0.4962075352668762,0.5052690505981445,0.5075569152832031,0.5128438472747803,0.5143614411354065,0.5454035997390747,0.5446169972419739,0.5459877848625183,0.5390034317970276,0.550682783126831,0.5401982069015503,0.5459331274032593,0.5377007126808167,0.5460644960403442,0.5386322140693665,0.5877241492271423,0.5974115133285522,0.5855708718299866,0.5924710035324097,0.6880084872245789,0.6875668168067932,0.7113059759140015,0.7117948532104492,0.7092010378837585,0.7130283117294312,-0.1506169587373733,-0.1441619843244552,-0.1442255973815918,-0.1443083137273788,-0.1462361961603164,-0.1462464183568954,-0.1463096886873245,-0.0731496959924697,-0.0816758349537849,-0.1205397844314575,-0.1231617555022239,-0.0196592789143323,-0.0647023990750312,-0.1424693763256073,-0.1951299607753753,-0.3094775080680847,-0.3344982266426086,-0.3434990048408508,-0.3628908991813659,-0.3421721458435058,-0.3589931428432464,-0.3131957054138183,-0.3358694314956665,0.0334092676639556,-0.0333815142512321,-0.1277023553848266,-0.2162324637174606,-0.1778653860092163,-0.2261230945587158,-0.1869113147258758,-0.2301305532455444,-0.2660152018070221,-0.2907975316047668,Sit-To-Stand
41,0.9755949378013612,0.9876471757888794,0.9868584871292114,0.9891370534896852,0.9771547913551332,0.9703377485275269,0.967035949230194,0.9905882477760316,0.9766954183578492,0.99403977394104,0.9928144812583924,0.9995355606079102,0.999556303024292,0.2441761791706085,0.6292294859886169,0.3698368668556213,0.5626608729362488,0.4113546013832092,0.5847734808921814,0.4123716652393341,0.577911913394928,0.3857161402702331,0.5434405207633972,0.9995695948600768,0.9994397163391112,0.7358598113059998,0.9232054948806764,0.8342359662055969,0.935270607471466,0.8861080408096313,0.9505600333213806,0.8858959078788757,0.9613862037658693,0.1526139676570892,0.1539817899465561,0.1561936140060424,0.1584145128726959,0.1478737890720367,0.1456720530986786,0.1434991806745529,0.1621626615524292,0.1407117694616317,0.1580376774072647,0.1508283913135528,0.1849133074283599,0.1281132400035858,0.2028286904096603,0.1191134601831436,0.1982690989971161,0.1343636363744735,0.1971677839756012,0.1375893354415893,0.1937634497880935,0.1406567096710205,0.1917390525341034,0.1414846330881118,0.1908821016550064,0.1595079004764557,0.2445956468582153,0.1906098425388336,0.2504770457744598,0.2380554378032684,0.2431025803089141,0.2403985559940338,0.274261325597763,0.2626580595970154,0.5151187777519226,0.5046451687812805,0.5029812455177307,0.5013792514801025,0.5081832408905029,0.5089060068130493,0.509646475315094,0.4958213567733764,0.5066123604774475,0.5159853100776672,0.5199819207191467,0.5058043003082275,0.5217881798744202,0.5341951847076416,0.5477746725082397,0.5457491278648376,0.5349768996238708,0.5531712174415588,0.5335128903388977,0.5472568273544312,0.528971791267395,0.5461469292640686,0.530098557472229,0.5774323344230652,0.5957633852958679,0.5855966806411743,0.6031495928764343,0.6907087564468384,0.6952806711196899,0.7106541395187378,0.7122983932495117,0.7088619470596313,0.7115631699562073,-0.4484259486198425,-0.4458894729614258,-0.4459007382392883,-0.4460229277610779,-0.4463931918144226,-0.446472018957138,-0.4464860558509826,-0.3615170121192932,-0.3645393252372741,-0.4110839962959289,-0.4121508598327636,-0.2735620141029358,-0.2790737748146057,-0.4036556184291839,-0.4270001351833343,-0.5694906711578369,-0.6122288703918457,-0.6069005131721497,-0.6472284197807312,-0.6038508415222168,-0.641861617565155,-0.5715463161468506,-0.6146133542060852,0.0191771350800991,-0.0191133581101894,-0.2257066965103149,-0.2684287428855896,-0.2138016670942306,-0.2370315790176391,-0.2181885689496994,-0.2377539873123169,-0.2952044606208801,-0.3044837117195129,Sit-To-Stand
42,0.9771971106529236,0.9881481528282166,0.987332284450531,0.9895732402801514,0.9784379601478576,0.9722280502319336,0.969324827194214,0.990678608417511,0.977746307849884,0.9941399097442628,0.9930399060249328,0.999271273612976,0.9995661973953248,0.243440642952919,0.6487381458282471,0.3754458725452423,0.5946142673492432,0.4213106334209442,0.6141359806060791,0.422098845243454,0.6086429953575134,0.3963173329830169,0.5774491429328918,0.9994933605194092,0.999406635761261,0.7532256245613098,0.9297649264335632,0.8382027745246887,0.9394121766090392,0.8902944326400757,0.9531279802322388,0.8873329162597656,0.9631926417350768,0.152395874261856,0.151884987950325,0.1541420519351959,0.1546486616134643,0.1498382687568664,0.1472615897655487,0.1459911167621612,0.1638006865978241,0.1426222026348114,0.1565190851688385,0.1526430696249008,0.189605563879013,0.1403268277645111,0.2041108906269073,0.1369422376155853,0.2004626542329788,0.1478956192731857,0.2017769068479538,0.1530483365058899,0.1976500451564788,0.1559801399707794,0.1954971700906753,0.1560322493314743,0.2100197076797485,0.1807543039321899,0.2518604397773742,0.2336766421794891,0.250415176153183,0.2424466609954834,0.2455487698316574,0.239861324429512,0.2727513611316681,0.2635444104671478,0.4850386679172516,0.4837947487831116,0.48236945271492,0.4817979037761688,0.4844726026058197,0.4863196015357971,0.4864120185375213,0.479817271232605,0.4896817505359649,0.4896708130836487,0.4956654906272888,0.5001607537269592,0.5160292983055115,0.5347939729690552,0.5366134643554688,0.5470902919769287,0.5357674360275269,0.5558803081512451,0.5402092337608337,0.5510746240615845,0.5357528924942017,0.5495138168334961,0.5353851318359375,0.5908052325248718,0.604751467704773,0.5904248356819153,0.6015241146087646,0.6952402591705322,0.6989028453826904,0.713175892829895,0.7140300273895264,0.7178313732147217,0.718465268611908,0.0156992226839065,0.0209387056529521,0.0208889544010162,0.0208701211959123,0.0213349796831607,0.0212787333875894,0.0211449731141328,0.0618954375386238,0.0659521073102951,0.0324548222124576,0.0332978703081607,0.0906211882829666,0.0398855991661548,0.0105616133660078,-0.0627647787332534,-0.0993754416704177,-0.1676732003688812,-0.1190853118896484,-0.1883224099874496,-0.1224213019013404,-0.191769078373909,-0.1033541113138198,-0.1714047938585281,0.0200318116694688,-0.0196826010942459,-0.1496579349040985,-0.2042443007230758,-0.1868517696857452,-0.2349629402160644,-0.189001053571701,-0.2385142296552658,-0.257491260766983,-0.2970507740974426,
46,0.9793128967285156,0.9889847040176392,0.9883237481117249,0.990215003490448,0.9800596833229064,0.9743942618370056,0.9710420966148376,0.9912522435188292,0.9793611168861388,0.9946596026420592,0.9936404228210448,0.9993377327919006,0.9995891451835632,0.3047755062580108,0.6789153814315796,0.4279711544513702,0.6311213970184326,0.4699195623397827,0.6483933925628662,0.4709530174732208,0.6427624821662903,0.443055510520935,0.6109606623649597,0.9995352029800416,0.9994422793388368,0.754320502281189,0.921907365322113,0.8360509872436523,0.91116201877594,0.8894768953323364,0.918264627456665,0.8819043636322021,0.9293962717056274,0.1566557735204696,0.1583202183246612,0.1598117649555206,0.1613048017024994,0.1538871675729751,0.1522848904132843,0.1506991982460022,0.1633512526750564,0.1481774747371673,0.1596122533082962,0.1545517742633819,0.1759024560451507,0.1400908976793289,0.1815271526575088,0.1411424577236175,0.1799256801605224,0.1715003550052642,0.1824763417243957,0.1778926402330398,0.1792780309915542,0.1803954690694809,0.1776460856199264,0.1782359182834625,0.1772014647722244,0.15300053358078,0.219945952296257,0.1521042883396148,0.2251265496015548,0.1445527672767639,0.2198029309511184,0.1442757695913314,0.2453073561191558,0.1417906880378723,0.5092887282371521,0.5023595690727234,0.5020505785942078,0.5017619132995605,0.5030031800270081,0.5031196475028992,0.5032545328140259,0.5016137361526489,0.5039269924163818,0.5142644643783569,0.5151416063308716,0.5176504850387573,0.5261813998222351,0.5466576814651489,0.5591306686401367,0.5549855828285217,0.5604323148727417,0.5599212646484375,0.5694065093994141,0.5560176372528076,0.565293550491333,0.5554956793785095,0.5646299719810486,0.5809205770492554,0.5885034799575806,0.6021536588668823,0.6028376221656799,0.6627627015113831,0.6421555280685425,0.6751284003257751,0.6468117833137512,0.6750326752662659,0.659895122051239,-0.2941886186599731,-0.2906797528266907,-0.2907108664512634,-0.2907653748989105,-0.2934831976890564,-0.2935139536857605,-0.2935485243797302,-0.2306054383516311,-0.2439825981855392,-0.2683402299880981,-0.2722632586956024,-0.18128003180027,-0.202080562710762,-0.2821511924266815,-0.3058443665504455,-0.4221954941749573,-0.4153002798557281,-0.4546293616294861,-0.4434373378753662,-0.4593010544776916,-0.4396297931671142,-0.4272941946983337,-0.4157678484916687,0.0134140653535723,-0.0133887799456715,-0.1389848291873932,-0.1452409029006958,-0.1026991754770279,-0.023943830281496,-0.1032447591423988,-0.014537121169269,-0.1692197471857071,-0.0591891892254352,Sit-To-Stand
47,0.9813782572746276,0.9900837540626526,0.989486038684845,0.9911863207817078,0.9820517301559448,0.9769525527954102,0.9739356637001038,0.9921181797981262,0.9814246892929076,0.9951924681663512,0.9942759871482848,0.9993999004364014,0.9996289610862732,0.2801271080970764,0.7095692157745361,0.4016859531402588,0.6656149625778198,0.4484514594078064,0.6794641017913818,0.4486875236034393,0.6741597652435303,0.4231112003326416,0.6426320672035217,0.9995813369750975,0.9994888305664062,0.7562568187713623,0.9150766730308532,0.8359799981117249,0.8826854825019836,0.8867698907852173,0.9008268117904664,0.8731252551078796,0.913066267967224,0.1979499459266662,0.1969962865114212,0.197097823023796,0.1972403824329376,0.1948052048683166,0.1932530850172042,0.1917197853326797,0.1928851306438446,0.1818767935037613,0.2003299444913864,0.1962764114141464,0.1906236857175827,0.1570671051740646,0.1970733702182769,0.1500599235296249,0.1987095326185226,0.1718948632478714,0.1997045576572418,0.1780185252428054,0.1971883475780487,0.1824893355369568,0.1959369331598281,0.1840296238660812,0.1915385574102401,0.1662072241306305,0.2325023114681244,0.1317243576049804,0.2253491431474685,0.1050622016191482,0.2197857350111007,0.1051263585686683,0.2394294291734695,0.0881104096770286,0.4569362699985504,0.4518527090549469,0.4514016211032867,0.4509790241718292,0.452403575181961,0.4522389471530914,0.452081024646759,0.446161687374115,0.4516432881355285,0.4593129158020019,0.4598008990287781,0.4735559225082397,0.4818438291549682,0.5204046964645386,0.5390645265579224,0.5459302067756653,0.5572350025177002,0.557176411151886,0.5670590996742249,0.5527726411819458,0.5610430836677551,0.5488994717597961,0.5566270351409912,0.5548985004425049,0.5555617809295654,0.5921169519424438,0.5720378756523132,0.6578744649887085,0.5258187055587769,0.6666969656944275,0.5231980681419373,0.6750183701515198,0.5048532485961914,-0.1535059958696365,-0.1481834352016449,-0.14817675948143,-0.1482094973325729,-0.1647264957427978,-0.1647551357746124,-0.1647854745388031,-0.1078574508428573,-0.1837619841098785,-0.1349228322505951,-0.156977578997612,-0.042390901595354,-0.1848448514938354,-0.0009739076485857,-0.1909496039152145,-0.0178708266466856,-0.1734592318534851,-0.0149119868874549,-0.1835730075836181,-0.0270128790289163,-0.1802879720926284,-0.0224736835807561,-0.1697497516870498,0.0376826450228691,-0.0377172268927097,-0.0036150913219898,-0.1462661176919937,0.0097501454874873,-0.1221836805343627,0.0101127214729785,-0.1175201684236526,-0.0087601672857999,-0.1275723278522491,Sit-To-Stand
49,0.9830381870269777,0.9909648299217224,0.990384042263031,0.9919366836547852,0.9837775826454164,0.9791791439056396,0.9764962792396544,0.9927279353141784,0.983248233795166,0.9955480694770812,0.9948208332061768,0.9993497729301452,0.9996564984321594,0.2677280902862549,0.7383441925048828,0.3726451396942138,0.6961626410484314,0.4160674214363098,0.7048874497413635,0.416600227355957,0.6998364329338074,0.3936628401279449,0.6678866147994995,0.9994497299194336,0.9993749856948853,0.7560517191886902,0.9222299456596376,0.8295230865478516,0.8930206894874573,0.8768637776374817,0.9076371192932128,0.870647132396698,0.9198917746543884,0.2227220237255096,0.2203347384929657,0.2203847169876098,0.2203123122453689,0.2174473255872726,0.2153315246105194,0.2125057876110077,0.2119769752025604,0.2006140053272247,0.2217541188001632,0.2180708944797516,0.213821530342102,0.1722539961338043,0.2113708555698394,0.1370595395565033,0.2161907255649566,0.1682465970516204,0.2187708169221878,0.1727325469255447,0.2189531624317169,0.18091481924057,0.2164722383022308,0.180899828672409,0.2001538574695587,0.1766311675310135,0.2591439187526703,0.2315677404403686,0.2505954205989837,0.2416345179080963,0.2432563602924347,0.2332926541566848,0.274795800447464,0.2742288112640381,0.4498728513717651,0.4394130706787109,0.4383709132671356,0.4374756217002868,0.4408818483352661,0.4411134719848633,0.4413479268550873,0.4384755492210388,0.4431466460227966,0.4573838114738464,0.4585003852844238,0.4757680594921112,0.4815960526466369,0.525333046913147,0.517961323261261,0.5628422498703003,0.5561879873275757,0.5757743716239929,0.5689521431922913,0.5724132657051086,0.5641448497772217,0.5685197710990906,0.5588545203208923,0.5758050084114075,0.5883249640464783,0.5943068265914917,0.5993282198905945,0.6912088990211487,0.7037295699119568,0.7074366211891174,0.7225658297538757,0.711150050163269,0.7185823917388916,-0.1550716906785965,-0.1430325210094452,-0.1430602520704269,-0.1430866718292236,-0.1635910719633102,-0.1636440604925155,-0.1636905372142791,-0.0695346072316169,-0.161789521574974,-0.1246899738907814,-0.1514432579278946,0.0219279620796442,-0.1619127839803695,0.0902725383639335,-0.1775281280279159,0.0553373917937278,-0.1882656812667846,0.052507359534502,-0.206822782754898,0.0347157008945941,-0.2081439197063446,0.0466403029859066,-0.1875549107789993,0.0603322759270668,-0.0602432377636432,-0.044372871518135,-0.1751153767108917,-0.02880435064435,-0.1392927169799804,-0.0298972371965646,-0.1359740048646927,-0.0782034620642662,-0.1840503811836242,Sit-To-Stand
50,0.9733380675315856,0.981955885887146,0.9798991084098816,0.9805769324302672,0.9748682379722596,0.9698802828788756,0.9696566462516784,0.9786876440048218,0.9786719679832458,0.9913913011550904,0.9930525422096252,0.9989017248153688,0.999681830406189,0.2464240193367004,0.7603641748428345,0.3466623723506927,0.7205597758293152,0.3919704258441925,0.7267173528671265,0.3919285833835602,0.7215906977653503,0.3718081712722778,0.6896666884422302,0.9993817210197448,0.9993655681610109,0.7659258842468262,0.92643141746521,0.8311598300933838,0.8969466090202332,0.8760893940925598,0.9043279886245728,0.8669487833976746,0.9203856587409972,0.1791635602712631,0.1813566088676452,0.1831251680850982,0.1849070638418197,0.1764338314533233,0.1744658946990966,0.1725062280893325,0.1868162304162979,0.169011503458023,0.1819954216480255,0.1756997555494308,0.2032846212387085,0.1489634811878204,0.2073363959789276,0.1353412717580795,0.2075005322694778,0.1664701998233795,0.210914134979248,0.1724569499492645,0.2074071913957595,0.1791151016950607,0.2041050195693969,0.1782774478197097,0.1963953822851181,0.1641113311052322,0.2499414682388305,0.1807240843772888,0.2465287148952484,0.2163161337375641,0.2343039214611053,0.2180996686220169,0.2743839621543884,0.2325745820999145,0.4840408861637115,0.4764123260974884,0.47636479139328,0.4763480722904205,0.4757731556892395,0.4752969741821289,0.4748211801052093,0.4755409657955169,0.4738121628761291,0.489541232585907,0.4890519976615906,0.5010227560997009,0.4874232709407806,0.5444248914718628,0.5222337245941162,0.5677282810211182,0.5539686679840088,0.5799995064735413,0.5643398761749268,0.5754939913749695,0.5634640455245972,0.5717143416404724,0.5583942532539368,0.5817053914070129,0.5870645046234131,0.590730607509613,0.5959838628768921,0.6921502947807312,0.6834729909896851,0.70801842212677,0.6946909427642822,0.712271511554718,0.7119876742362976,-0.0572113096714019,-0.0513741448521614,-0.0514184013009071,-0.0514742843806743,-0.056209523230791,-0.0562336556613445,-0.0563519373536109,0.0012107790680602,-0.0214756336063146,-0.0344558358192443,-0.041314635425806,0.0327379591763019,-0.028378952294588,-0.0108669158071279,-0.1066009849309921,-0.1196765080094337,-0.1846231818199157,-0.1407718956470489,-0.2040944844484329,-0.147486925125122,-0.2020080536603927,-0.1250126361846923,-0.1838527619838714,0.0276459660381078,-0.0276699271053075,-0.1193591728806495,-0.1994082033634185,-0.1355253905057907,-0.1793441176414489,-0.1391414105892181,-0.175876647233963,-0.2020152509212494,-0.2347698211669922,
51,0.975411593914032,0.9830436706542968,0.9811517000198364,0.981685221195221,0.9770501255989076,0.9726195335388184,0.972467303276062,0.9798440337181092,0.980709671974182,0.991606593132019,0.9936398267745972,0.9988939166069032,0.9997102618217468,0.2419461905956268,0.7841446399688721,0.3238853812217712,0.7469848990440369,0.3665253520011902,0.7507982850074768,0.3672219812870025,0.7461509704589844,0.348574161529541,0.7154037952423096,0.999294638633728,0.999354898929596,0.7569370269775391,0.9323779940605164,0.8299205303192139,0.9054341316223145,0.8735691905021667,0.9106151461601256,0.868425726890564,0.9265358448028564,0.2184071838855743,0.2153609544038772,0.2154910564422607,0.2156388759613037,0.2131089270114898,0.2115038931369781,0.2094628810882568,0.2107340097427368,0.2005821764469146,0.2170512676239013,0.2137763053178787,0.2170839756727218,0.1758203953504562,0.2074362337589264,0.1371052414178848,0.2087720334529876,0.166519746184349,0.2118142396211624,0.1728734076023101,0.2075128555297851,0.1798933893442154,0.206356331706047,0.1794259995222091,0.2148841321468353,0.1916885077953338,0.2512181997299194,0.2477148026227951,0.2449610978364944,0.2416728436946869,0.2356305867433548,0.2398105561733245,0.2719432413578033,0.2617559134960174,0.4561304152011871,0.4478943645954132,0.4476921260356903,0.4465014338493347,0.4478895366191864,0.4477387368679046,0.4477714598178863,0.4471849799156189,0.4513265788555145,0.4642060101032257,0.4649322628974914,0.4815110266208648,0.4827761352062225,0.5248589515686035,0.5150476694107056,0.5564864277839661,0.5532363653182983,0.5680755376815796,0.5647372007369995,0.563778281211853,0.5634752511978149,0.5606622099876404,0.5583903193473816,0.5809906125068665,0.586104691028595,0.6191334128379822,0.5970693230628967,0.6979396343231201,0.6886358261108398,0.7150090336799622,0.7025538682937622,0.7153694033622742,0.7127597332000732,-0.1036332994699478,-0.0943229869008064,-0.0943435877561569,-0.0943535566329956,-0.1118136644363403,-0.1118648052215576,-0.1119400113821029,-0.0330996140837669,-0.0290471371263265,-0.0784102752804756,-0.1003731116652488,0.0304536409676074,-0.0959732979536056,0.0710873827338218,-0.1610183864831924,0.0487088486552238,-0.1963414698839187,0.0480906553566455,-0.2136804163455963,0.0337333418428897,-0.2102229297161102,0.0420703589916229,-0.1938035637140274,0.0465562529861927,-0.0464423671364784,-0.0069992667995393,-0.1514894217252731,0.028968047350645,-0.0877531617879867,0.0297862980514764,-0.0823035091161727,-0.0070364028215408,-0.1209532469511032,Sit-To-Stand
52,0.9577436447143556,0.9651812314987184,0.9631537199020386,0.961539089679718,0.9619145393371582,0.959777295589447,0.9607433080673218,0.9647449851036072,0.97604501247406,0.9880020022392272,0.9924731850624084,0.998334527015686,0.9997368454933168,0.2242320477962494,0.8048001527786255,0.3014471232891083,0.7707996964454651,0.3460946977138519,0.7735452055931091,0.3465668261051178,0.7693390846252441,0.3298749625682831,0.740920901298523,0.99929940700531,0.9993950724601746,0.7760797142982483,0.9388172030448914,0.841256320476532,0.9138258099555968,0.8812734484672546,0.9167024493217468,0.8767136931419373,0.9328319430351256,0.1895247399806976,0.1904973685741424,0.1919778287410736,0.1934898793697357,0.1868413537740707,0.1854536831378936,0.184065967798233,0.197142019867897,0.1832829415798187,0.1934086233377456,0.1890145689249038,0.2173006236553192,0.1660348027944564,0.2151374518871307,0.1456953883171081,0.2099001109600067,0.1673663258552551,0.2125483006238937,0.1728566288948059,0.2091896086931228,0.1797313839197158,0.2073755264282226,0.1794436424970626,0.2131520211696624,0.1876183003187179,0.2521701157093048,0.227222591638565,0.2493042647838592,0.2414590567350387,0.2408601939678192,0.2379277199506759,0.27236208319664,0.2627597451210022,0.4721771776676178,0.4664433896541595,0.4664964079856872,0.4664019644260406,0.4663572907447815,0.4663400053977966,0.4663626849651336,0.4664988219738006,0.4672664105892181,0.4772269427776336,0.4773445427417755,0.4882655143737793,0.4840066134929657,0.5313742756843567,0.515548050403595,0.5571650862693787,0.5511658787727356,0.5688205361366272,0.5642302632331848,0.5640861392021179,0.5634802579879761,0.5607712268829346,0.5585154891014099,0.585483729839325,0.5917302370071411,0.6169323325157166,0.5993127226829529,0.6972023248672485,0.6935790777206421,0.7144531011581421,0.7080079913139343,0.7153872847557068,0.7143389582633972,-0.0866171196103096,-0.0853038877248764,-0.0853317379951477,-0.0853479132056236,-0.0913938134908676,-0.0914490595459938,-0.0915829017758369,-0.039917666465044,-0.0643806606531143,-0.0660544484853744,-0.0739615112543106,0.0114361317828297,-0.077705480158329,-0.0346384793519973,-0.1516289710998535,-0.1354138404130935,-0.2171657085418701,-0.1533291339874267,-0.2389908730983734,-0.1619075238704681,-0.2388431131839752,-0.141400009393692,-0.2176115810871124,0.0372542552649974,-0.0370978079736232,-0.1095021367073059,-0.1867634057998657,-0.1276739686727523,-0.1870128512382507,-0.1319338977336883,-0.1872437000274658,-0.1915028840303421,-0.248296782374382,Sit-To-Stand
54,0.943395972251892,0.9573164582252502,0.9557256698608398,0.9528675675392152,0.9565712809562684,0.955418050289154,0.9575471878051758,0.9576987028121948,0.9722675085067748,0.979450523853302,0.988778829574585,0.9932340383529664,0.9997522830963136,0.2026894241571426,0.8152456879615784,0.272396445274353,0.7719652056694031,0.3134727776050567,0.7721666097640991,0.3139060735702514,0.7679094076156616,0.2990660965442657,0.7397674322128296,0.9992496371269226,0.9994226098060608,0.7596414089202881,0.944134533405304,0.8341483473777771,0.920988917350769,0.8738871812820435,0.9221290349960328,0.866275429725647,0.9366126656532288,0.1865165382623672,0.1859341114759445,0.1860245615243911,0.1861284524202346,0.1859476715326309,0.1857799738645553,0.1856198608875274,0.1867741644382476,0.1855981647968292,0.1874134838581085,0.1867342740297317,0.1970510780811309,0.1764789521694183,0.1922629177570343,0.1492657363414764,0.1954323500394821,0.1617317199707031,0.1958457976579666,0.1621726900339126,0.196568563580513,0.1751691848039627,0.1956581473350525,0.1742256730794906,0.1901478916406631,0.1773501336574554,0.2458930015563964,0.2350045144557953,0.2481593191623687,0.250422865152359,0.2434757500886917,0.249985009431839,0.2719811201095581,0.2755718231201172,0.4896649122238159,0.4862253963947296,0.4871871769428253,0.4881914258003235,0.4837155044078827,0.4828329682350158,0.4819578230381012,0.4909409582614898,0.4828690588474273,0.4955126941204071,0.4925945699214935,0.5224506855010986,0.4879877865314483,0.563750147819519,0.5146983861923218,0.5853248834609985,0.5471450686454773,0.595910370349884,0.5592722296714783,0.5914679169654846,0.5593041777610779,0.5871363878250122,0.5565915703773499,0.6006534695625305,0.590563178062439,0.5937155485153198,0.5826284885406494,0.6920222640037537,0.6970447897911072,0.7076659798622131,0.7062438130378723,0.7091274261474609,0.7132995128631592,0.0418411456048488,0.0425096005201339,0.0424713492393493,0.0424492992460727,0.0359383821487426,0.0358727760612964,0.0357111617922782,0.055910937488079,0.0252028442919254,0.048429649323225,0.0393643379211425,0.0720556303858757,-0.0120912250131368,0.0510716140270233,-0.086722545325756,-0.0137176308780908,-0.1671706140041351,-0.0241503491997718,-0.1822880506515503,-0.0316557884216308,-0.1777546405792236,-0.0192359201610088,-0.1661489456892013,0.0413189157843589,-0.0413590110838413,-0.041385993361473,-0.1321077346801757,-0.1070474535226821,-0.1833754628896713,-0.1165944561362266,-0.1871804744005203,-0.1627913862466812,-0.2259903848171234,Sit-To-Stand
55,0.9350822567939758,0.9473519921302797,0.943146586418152,0.9410656094551086,0.950346827507019,0.949397087097168,0.9543778896331788,0.9450416564941406,0.9688783884048462,0.9757514595985411,0.9879879355430604,0.9922788739204408,0.9997589588165284,0.193436324596405,0.8315358757972717,0.2562493085861206,0.789512574672699,0.2965177595615387,0.7876121997833252,0.2966534197330475,0.7835220694541931,0.2824061214923858,0.755031406879425,0.9991312623023988,0.999375343322754,0.7679578065872192,0.9472588300704956,0.8279528617858887,0.9236178994178772,0.8683575987815857,0.9182996153831482,0.8622108101844788,0.9372809529304504,0.1861938834190368,0.1859374046325683,0.1865335255861282,0.1876235902309417,0.1834068596363067,0.1817583590745926,0.1800206005573272,0.1888307034969329,0.1767150610685348,0.1877455711364746,0.1847123652696609,0.2057679593563079,0.159889355301857,0.2027699053287506,0.1422528773546219,0.1963020414113998,0.162075012922287,0.19639453291893,0.1650029420852661,0.1964591890573501,0.1749812513589859,0.1953880786895752,0.1737368702888488,0.1954823732376098,0.168806105852127,0.24586883187294,0.218663290143013,0.2485739439725875,0.2457810342311859,0.243206188082695,0.2386971265077591,0.2736815512180328,0.2727881371974945,0.4826696217060089,0.4761198163032532,0.4760040938854217,0.475906640291214,0.4763199090957641,0.4763099551200866,0.4762843251228332,0.4766673445701599,0.4772427678108215,0.4879040718078613,0.4880240261554718,0.4997585415840149,0.4893290400505066,0.5402370095252991,0.5236527323722839,0.5606788396835327,0.553054690361023,0.5723685026168823,0.5674236416816711,0.5669860243797302,0.564289391040802,0.5633386969566345,0.5609309673309326,0.5851066708564758,0.5903120040893555,0.5941245555877686,0.6012774109840393,0.6920254826545715,0.6966796517372131,0.7059303522109985,0.7147412896156311,0.7086830139160156,0.7138658761978149,-0.2282038182020187,-0.2240352183580398,-0.2240558862686157,-0.2241099774837494,-0.2323271781206131,-0.2324215471744537,-0.2325458228588104,-0.1633927673101425,-0.2020357102155685,-0.2012757807970047,-0.2127517014741897,-0.0913027673959732,-0.1784743815660476,-0.0938428938388824,-0.236120656132698,-0.1643294245004654,-0.3045709729194641,-0.1768242418766021,-0.3267008066177368,-0.1869710385799408,-0.3267258107662201,-0.169607400894165,-0.3048129975795746,0.0379655286669731,-0.037922766059637,-0.1181332841515541,-0.1815828084945678,-0.1062658578157424,-0.1581242531538009,-0.1081665530800819,-0.1552952378988266,-0.163745641708374,-0.2179711610078811,Sit-To-Stand
57,0.9413414597511292,0.952437698841095,0.948659360408783,0.9467793703079224,0.9551546573638916,0.9543113112449646,0.9588254690170288,0.9503324627876282,0.9719283580780028,0.9779439568519592,0.9891141653060912,0.992966651916504,0.99977844953537,0.1805743873119354,0.8481704592704773,0.2390930652618408,0.8091360330581665,0.2776737213134765,0.8056015968322754,0.2779291272163391,0.8017764091491699,0.2647066116333008,0.7738348245620728,0.9991316199302672,0.9993858337402344,0.7671027183532715,0.9519925713539124,0.8240895867347717,0.9297869205474854,0.8597778677940369,0.9217092394828796,0.8641605973243713,0.9418954253196716,0.2460308074951172,0.2426680028438568,0.2423674613237381,0.2419662028551101,0.2405188977718353,0.2386071234941482,0.236088365316391,0.2327856719493866,0.2249327003955841,0.2435905039310455,0.2405752688646316,0.2284521609544754,0.2018717527389526,0.2098229676485061,0.1563885807991027,0.2070239037275314,0.1652988940477371,0.2066232413053512,0.1672049462795257,0.2076157033443451,0.1759485602378845,0.2065988481044769,0.1736896932125091,0.2123738825321197,0.1896881610155105,0.2551175653934479,0.2439604252576828,0.2480352371931076,0.2457295656204223,0.2357974499464035,0.2318670451641082,0.273055225610733,0.2735914587974548,0.4313381910324096,0.4200118780136108,0.419708788394928,0.4193938970565796,0.4203399419784546,0.4201057851314544,0.4199660420417785,0.4213987588882446,0.4230185747146606,0.4400973320007324,0.4406306445598602,0.4648194015026092,0.4577473402023315,0.5164275765419006,0.5003280639648438,0.5616396069526672,0.5568538904190063,0.5764576196670532,0.5708338618278503,0.5729480385780334,0.5703971982002258,0.5679991245269775,0.5645630359649658,0.5698629021644592,0.5816004276275635,0.5996848344802856,0.5950520634651184,0.6874049305915833,0.7021024227142334,0.704402506351471,0.7193377614021301,0.7071394324302673,0.720718502998352,-0.1093380004167556,-0.0968232974410057,-0.0968437269330024,-0.0968390703201294,-0.1191573739051818,-0.1191992610692977,-0.1192452684044838,-0.0320766158401966,-0.1320045292377472,-0.0829739570617675,-0.1119080558419227,0.0500432662665843,-0.1565327942371368,0.0938273295760154,-0.1827958226203918,0.0446817092597484,-0.1879027932882309,0.0413812920451164,-0.2078993618488311,0.0245053470134735,-0.2043580114841461,0.035772431641817,-0.1854553967714309,0.0702799037098884,-0.0702196136116981,-0.0096183102577924,-0.171566367149353,0.0336865484714508,-0.1004964560270309,0.0354571752250194,-0.0940900817513465,0.002190031344071,-0.1304768919944763,Sit-To-Stand
58,0.9469925165176392,0.9570256471633912,0.9535990953445436,0.9518773555755616,0.9594694972038268,0.958709955215454,0.9628206491470336,0.9549580812454224,0.9746572971343994,0.9800661206245422,0.9901694655418396,0.9935999512672424,0.9997951984405518,0.1866637915372848,0.8625480532646179,0.2348236143589019,0.8238689303398132,0.271191656589508,0.8170064687728882,0.2715958654880523,0.8134821057319641,0.2579815983772278,0.7858657836914062,0.9991532564163208,0.999393343925476,0.7799275517463684,0.955625295639038,0.8281267881393433,0.9342959523200988,0.8623032569885254,0.9228461980819702,0.8684911727905273,0.9444918632507324,0.2357823848724365,0.2375407218933105,0.2383438795804977,0.2390232533216476,0.2321540862321853,0.2305227518081665,0.226738303899765,0.234148696064949,0.2172608822584152,0.2359328269958496,0.2299980223178863,0.2371317446231842,0.1934278458356857,0.2215951234102249,0.1564641892910003,0.2041873186826706,0.1630622744560241,0.1993258446455001,0.1618882715702057,0.1981547474861145,0.1703381240367889,0.1988356560468673,0.1711499989032745,0.2141403704881668,0.1883928775787353,0.2531239688396454,0.2376097738742828,0.2480247020721435,0.2462893724441528,0.2362013608217239,0.2362420558929443,0.2739087045192718,0.2756002843379974,0.4284766018390655,0.4192641675472259,0.4191194176673889,0.4189270436763763,0.4188942611217499,0.4186297655105591,0.4183671772480011,0.4204548895359039,0.4215930700302124,0.4371064901351928,0.4386392533779144,0.4647979438304901,0.4575120210647583,0.5212095975875854,0.4998678565025329,0.5602384805679321,0.5544396638870239,0.5753832459449768,0.5685241222381592,0.5695945024490356,0.5656627416610718,0.5639191269874573,0.5608106255531311,0.5687459707260132,0.5737614035606384,0.5916476845741272,0.5918465256690979,0.6888722777366638,0.7023394703865051,0.7067069411277771,0.7197874188423157,0.7077847719192505,0.7202948927879333,-0.17132368683815,-0.1580763757228851,-0.1581326127052307,-0.158169150352478,-0.1705754101276397,-0.1706397235393524,-0.1707071363925933,-0.0762367695569992,-0.1344838589429855,-0.1384012997150421,-0.1548263728618621,0.0093551259487867,-0.1257184743881225,0.0312867946922779,-0.1323670446872711,-0.0462834686040878,-0.1646033525466919,-0.0613446608185768,-0.1870535761117935,-0.0771992206573486,-0.190822347998619,-0.0548766180872917,-0.1659106314182281,0.0545622818171978,-0.054395206272602,-0.1061278134584426,-0.2150637209415435,-0.0785380229353904,-0.1611795127391815,-0.0788169801235199,-0.1573660671710968,-0.1413595974445343,-0.2266331166028976,Sit-To-Stand
59,0.9520865082740784,0.9610889554023744,0.9579250812530518,0.9563364386558532,0.9633986949920654,0.9627180695533752,0.9664631485939026,0.9589273929595948,0.97715425491333,0.9818059206008912,0.9911112189292908,0.9940415620803832,0.9998140335083008,0.1710991263389587,0.8761534094810486,0.2153772711753845,0.8402442932128906,0.2493916898965835,0.8320879340171814,0.249808594584465,0.8286394476890564,0.2375039160251617,0.801531970500946,0.9991043210029602,0.9994044899940492,0.7573508620262146,0.959467589855194,0.814045250415802,0.9397236108779908,0.8454363942146301,0.9269391298294068,0.8645615577697754,0.9487494826316832,0.2425430119037628,0.2418123036623001,0.2422946393489837,0.2426483184099197,0.2376855611801147,0.2355814278125763,0.2325070351362228,0.235940545797348,0.2225977927446365,0.242514818906784,0.2375198900699615,0.2370462119579315,0.1986632198095321,0.2193052321672439,0.1581965088844299,0.213490605354309,0.1678548902273178,0.2128822356462478,0.1687969118356704,0.2137703448534011,0.1772300004959106,0.2128450572490692,0.1776696741580963,0.2105683833360672,0.1905366480350494,0.2400771826505661,0.2483419477939605,0.2387431412935257,0.2474536895751953,0.2271737605333328,0.2387120723724365,0.2692277729511261,0.2762689292430877,0.4242711067199707,0.4141592979431152,0.4136301279067993,0.412962406873703,0.4146293699741363,0.4146580994129181,0.4146955609321594,0.4143323302268982,0.4183547794818878,0.432681530714035,0.4339712858200073,0.4578940272331238,0.4509148001670837,0.5132805109024048,0.4938440024852752,0.5587577223777771,0.5527893900871277,0.5739785432815552,0.5683017373085022,0.5694953203201294,0.5659357905387878,0.5640246868133545,0.5605000257492065,0.5694252848625183,0.5740154385566711,0.612138569355011,0.597891628742218,0.694841206073761,0.7008498311042786,0.7123025059700012,0.7198683619499207,0.7110286951065063,0.7167508602142334,-0.1819967031478881,-0.1692095398902893,-0.1692353188991546,-0.1692390590906143,-0.1902893930673599,-0.1903495490550995,-0.1904239803552627,-0.0924175828695297,-0.1863109320402145,-0.1499152481555938,-0.1770622879266739,0.0108841117471456,-0.1991958767175674,0.0543452687561512,-0.2342128306627273,-0.0071429386734962,-0.2606795728206634,-0.0145532097667455,-0.2892362475395202,-0.0338408611714839,-0.2859923243522644,-0.0175861623138189,-0.2590996623039245,0.0634758397936821,-0.0634002834558487,0.07976645976305,-0.0981738194823265,0.1692582368850708,0.0053146881982684,0.1751304417848587,0.0139881242066621,0.140982523560524,-0.0294966511428356,Sit-To-Stand
60,0.9565731883049012,0.964615523815155,0.9616420269012452,0.9601359963417052,0.9668025374412536,0.9662043452262878,0.9696608185768129,0.9619916677474976,0.97931307554245,0.9834133982658386,0.9919493198394777,0.9944735169410706,0.9998307824134828,0.1636892408132553,0.8882766962051392,0.2030486315488815,0.855101466178894,0.2351399809122085,0.8464269638061523,0.2357967346906662,0.8431921005249023,0.2246351242065429,0.8171646595001221,0.9991446733474731,0.9994286298751832,0.7699635028839111,0.9628894329071044,0.8216390609741211,0.9443829655647278,0.8523816466331482,0.9302671551704408,0.871503472328186,0.9522644281387328,0.2390193939208984,0.2403464615345001,0.2410937994718551,0.2425089627504348,0.2365930080413818,0.2336385250091552,0.2313688546419143,0.2359323501586914,0.2216658592224121,0.2401736974716186,0.2346533983945846,0.2388720214366912,0.1968024969100952,0.235537052154541,0.1604155004024505,0.231435015797615,0.1702510118484497,0.232217788696289,0.1710865050554275,0.2324004918336868,0.1799842566251754,0.2303134202957153,0.1800183057785034,0.214637279510498,0.1898751407861709,0.2490247040987014,0.2348681688308715,0.244435578584671,0.2474114149808883,0.2356974333524704,0.239574909210205,0.2714775204658508,0.273070752620697,0.41789111495018,0.4086047112941742,0.4082888960838318,0.4083618819713592,0.4084036946296692,0.4080256223678589,0.4078254103660583,0.4113338887691498,0.4101374447345733,0.4273314177989959,0.4269374310970306,0.4553281962871551,0.4431884884834289,0.5125746130943298,0.4905115664005279,0.5525011420249939,0.5505841374397278,0.5686970949172974,0.5658556222915649,0.5680074691772461,0.5642085671424866,0.562646746635437,0.5592935681343079,0.5633881092071533,0.5657986402511597,0.5974697470664978,0.5976711511611938,0.6923630237579346,0.7001265287399292,0.7122182846069336,0.7171586751937866,0.7108116149902344,0.7167697548866272,-0.1543414443731308,-0.1417956203222274,-0.1418249309062957,-0.141834944486618,-0.1629985123872757,-0.1630538403987884,-0.163108542561531,-0.0703407749533653,-0.1399950683116912,-0.1247164011001586,-0.1573374271392822,0.0204170010983943,-0.1360394954681396,0.0569789297878742,-0.1640073210000991,0.0069995461963117,-0.2568005323410034,0.0006304567796178,-0.2622413039207458,-0.0178831201046705,-0.2488950043916702,-0.0027158721350133,-0.2396723330020904,0.0577238090336322,-0.0575947687029838,-0.1055241078138351,-0.2141622006893158,-0.0648030340671539,-0.1518185138702392,-0.0637440457940101,-0.1477665305137634,-0.1240509897470474,-0.2196068465709686,Sit-To-Stand
61,0.9607886075973512,0.968021035194397,0.9652928113937378,0.963913917541504,0.9700252413749696,0.9694846272468568,0.972630262374878,0.9654332995414734,0.9813300371170044,0.9849794507026672,0.992730438709259,0.9949378371238708,0.999846339225769,0.1544037461280822,0.8992596864700317,0.1905072033405304,0.868428111076355,0.2210520803928375,0.8591405153274536,0.221627727150917,0.856013298034668,0.2110988795757293,0.830731987953186,0.9992027282714844,0.999460995197296,0.7805293798446655,0.9659441113471984,0.8293538689613342,0.9484172463417052,0.8586049675941467,0.933115303516388,0.8784096240997314,0.955538809299469,0.2396930456161499,0.2403666079044342,0.2411469519138336,0.2424854338169098,0.2367940247058868,0.2339903861284256,0.2316492795944214,0.2363665848970413,0.2217238843441009,0.2403149157762527,0.2349730283021927,0.237899512052536,0.1971061527729034,0.2318538725376129,0.1629898101091385,0.2271264046430587,0.1727504581212997,0.2271683663129806,0.1725142151117324,0.2271590679883957,0.181080549955368,0.2255897969007492,0.1813810318708419,0.2148196250200271,0.1902384459972381,0.2528611719608307,0.2354402840137481,0.2481206357479095,0.2473756521940231,0.242853969335556,0.2404036223888397,0.2734444439411163,0.2722170650959015,0.4060477316379547,0.3971781730651855,0.396982878446579,0.3969112932682037,0.3965781331062317,0.3959768116474151,0.3957027494907379,0.4002135097980499,0.4011718332767486,0.4176713824272156,0.4173586666584015,0.451492577791214,0.4374074637889862,0.5079882740974426,0.4873413443565368,0.5510373711585999,0.5483104586601257,0.5670701861381531,0.5637896656990051,0.564559280872345,0.5638726353645325,0.5587996244430542,0.5587084889411926,0.5559925436973572,0.5583215951919556,0.5941563248634338,0.5981758832931519,0.6935212016105652,0.7002923488616943,0.7133418321609497,0.7173324823379517,0.7126272916793823,0.7168104648590088,-0.1499324887990951,-0.1369561105966568,-0.1369923502206802,-0.1370045244693756,-0.1554658561944961,-0.1555089652538299,-0.1555682569742202,-0.0631380677223205,-0.1368454247713089,-0.1195081621408462,-0.1458928734064102,0.0207799281924963,-0.1430791169404983,0.0650547742843627,-0.1692961752414703,-0.0011359720956534,-0.2286560535430908,-0.0099464617669582,-0.2522265613079071,-0.0292089767754077,-0.2503437399864197,-0.0115425679832696,-0.2259407341480255,0.0596176572144031,-0.0595095567405223,-0.0881556645035743,-0.1982813775539398,-0.0564202666282653,-0.1374174654483795,-0.0565707311034202,-0.1336203217506408,-0.1152814775705337,-0.1979745477437973,Sit-To-Stand
62,0.9644554257392884,0.970910906791687,0.9683004021644592,0.9670268297195436,0.9728483557701112,0.9723699688911438,0.9752742648124696,0.9677513241767884,0.983113169670105,0.9862369298934937,0.9934130311012268,0.995250403881073,0.9998601675033568,0.1468176990747451,0.909196138381958,0.1796958297491073,0.8806288242340088,0.209092766046524,0.8707427382469177,0.2097058445215225,0.8677040338516235,0.1996460855007171,0.8430970311164856,0.9991903305053712,0.9994441866874696,0.7719767093658447,0.9682056903839112,0.8184471130371094,0.9511816501617432,0.8495489954948425,0.933769166469574,0.8749980330467224,0.957753837108612,0.2401570528745651,0.2403976917266845,0.2411006242036819,0.242294579744339,0.2368406951427459,0.2342276275157928,0.2318746149539947,0.2366444766521453,0.2220291644334793,0.2404275834560394,0.2352395802736282,0.2392133027315139,0.1989684700965881,0.2332704067230224,0.1670677065849304,0.231318324804306,0.1738122552633285,0.229667067527771,0.172838419675827,0.2308710813522339,0.1813963651657104,0.230521410703659,0.18206587433815,0.2185032665729522,0.1960000693798065,0.2530585527420044,0.2455319613218307,0.2480452805757522,0.2474549561738968,0.2392578572034835,0.2398343980312347,0.2734412252902984,0.273083359003067,0.3995361328125,0.389695256948471,0.3894481360912323,0.3892698585987091,0.3892178237438202,0.388846755027771,0.3893338143825531,0.3915188908576965,0.3922997415065765,0.4095216393470764,0.4101389050483703,0.4430652260780334,0.431768536567688,0.5008082985877991,0.484264075756073,0.5484311580657959,0.5478411912918091,0.561676025390625,0.5637124180793762,0.5570544600486755,0.5641356110572815,0.5569798350334167,0.5589237809181213,0.5542293787002563,0.5560162663459778,0.5942543745040894,0.5988859534263611,0.6940948963165283,0.7003191709518433,0.7137207388877869,0.7200053334236145,0.7131826877593994,0.7168121337890625,-0.1836912781000137,-0.1697432398796081,-0.1697808802127838,-0.1697874367237091,-0.187099426984787,-0.1871519833803177,-0.1872265189886093,-0.0883757621049881,-0.1647027283906936,-0.1509993970394134,-0.173631876707077,0.0130936671048402,-0.1743049770593643,0.0529423654079437,-0.2165883779525756,-0.0174300409853458,-0.2647402584552765,-0.0258404202759265,-0.2941385805606842,-0.0477534756064415,-0.294419914484024,-0.0292119942605495,-0.2649947702884674,0.0611511580646038,-0.0610485896468162,-0.0699883550405502,-0.1856162548065185,-0.0206163600087165,-0.1228353530168533,-0.0177074521780014,-0.1181416139006614,-0.0631472170352935,-0.1814275681972503,Sit-To-Stand
63,0.9678419828414916,0.9736276268959044,0.9711610078811646,0.9699774384498596,0.975474178791046,0.9750455021858216,0.9776955246925354,0.9701565504074096,0.984763503074646,0.9872767329216005,0.9940202832221984,0.995361864566803,0.9998718500137328,0.134461835026741,0.9181329607963562,0.1652488261461258,0.8915392756462097,0.1929610967636108,0.8809560537338257,0.1935774832963943,0.8780181407928467,0.184361845254898,0.8538171648979187,0.9990562796592712,0.9993733167648317,0.7520132064819336,0.9695931673049928,0.7970569133758545,0.9528841972351074,0.831661581993103,0.9330183267593384,0.8663370013237,0.9588872790336608,0.2447508871555328,0.2436694204807281,0.2442400157451629,0.244924783706665,0.2398074865341186,0.2372427880764007,0.2346455156803131,0.2380960285663604,0.225098043680191,0.2444449961185455,0.239236518740654,0.2382235527038574,0.2014956921339035,0.229893758893013,0.1695616096258163,0.2280965596437454,0.1749308109283447,0.2285116612911224,0.1743691116571426,0.2297222912311554,0.1828432530164718,0.2283194065093994,0.1838699579238891,0.2222793996334076,0.2019377052783966,0.2528265714645386,0.2490463256835937,0.2480128556489944,0.2476343661546707,0.2389635145664215,0.2396506518125534,0.2734387516975403,0.2738799452781677,0.3980674147605896,0.3869670927524566,0.3862752318382263,0.3856216073036194,0.3879994750022888,0.3881615698337555,0.3885477781295776,0.3873753845691681,0.3908104002475738,0.407269537448883,0.408131331205368,0.4349201619625091,0.427463173866272,0.4930387735366821,0.482944518327713,0.5426546931266785,0.5474551916122437,0.5579367280006409,0.5636371970176697,0.5554348230361938,0.5638255476951599,0.5517166256904602,0.5590071082115173,0.551670491695404,0.5537919998168945,0.5986019372940063,0.5997886061668396,0.6938830614089966,0.7003492712974548,0.7130924463272095,0.7197638750076294,0.7116357684135437,0.7161582708358765,-0.1795378923416137,-0.1637140661478042,-0.1637434214353561,-0.1637402921915054,-0.1837606579065323,-0.1838105320930481,-0.1838866174221038,-0.0784937590360641,-0.1670133769512176,-0.145008236169815,-0.1709276884794235,0.0138751985505223,-0.1803366243839264,0.0649431198835372,-0.219299629330635,-0.0057142945006489,-0.2539399564266205,-0.010000804439187,-0.2812331020832062,-0.0362753942608833,-0.2801742553710937,-0.0218400452286005,-0.2532807886600494,0.0661508589982986,-0.0660931020975112,-0.001148848212324,-0.1461181342601776,0.0493252500891685,-0.0840508118271827,0.0508193261921405,-0.0807461440563201,0.0051363394595682,-0.1403911411762237,Sit-To-Stand
64,0.9708961248397828,0.976027011871338,0.9736789464950562,0.9726199507713318,0.9778323769569396,0.9774510860443116,0.9798725843429564,0.9723643660545348,0.9862427711486816,0.9883409738540648,0.9945855736732484,0.9956535696983336,0.9998828768730164,0.1251136809587478,0.926192820072174,0.1552435606718063,0.9015804529190063,0.1816942989826202,0.8906815648078918,0.1825186163187027,0.8878243565559387,0.174452468752861,0.8641265034675598,0.9990760684013368,0.9993820190429688,0.7187889814376831,0.9683977365493774,0.7683318853378296,0.9533430337905884,0.8060257434844971,0.930180847644806,0.8558034300804138,0.959521234035492,0.2479026764631271,0.2454292029142379,0.2458730190992355,0.2463483810424804,0.2413575649261474,0.2387649267911911,0.2358873635530471,0.239358976483345,0.2259053289890289,0.2478047162294387,0.2421288788318634,0.238864466547966,0.2006888687610626,0.2336544096469879,0.1694008409976959,0.2393588125705719,0.1752934157848358,0.2420149594545364,0.1754452437162399,0.2432566881179809,0.1835344135761261,0.2410620748996734,0.1845362186431884,0.2272777110338211,0.2047299593687057,0.2490014731884002,0.248922973871231,0.2471626549959182,0.2469608783721923,0.2353450953960418,0.2382820397615432,0.2718204855918884,0.2738853991031647,0.392194926738739,0.380858451128006,0.380143940448761,0.3795280754566192,0.3820423185825348,0.3822551071643829,0.3826337158679962,0.3813018798828125,0.3856014311313629,0.4010132551193237,0.4024131894111633,0.4310493171215057,0.4294945001602173,0.4893143773078918,0.4841967225074768,0.5362502336502075,0.547764241695404,0.550355076789856,0.563852846622467,0.5486801862716675,0.5639954209327698,0.5444720387458801,0.5591151714324951,0.5491275787353516,0.5539442300796509,0.6107875108718872,0.6081884503364563,0.6937159299850464,0.7004824280738831,0.7126827239990234,0.7197750210762024,0.7101657390594482,0.7161800861358643,-0.2068036496639251,-0.1929375231266021,-0.1929605305194854,-0.1929556727409362,-0.215769812464714,-0.2158252894878387,-0.2159094810485839,-0.1125848516821861,-0.215175911784172,-0.1736141741275787,-0.2033445537090301,-0.0100388266146183,-0.2221640348434448,0.0613058991730213,-0.2541143298149109,0.0217027850449085,-0.2827506065368652,0.0210226438939571,-0.3110236525535583,-0.0002171670348616,-0.3104763627052307,0.0105116805061697,-0.2823134362697601,0.0664448738098144,-0.0664240941405296,0.0820678621530532,-0.0607776865363121,0.2033226042985916,0.0667533203959465,0.2128494530916214,0.0767572298645973,0.1740726977586746,0.0181573368608951,Sit-To-Stand
65,0.9736048579216005,0.9781251549720764,0.9759233593940736,0.9749941229820251,0.9798856377601624,0.9795435667037964,0.9817726016044616,0.9744435548782348,0.9875276684761048,0.9893017411231996,0.9950791001319884,0.9959453344345092,0.999892234802246,0.1166661977767944,0.9333574771881104,0.1455098241567611,0.9102060198783876,0.1702395677566528,0.8987066745758057,0.1712327152490615,0.8958707451820374,0.1639754027128219,0.872137188911438,0.9991059303283693,0.9993796348571776,0.7054572701454163,0.9683010578155518,0.7614139318466187,0.9528322219848632,0.7983338236808777,0.925150752067566,0.8573821187019348,0.959000527858734,0.249618723988533,0.2470438480377197,0.2472065389156341,0.2473112642765045,0.244014099240303,0.2419114857912063,0.2394355982542038,0.2390615940093994,0.2284506559371948,0.2485667765140533,0.2443365305662155,0.2385635375976562,0.2006886303424835,0.2312594354152679,0.1733251512050628,0.2370373457670211,0.1752347946166992,0.239396333694458,0.1751980781555175,0.238626167178154,0.1831803023815155,0.2377408444881439,0.1840652227401733,0.2304439097642898,0.2072401046752929,0.2492512017488479,0.2462827414274215,0.2474738359451294,0.2469119280576706,0.2377521246671676,0.2368676215410232,0.2731847167015075,0.2742602229118347,0.3848128020763397,0.3736585676670074,0.3731460273265838,0.3726401925086975,0.3743955492973327,0.3744480013847351,0.3745999634265899,0.3759377896785736,0.3779465854167938,0.3944180905818939,0.3955283164978027,0.4275520443916321,0.4231754541397095,0.4877647757530212,0.4850510954856872,0.5378623604774475,0.5479109287261963,0.552717924118042,0.563978374004364,0.5510020852088928,0.5640941262245178,0.5462315082550049,0.5592020750045776,0.5470046401023865,0.5509930849075317,0.610849142074585,0.6124190092086792,0.6938693523406982,0.7004979252815247,0.7169386744499207,0.7197840213775635,0.7101581692695618,0.7156392335891724,-0.1594687849283218,-0.1496411561965942,-0.1496609151363372,-0.1496249139308929,-0.1768275797367096,-0.1768559068441391,-0.1769514679908752,-0.1121451035141944,-0.1846269071102142,-0.1351016014814376,-0.1728362739086151,0.0060754688456654,-0.2024574279785156,0.0521967597305774,-0.2382410317659378,-0.0010096320183947,-0.2592977285385132,-0.0075348867103457,-0.2857623994350433,-0.0265182796865701,-0.2856975793838501,-0.0118602328002452,-0.2591065764427185,0.0664435774087905,-0.0664229691028595,0.0488204285502433,-0.0470992513000965,0.1135933622717857,0.0468001924455165,0.1168711185455322,0.0521651320159435,0.0688285380601883,-0.0072516286745667,Sit-To-Stand
66,0.9761472940444946,0.9801743030548096,0.9781111478805542,0.977243423461914,0.981822669506073,0.9815151691436768,0.9835467338562012,0.9764569401741028,0.9887481927871704,0.9902488589286804,0.9955490231513976,0.996250331401825,0.9999014735221864,0.1116137653589248,0.9398066401481628,0.1396897435188293,0.9180681109428406,0.1634584963321685,0.90600848197937,0.1645516157150268,0.9032727479934692,0.157865822315216,0.8799365758895874,0.9991581439971924,0.9994121789932252,0.6992284655570984,0.9689674377441406,0.7572144269943237,0.953471839427948,0.7954839468002319,0.9200184941291808,0.8568026423454285,0.959611177444458,0.248786062002182,0.2468799650669098,0.2468441724777221,0.2469255924224853,0.242606446146965,0.2402503937482834,0.2367439270019531,0.2404388189315796,0.2276819944381714,0.2481028288602829,0.2427462786436081,0.2415346354246139,0.1997691690921783,0.2387854158878326,0.1737011522054672,0.243090271949768,0.1750714033842086,0.2419124096632003,0.1752932220697403,0.2421540319919586,0.1828512698411941,0.2394075095653534,0.1835753619670868,0.2330634891986847,0.2062371969223022,0.2502503395080566,0.2309517860412597,0.2471865713596344,0.2430538684129715,0.2357666045427322,0.2325707376003265,0.2733320593833923,0.2725985944271087,0.3835132718086242,0.3723702728748321,0.3718057572841644,0.3713243901729584,0.3729206025600433,0.3728865087032318,0.3729718923568725,0.372937947511673,0.3752630054950714,0.3916907906532287,0.3923797607421875,0.4252314567565918,0.4230974018573761,0.4845709204673767,0.485382616519928,0.5357577204704285,0.5480402112007141,0.5521724820137024,0.5640795826911926,0.5512187480926514,0.5641332268714905,0.5455068945884705,0.559524416923523,0.546759307384491,0.5503734946250916,0.6148548126220703,0.6101019978523254,0.6958082914352417,0.7001027464866638,0.7166341543197632,0.7188781499862671,0.7120801210403442,0.7155805826187134,-0.2136037349700927,-0.1985633671283722,-0.1986013203859329,-0.198613554239273,-0.2164852619171142,-0.2165346890687942,-0.2166090011596679,-0.1122581213712692,-0.1898315846920013,-0.1779142916202545,-0.2015698701143264,-0.0074028288945555,-0.1925741732120514,0.0444769337773323,-0.2255716770887375,-0.0120667833834886,-0.2550310492515564,-0.0203524436801671,-0.2825257480144501,-0.0403296612203121,-0.2859645783901214,-0.022768260911107,-0.2564145624637604,0.0637314692139625,-0.0637469440698623,0.0217605624347925,-0.0686343163251876,0.1139261573553085,6.871172809042037e-05,0.1205644607543945,0.0096070971339941,0.0680832341313362,-0.0570173673331737,Sit-To-Stand
67,0.9783931970596312,0.981852114200592,0.9799008965492249,0.9791947603225708,0.9835054278373718,0.9832265973091124,0.9850860238075256,0.9779693484306335,0.989767611026764,0.9910496473312378,0.9959481954574584,0.9965221285820008,0.9999086260795592,0.1046512573957443,0.9454933404922484,0.1341150403022766,0.9249658584594728,0.156506210565567,0.9126043319702148,0.1578088104724884,0.9097344875335692,0.1520455032587051,0.8861213326454163,0.9991840720176696,0.9994180202484132,0.6632819771766663,0.9625748991966248,0.7257484793663025,0.9495857954025269,0.772983193397522,0.9135635495185852,0.8484492897987366,0.9566388726234436,0.2498092353343963,0.24733667075634,0.2471677809953689,0.2470210790634155,0.2443936169147491,0.2424862831830978,0.2400159835815429,0.2395318746566772,0.2295522987842559,0.2482759207487106,0.2443020343780517,0.2408938407897949,0.2002222836017608,0.2358824461698532,0.1771930754184723,0.2410338819026947,0.1761563122272491,0.2391675412654876,0.1762137562036514,0.2397331744432449,0.1832230389118194,0.2391353100538253,0.1839183270931244,0.2338284254074096,0.2110911607742309,0.2502740621566772,0.2318064272403717,0.2470295131206512,0.2432034462690353,0.2354873120784759,0.2324753999710083,0.2738427221775055,0.2732386887073517,0.3755892515182495,0.3648054301738739,0.3643959760665893,0.3640006780624389,0.3652333915233612,0.3651896119117737,0.365185797214508,0.3670876920223236,0.3682815134525299,0.38608118891716,0.386841356754303,0.4178395867347717,0.4156693518161773,0.4821953177452087,0.4843324422836303,0.5360109806060791,0.5481950044631958,0.5501614809036255,0.5641735792160034,0.5497606992721558,0.5646932721138,0.5452623963356018,0.5597516298294067,0.5430577397346497,0.5472714304924011,0.6126374006271362,0.6187301874160767,0.695668637752533,0.700368344783783,0.7159100770950317,0.7189669013023376,0.7118808031082153,0.7156165242195129,-0.1907425820827484,-0.1786517798900604,-0.1786810755729675,-0.1786817014217376,-0.2026097476482391,-0.2026518583297729,-0.2027424275875091,-0.1086712703108787,-0.2232626974582672,-0.1602281630039215,-0.1918768584728241,-0.0228638295084238,-0.2407684326171875,0.0313499607145786,-0.2759764790534973,-0.0199055969715118,-0.2989296019077301,-0.0301426611840724,-0.3312201797962188,-0.0490137003362178,-0.3341657519340515,-0.0308138374239206,-0.3006804585456848,0.0627125799655914,-0.062754288315773,0.1591013371944427,0.0680151954293251,0.3039831519126892,0.231244683265686,0.3165285587310791,0.2440823763608932,0.2702239155769348,0.1779406815767288,Sit-To-Stand
68,0.9802579283714294,0.9831017851829528,0.981093168258667,0.9804683327674866,0.9849182963371276,0.9846798181533812,0.9864218831062316,0.9776755571365356,0.9906479120254515,0.9915162324905396,0.996271312236786,0.9966665506362916,0.9999151229858398,0.1003292798995971,0.95078307390213,0.1323648542165756,0.9316877722740172,0.1536093354225158,0.9193049669265748,0.1550354659557342,0.9164829850196838,0.1499295830726623,0.8936194777488708,0.9992034435272216,0.999425768852234,0.6444031000137329,0.9605971574783324,0.7163780927658081,0.949012815952301,0.7635543346405029,0.9084158539772034,0.8470627069473267,0.9564501643180848,0.2472021132707595,0.2457307875156402,0.245926171541214,0.2460594922304153,0.2420240193605423,0.2402301132678985,0.2369016855955124,0.2393809854984283,0.2283179312944412,0.2467546910047531,0.241971880197525,0.2421754896640777,0.2002258002758026,0.2409446537494659,0.1789048612117767,0.2468185871839523,0.1780598163604736,0.2454583197832107,0.1773062497377395,0.2461210489273071,0.1841166764497757,0.2435986250638961,0.1848450452089309,0.2359761893749237,0.2127715349197387,0.2506237328052521,0.2338483035564422,0.2460346519947052,0.2433914244174957,0.2344153225421905,0.2326172590255737,0.2738388478755951,0.2731220126152038,0.3717112243175506,0.3614176511764526,0.3609315156936645,0.3604902327060699,0.3620394468307495,0.3620467782020569,0.3626608848571777,0.3627453744411468,0.3651097118854522,0.3812235891819,0.3819323480129242,0.4152630567550659,0.4147199988365173,0.4720211625099182,0.4825268983840942,0.524440348148346,0.5472050905227661,0.5405148267745972,0.564202070236206,0.5405320525169373,0.5647262930870056,0.5345191359519958,0.5597009658813477,0.539117693901062,0.5436596274375916,0.6116264462471008,0.6179813742637634,0.6967166662216187,0.7006955742835999,0.716973602771759,0.7198365330696106,0.7124436497688293,0.7156556248664856,-0.2275749146938324,-0.2164037227630615,-0.2164276391267776,-0.2164198905229568,-0.2360509186983108,-0.2361014783382415,-0.2362025529146194,-0.1377017199993133,-0.2272250354290008,-0.1944036185741424,-0.2201757133007049,-0.0342405214905738,-0.2261209040880203,0.0312804952263832,-0.2513343095779419,-0.0130289699882268,-0.2847205996513366,-0.0206513088196516,-0.3132129907608032,-0.0405496060848236,-0.31708425283432,-0.0236086212098598,-0.2860942482948303,0.0612808167934417,-0.0613374933600425,0.1164746880531311,0.0089046182110905,0.2290326356887817,0.1404857039451599,0.2373417913913726,0.1501022279262542,0.1854448467493057,0.0792151167988777,Sit-To-Stand
69,0.9820113182067872,0.984298288822174,0.9823672771453856,0.9818254709243774,0.986198365688324,0.9860053658485411,0.987609326839447,0.9782856106758118,0.9914426803588868,0.992084503173828,0.9965734481811525,0.9968771934509276,0.9999215006828308,0.0944230109453201,0.9555410742759703,0.1298059970140457,0.9378783702850342,0.1501092463731765,0.9257630705833436,0.1521006822586059,0.9230613708496094,0.1477003097534179,0.9011207222938538,0.9992229342460632,0.9994335174560548,0.6206279993057251,0.9566425085067748,0.7026601433753967,0.9472750425338744,0.7521424293518066,0.9036210179328918,0.8450747132301331,0.9552065134048462,0.2475524395704269,0.245694562792778,0.2458868771791458,0.2460104525089264,0.2421641796827316,0.2402790039777755,0.2370834797620773,0.2396129816770553,0.2280851900577545,0.2468459159135818,0.2422749251127243,0.2415603846311569,0.2006804496049881,0.2404569834470749,0.1812044382095337,0.2503970265388489,0.180139809846878,0.2491523027420044,0.178014263510704,0.2498195469379425,0.1843671351671219,0.2484266012907028,0.1856331080198288,0.2376552373170852,0.2150840014219284,0.2505480051040649,0.2332398146390915,0.2460160553455352,0.2430444061756134,0.2344406098127365,0.2326693832874298,0.27385413646698,0.2729044258594513,0.368597537279129,0.3580788969993591,0.3575328588485718,0.3570139110088348,0.3585459887981415,0.3583957850933075,0.3584806025028229,0.358879953622818,0.3616938889026642,0.3779396116733551,0.3794307112693786,0.4110530018806457,0.4109819829463959,0.4717723429203033,0.4803832471370697,0.5209944248199463,0.5470907688140869,0.5367172956466675,0.5641910433769226,0.5365561842918396,0.5647813081741333,0.5336995720863342,0.5597304105758667,0.5370824337005615,0.54144686460495,0.6126400828361511,0.6228123307228088,0.6967644095420837,0.7007520198822021,0.7166261672973633,0.7198672890663147,0.7132924199104309,0.7162780165672302,-0.2143153399229049,-0.2103576213121414,-0.2103277742862701,-0.2103326618671417,-0.2200113087892532,-0.2200674265623092,-0.2200806885957718,-0.1139586418867111,-0.2080989778041839,-0.1884860843420028,-0.2034363448619842,-0.0179845113307237,-0.2171041518449783,0.040331657975912,-0.2441578656435012,-0.0093642007559537,-0.274579107761383,-0.0160708967596292,-0.3032499551773071,-0.0356179848313331,-0.3074114918708801,-0.0194960217922925,-0.27619069814682,0.0601056404411792,-0.0601569488644599,0.1352159827947616,0.0520702004432678,0.2603697180747986,0.1990067958831787,0.2704087793827057,0.2097963839769363,0.2195267230272293,0.1400154083967209,Sit-To-Stand
70,0.9834132790565492,0.9849971532821656,0.9829509854316713,0.9825288653373718,0.9871634244918824,0.9869952201843262,0.9885348677635192,0.9773185849189758,0.9920626878738404,0.9923760294914246,0.9967978596687316,0.997010052204132,0.9999257922172546,0.0911226794123649,0.9597594141960144,0.1295005530118942,0.9432805776596068,0.1490270048379898,0.9312514662742616,0.1512689292430877,0.9286553859710692,0.1476337313652038,0.9074468016624452,0.9991738796234132,0.9993947744369508,0.6134795546531677,0.954310655593872,0.697650134563446,0.9453957676887512,0.7453290224075317,0.8949345946311951,0.8435356020927429,0.95344740152359,0.2474484741687774,0.2455402910709381,0.245792418718338,0.2459491491317749,0.2419369518756866,0.2398222982883453,0.2368794232606887,0.239507794380188,0.2279599457979202,0.2467657625675201,0.2422375231981277,0.2424263954162597,0.2007323503494262,0.2434775829315185,0.1827569901943206,0.2489610165357589,0.183800458908081,0.2512038350105285,0.1818349063396453,0.2520048022270202,0.1878893673419952,0.2492411881685257,0.1887028664350509,0.2385810911655426,0.2150300741195678,0.2508710920810699,0.2326142787933349,0.2460198700428009,0.2394309937953949,0.2340018302202224,0.2280605137348175,0.2734265625476837,0.2684404253959656,0.3672272264957428,0.3562270700931549,0.3555697202682495,0.3549590408802032,0.3570330440998077,0.3570295870304107,0.3571248352527618,0.3568378090858459,0.360318511724472,0.3770029246807098,0.3779008686542511,0.4074869751930237,0.4094983041286468,0.4715226590633392,0.4803464114665985,0.5233729481697083,0.5471888184547424,0.5390368700027466,0.5649812817573547,0.5386190414428711,0.5666452050209045,0.534176230430603,0.5608877539634705,0.5352194309234619,0.539866030216217,0.6123796105384827,0.6251051425933838,0.6967341303825378,0.7014757394790649,0.716395914554596,0.7201195359230042,0.7157706618309021,0.7205241322517395,-0.204776257276535,-0.194859966635704,-0.1948840320110321,-0.1948852092027664,-0.2142565548419952,-0.2143048495054245,-0.2143946439027786,-0.117249920964241,-0.2136213779449463,-0.1747716963291168,-0.2004565000534057,-0.0233957935124635,-0.2202344387769699,0.0295346044003963,-0.2439426481723785,-0.0249144751578569,-0.2730410695075989,-0.0348166413605213,-0.301361083984375,-0.0550109855830669,-0.3067439198493957,-0.0358587503433227,-0.2751554846763611,0.0597569234669208,-0.0597950108349323,0.1314584910869598,0.0231229700148105,0.251909852027893,0.1627358645200729,0.2607887387275696,0.1730694472789764,0.2098938226699829,0.1017442494630813,Sit-To-Stand
71,0.9848068952560424,0.9858457446098328,0.9837653040885924,0.9834604859352112,0.9881587028503418,0.988016963005066,0.989461362361908,0.9769942760467528,0.9926666617393494,0.9927712082862854,0.9970264434814452,0.9970994591712952,0.999929904937744,0.0870384648442268,0.9635661244392396,0.1282027959823608,0.9481721520423888,0.1470217555761337,0.9362810850143432,0.1494511514902115,0.9337252378463744,0.1466245204210281,0.91310054063797,0.9991379380226136,0.9993780255317688,0.5979864597320557,0.9519864916801452,0.6849779486656189,0.9446665048599244,0.7335925698280334,0.8901207447052002,0.8395028114318848,0.9522961974143982,0.2490022629499435,0.2461812198162078,0.246301457285881,0.2463161200284958,0.2428583353757858,0.2406306266784668,0.2377970963716507,0.2394383698701858,0.2283141314983368,0.2480233609676361,0.2436385452747345,0.2426116913557052,0.202094167470932,0.2412956207990646,0.1847264915704727,0.2468151748180389,0.1861436665058136,0.2487401068210601,0.1837013661861419,0.2495604455471038,0.1893925219774246,0.2478471100330352,0.1910154372453689,0.2417154014110565,0.218336746096611,0.2509217858314514,0.2334136217832565,0.2469112575054168,0.2396524250507354,0.235586792230606,0.2287970781326294,0.2737282812595367,0.2688786387443542,0.3631516695022583,0.352617859840393,0.3520926237106323,0.3515661954879761,0.353344053030014,0.3534453511238098,0.3536470234394073,0.354535311460495,0.3578051328659057,0.3729881346225738,0.374026745557785,0.4077397882938385,0.4065872132778168,0.4719959497451782,0.4786811172962188,0.5254923701286316,0.5464263558387756,0.5388430953025818,0.5647503137588501,0.5386623740196228,0.5666406154632568,0.5357511043548584,0.5607748031616211,0.5349777340888977,0.539303183555603,0.6138035655021667,0.6232057809829712,0.6965922117233276,0.7025480270385742,0.7154885530471802,0.7201645970344543,0.7163170576095581,0.7226887941360474,-0.2028991281986236,-0.1918656527996063,-0.1918890327215194,-0.1918863803148269,-0.2142023295164108,-0.2142521440982818,-0.214354321360588,-0.1179208904504776,-0.2214349955320358,-0.1723223030567169,-0.2017419338226318,-0.0266144834458827,-0.2310491502285003,0.0294698625802993,-0.2591249048709869,-0.0191602371633052,-0.2855446934700012,-0.0280717816203832,-0.3148089945316314,-0.0480612851679325,-0.3185878396034241,-0.0299989487975835,-0.2871525287628174,0.0599381104111671,-0.0599782355129718,0.1469693481922149,0.0387602820992469,0.2827140986919403,0.1877711713314056,0.293685644865036,0.1990858018398285,0.2450683563947677,0.127252772450447,Sit-To-Stand
72,0.9859822392463684,0.98652845621109,0.9842119812965392,0.9838712811470032,0.9889668822288512,0.9888228178024292,0.9901943802833556,0.9747411012649536,0.9932212829589844,0.9928235411643982,0.9971650838851928,0.9971747994422911,0.9999338388442992,0.0821883007884025,0.9669840335845948,0.1268408149480819,0.9523555636405944,0.1448331475257873,0.9399955868721008,0.1476725339889526,0.9375746846199036,0.1447981148958206,0.9175019264221193,0.999189019203186,0.9993967413902284,0.6212795376777649,0.9516093134880066,0.7036827206611633,0.9404776096343994,0.7417959570884705,0.8744211792945862,0.8462774753570557,0.9482730627059937,0.2461607009172439,0.245041161775589,0.245620846748352,0.2460020333528518,0.2407639324665069,0.23818239569664,0.2358444929122924,0.2402859479188919,0.2282669991254806,0.2468466758728027,0.2408676445484161,0.243444412946701,0.2028229534626007,0.2427918165922165,0.1860187649726867,0.2487059086561203,0.1885805428028106,0.2498111426830291,0.1857223957777023,0.2503637373447418,0.1908374726772308,0.2494299113750457,0.1926042884588241,0.2426178157329559,0.2182381451129913,0.251703530550003,0.2235200703144073,0.2464384734630584,0.2039166688919067,0.234685868024826,0.195633977651596,0.2735114991664886,0.216927483677864,0.3640945851802826,0.3531199991703033,0.352675050497055,0.3522998988628387,0.3533807098865509,0.3533158600330353,0.3534541726112366,0.354501336812973,0.3566976189613342,0.372391402721405,0.3730960786342621,0.4092247784137726,0.4039617776870727,0.4703244268894195,0.4774101674556732,0.5236678719520569,0.5451806783676147,0.5383074879646301,0.5642103552818298,0.5381905436515808,0.5662667751312256,0.5335010290145874,0.5604454874992371,0.5359679460525513,0.5402621030807495,0.6160814762115479,0.619256854057312,0.6978204250335693,0.6529582142829895,0.7154204845428467,0.6566306352615356,0.7168445587158203,0.6788941025733948,-0.2011705636978149,-0.190282255411148,-0.1903136819601059,-0.1903240978717804,-0.2090903520584106,-0.209139734506607,-0.20924012362957,-0.1145346164703369,-0.2026394158601761,-0.1699121594429016,-0.1955396384000778,-0.0206081494688987,-0.2051533907651901,0.0314729362726211,-0.2299186885356903,-0.0246540307998657,-0.270689308643341,-0.0349534079432487,-0.2993980348110199,-0.0552508533000946,-0.3043682277202606,-0.0355960801243782,-0.2729693055152893,0.0540974847972393,-0.0541003756225109,0.1278743743896484,0.0784652084112167,0.2489829510450363,0.2775535881519317,0.2581567466259002,0.2955781817436218,0.2063151150941848,0.2433647364377975,Sit-To-Stand
73,0.9872561693191528,0.9875486493110656,0.9853281378746032,0.985035240650177,0.9899190068244934,0.9897956252098083,0.9910560250282288,0.9757047295570374,0.9938024282455444,0.9933410882949828,0.9973983764648438,0.997373342514038,0.9999390840530396,0.0808004289865493,0.9701263904571532,0.1304715573787689,0.9564595818519592,0.1478414833545684,0.9443373084068298,0.1511363089084625,0.9419642686843872,0.1485793888568878,0.9224970936775208,0.9992149472236632,0.9994274973869324,0.6005900502204895,0.951125144958496,0.6913853287696838,0.9424285292625428,0.7348940968513489,0.8754681944847107,0.8449022769927979,0.9494835138320924,0.2487479895353317,0.2466683685779571,0.2470740526914596,0.2473279684782028,0.2428599148988723,0.2403599768877029,0.2377554476261139,0.2408021390438079,0.2289246320724487,0.2489953488111496,0.243816927075386,0.244243174791336,0.2043091803789138,0.2452377080917358,0.186681792140007,0.2532255351543426,0.1915686726570129,0.2547512650489807,0.1893749982118606,0.2553887069225311,0.195042222738266,0.2544202208518982,0.1969478130340576,0.2441390007734298,0.2218153476715088,0.251709908246994,0.2335947751998901,0.2474572658538818,0.2302674800157547,0.2359834909439087,0.2176936119794845,0.2737499475479126,0.2527034878730774,0.3613157868385315,0.3507481515407562,0.3502666354179382,0.3497890830039978,0.3515923619270324,0.3518341481685638,0.3521996438503265,0.3532416224479675,0.3562209904193878,0.3705550134181976,0.3717712163925171,0.406234860420227,0.4011301398277282,0.4704087674617767,0.4752812385559082,0.5218427777290344,0.545225977897644,0.5382378697395325,0.5644151568412781,0.5382285714149475,0.5663011074066162,0.5324381589889526,0.5604391694068909,0.5357568860054016,0.5403211116790771,0.6172953248023987,0.6227687001228333,0.6962430477142334,0.6833240985870361,0.714238166809082,0.69756019115448,0.7165928483009338,0.7062608599662781,-0.2153196632862091,-0.2032592296600341,-0.2032889425754547,-0.2032870799303054,-0.2243465185165405,-0.2243948280811309,-0.224491685628891,-0.1218152791261673,-0.2178538143634796,-0.1812233924865722,-0.2091379910707473,-0.0237946677953004,-0.2190984487533569,0.0323064476251602,-0.246406078338623,-0.0279255919158458,-0.2871893048286438,-0.0394708104431629,-0.31930872797966,-0.060591846704483,-0.3230945169925689,-0.0394094698131084,-0.2890767455101013,0.0551028065383434,-0.055076278746128,0.1705000698566436,0.0611870884895324,0.3263185024261474,0.2263315469026565,0.3397156596183777,0.2394925653934478,0.2914187908172607,0.1683987528085708,Sit-To-Stand
74,0.988398253917694,0.9884530305862428,0.986316442489624,0.9859249591827391,0.99077045917511,0.9906697273254396,0.9918195009231568,0.9761542677879332,0.9943242073059082,0.9936240315437316,0.9975757598876952,0.9974462389945984,0.9999434947967528,0.0775748491287231,0.9729535579681396,0.1338936984539032,0.9601081013679504,0.1503026932477951,0.9479655027389526,0.1544462740421295,0.9457160830497742,0.1512923687696457,0.926964282989502,0.9991987347602844,0.9994450211524964,0.5975630879402161,0.9514898657798768,0.6938027739524841,0.9442695379257202,0.7350509166717529,0.8750297427177429,0.8470885157585144,0.9507119655609132,0.2482840120792389,0.2465926110744476,0.2469802796840667,0.2473782300949096,0.2422502338886261,0.239616721868515,0.2367160022258758,0.2430713176727295,0.2288536578416824,0.2487827539443969,0.2432592809200287,0.2456590831279754,0.205509141087532,0.2456743270158767,0.187343567609787,0.2537599205970764,0.1934850215911865,0.2568196654319763,0.1923947930335998,0.257183700799942,0.1989279836416244,0.2546248435974121,0.2011500149965286,0.2456099092960357,0.2225341349840164,0.252667099237442,0.234688252210617,0.2482179701328277,0.2367308884859085,0.2390367686748504,0.2253692150115966,0.274074912071228,0.2570844292640686,0.3624310493469238,0.3518330752849579,0.3513520658016205,0.3509179949760437,0.3525443375110626,0.3526647388935089,0.3529702126979828,0.3538351058959961,0.3564029335975647,0.3716337382793426,0.37248694896698,0.4073417782783508,0.400518000125885,0.4691838920116424,0.4738960564136505,0.5141119360923767,0.542465329170227,0.5314613580703735,0.5636359453201294,0.5317635536193848,0.5646486878395081,0.5250884294509888,0.5580083727836609,0.5362745523452759,0.5407365560531616,0.6171274185180664,0.6222243905067444,0.6961919069290161,0.6926829218864441,0.7141619920730591,0.7106596827507019,0.7166261076927185,0.7151613831520081,-0.2073146998882293,-0.1961733400821685,-0.1962055712938308,-0.196207970380783,-0.2214575260877609,-0.2214688509702682,-0.2215110063552856,-0.1078943833708763,-0.1816840171813964,-0.1782934069633484,-0.1979818344116211,-0.0032213248778134,-0.1842671036720276,0.049398023635149,-0.212149828672409,-0.0201628617942333,-0.2635091543197632,-0.0368593037128448,-0.2944681942462921,-0.0583881512284278,-0.2981564700603485,-0.0330095253884792,-0.265257328748703,0.0560098960995674,-0.0559988692402839,0.1473871916532516,0.0434937290847301,0.2823275625705719,0.1951459348201751,0.2929351925849914,0.2064840346574783,0.2429322749376297,0.1337839365005493,Sit-To-Stand
75,0.989212930202484,0.9888727068901062,0.986840546131134,0.9865120649337769,0.9912424683570862,0.9911847114562988,0.9922463297843932,0.976536750793457,0.9946155548095704,0.9938506484031676,0.9976613521575928,0.997618556022644,0.9999464750289916,0.0740318000316619,0.9752384424209596,0.1307487934827804,0.9621846079826356,0.1473484933376312,0.949151873588562,0.1516962051391601,0.9467552304267884,0.1488080769777298,0.9269938468933104,0.9991669654846193,0.9994380474090576,0.575995147228241,0.9518486857414246,0.6822402477264404,0.945722997188568,0.7298672795295715,0.8765267729759216,0.845308780670166,0.9512734413146972,0.2512557804584503,0.2484413087368011,0.2485963404178619,0.2487039864063263,0.2450490742921829,0.2427262067794799,0.2400668114423751,0.2427611649036407,0.2307471483945846,0.2510596215724945,0.2468878775835037,0.2453289031982422,0.2072241753339767,0.2445652484893798,0.1879255473613739,0.2529609501361847,0.1966197341680526,0.2544906735420227,0.1966320723295211,0.2547206282615661,0.203362300992012,0.2536268234252929,0.2055870294570922,0.2451092898845672,0.2252279072999954,0.2511240541934967,0.2350782603025436,0.2478622645139694,0.2410290241241455,0.2388895452022552,0.2300946712493896,0.2740728259086609,0.2647352814674377,0.3620965778827667,0.3518086373806,0.3513177633285522,0.350824624300003,0.3526044487953186,0.352753609418869,0.352978378534317,0.3538564145565033,0.3562437891960144,0.3715734481811523,0.3722623288631439,0.4042478203773498,0.4009270668029785,0.4657761454582214,0.4714835882186889,0.514606773853302,0.5370909571647644,0.5292289853096008,0.5598869323730469,0.5251016020774841,0.5586510896682739,0.5237146019935608,0.5513598322868347,0.5368728637695312,0.5413104891777039,0.6176117062568665,0.6222546100616455,0.6962085962295532,0.6990895867347717,0.7142583131790161,0.7171745896339417,0.7164093255996704,0.7184582948684692,-0.1535810679197311,-0.1429205983877182,-0.1429644078016281,-0.1429707705974578,-0.1652018576860427,-0.165222942829132,-0.1652941554784774,-0.0715627074241638,-0.1676400601863861,-0.124028243124485,-0.1519528031349182,0.0136691574007272,-0.181159496307373,0.0647130236029625,-0.2091167271137237,0.0052376710809767,-0.2451759278774261,-0.0063320444896817,-0.2765156924724579,-0.0265655852854251,-0.2783875465393066,-0.0060035800561308,-0.2466144263744354,0.0568255484104156,-0.0568120256066322,0.1754593104124069,0.064772330224514,0.3205715417861938,0.2252249270677566,0.332853764295578,0.238199234008789,0.2882642447948456,0.1735205352306366,Sit-To-Stand
76,0.99017071723938,0.9896737933158876,0.9877661466598512,0.987451434135437,0.9919552803039552,0.9919226169586182,0.9928985834121704,0.9776462912559508,0.9950454831123352,0.9942824244499208,0.997839093208313,0.9977238178253174,0.9999502897262572,0.0714606866240501,0.9775030612945556,0.1313176155090332,0.9651100635528564,0.1477675288915634,0.9520667195320128,0.1525031775236129,0.9496102333068848,0.1494741439819336,0.9300601482391356,0.9991394877433776,0.999447762966156,0.5582646131515503,0.95356684923172,0.6783774495124817,0.9491587281227112,0.7287423014640808,0.8816120624542236,0.8477106094360352,0.953880786895752,0.2483539879322052,0.2456173002719879,0.2460793703794479,0.2465313971042633,0.2420376241207122,0.2400388717651367,0.2379778176546096,0.2427002638578415,0.2302816659212112,0.2491726577281952,0.2447034567594528,0.2450643479824066,0.2079331874847412,0.2440820485353469,0.1871123909950256,0.2537810206413269,0.1986969113349914,0.2556031048297882,0.1992999464273452,0.2554241120815277,0.2058250904083252,0.2556401491165161,0.2078137844800949,0.2454557418823242,0.2267862111330032,0.2510240972042084,0.2353553771972656,0.2477753609418869,0.2432661354541778,0.2386539280414581,0.2327595055103302,0.2737707495689392,0.2675488293170929,0.3567372560501098,0.3471191525459289,0.3470434844493866,0.3470792770385742,0.3472369611263275,0.3473233878612518,0.3476185202598572,0.3504787087440491,0.3514580726623535,0.3657472431659698,0.3661558926105499,0.4051294028759002,0.3988656103610992,0.4646442234516144,0.4684942662715912,0.5128378868103027,0.5326710939407349,0.5291236639022827,0.555793046951294,0.5241762399673462,0.5543735027313232,0.5232749581336975,0.5470906496047974,0.5370109677314758,0.5411801934242249,0.6176894903182983,0.6222683787345886,0.6973421573638916,0.7029434442520142,0.7146379351615906,0.7199068069458008,0.7163002490997314,0.7204894423484802,-0.1470448672771453,-0.1364659667015075,-0.1364946663379669,-0.1364827454090118,-0.1560153067111969,-0.1560477912425995,-0.1561286747455597,-0.0682994797825813,-0.1566380113363266,-0.1185379475355148,-0.1441322565078735,0.0150249795988202,-0.1770600974559784,0.0631810650229454,-0.2119011580944061,0.0061314352788031,-0.249623417854309,-0.0040580020286142,-0.2807075381278991,-0.024073364213109,-0.2812544107437134,-0.0048100193962454,-0.2503483891487121,0.0570426993072032,-0.057013027369976,0.170933187007904,0.0558889582753181,0.3145248293876648,0.207177847623825,0.3266848921775818,0.2190285474061966,0.2818715572357178,0.1521913856267929,Sit-To-Stand
77,0.9909406900405884,0.9902132153511048,0.988425076007843,0.9881324172019958,0.99248206615448,0.992485761642456,0.9933748841285706,0.9784240126609802,0.9953643679618835,0.9945313334465028,0.9979417324066162,0.9978635311126708,0.9999533295631408,0.0682204663753509,0.9794515371322632,0.1277863979339599,0.9673174619674684,0.1449149698019027,0.9539583921432496,0.1497717946767807,0.9513545036315918,0.1470323354005813,0.931004762649536,0.9990677833557128,0.9994403123855592,0.5424359440803528,0.9552592039108276,0.6772613525390625,0.9525769352912904,0.7325554490089417,0.8874049782752991,0.8513941764831543,0.9562039971351624,0.2513260841369629,0.2479316890239715,0.2479566037654876,0.2479475289583206,0.2452476918697357,0.2433077543973922,0.2411596328020095,0.2425993680953979,0.2316931039094925,0.2510242760181427,0.247346356511116,0.2438534796237945,0.2090412825345993,0.2436092793941497,0.1865551620721817,0.2533420920372009,0.2018493711948394,0.2554378807544708,0.2046796977519989,0.2552356421947479,0.2122003585100174,0.2573758065700531,0.2128400057554245,0.2462964951992035,0.2293799817562103,0.2507993578910827,0.2364527732133865,0.2476875483989715,0.2433032244443893,0.2377122640609741,0.2337143123149871,0.2737118601799011,0.26813805103302,0.3586407899856567,0.3484283983707428,0.3480298817157745,0.3476406335830688,0.3489408493041992,0.3490000069141388,0.349181056022644,0.3503722250461578,0.3525802493095398,0.3674355149269104,0.3681742250919342,0.3994430899620056,0.3984047174453735,0.4624882340431213,0.4667206108570099,0.5098667144775391,0.5307605266571045,0.523046612739563,0.5519255995750427,0.5213250517845154,0.5482333898544312,0.5207712650299072,0.5409047603607178,0.5368862748146057,0.5411683320999146,0.6178876161575317,0.6228606104850769,0.6976980566978455,0.7045809030532837,0.7149056196212769,0.7210431694984436,0.716204047203064,0.7217511534690857,-0.143826276063919,-0.1332623362541198,-0.1332911550998687,-0.1332861185073852,-0.1557864248752594,-0.1558122336864471,-0.1558801084756851,-0.064711220562458,-0.1656525582075119,-0.1144479140639305,-0.1441071927547454,0.0162344761192798,-0.1830360442399978,0.0686249136924743,-0.2160701006650924,0.0137145202606916,-0.2509139478206634,0.005136621184647,-0.2821746468544006,-0.0155084449797868,-0.2807195782661438,0.0027510544750839,-0.250844657421112,0.0588415339589118,-0.0588642284274101,0.1903314143419265,0.0644344165921211,0.3471659421920776,0.2247394025325775,0.3608554005622864,0.2378728091716766,0.317895233631134,0.1734321862459182,Sit-To-Stand
78,0.9914359450340272,0.9901465773582458,0.988276481628418,0.987978458404541,0.9927107691764832,0.9927853345870972,0.9936711192131042,0.9756079912185668,0.9954683184623718,0.9942551255226136,0.9979278445243835,0.997723400592804,0.9999544620513916,0.0649198144674301,0.9812872409820556,0.1249740645289421,0.9696834087371826,0.1424859315156936,0.9562822580337524,0.147597923874855,0.953703224658966,0.1448083817958831,0.9335744380950928,0.9988911151885986,0.999363124370575,0.5288239121437073,0.9533706903457642,0.6715673208236694,0.9529885649681092,0.726248562335968,0.8863633275032043,0.8484580516815186,0.9561084508895874,0.2484153509140014,0.2459594756364822,0.2462688684463501,0.2465994656085968,0.2431155890226364,0.2415660172700882,0.2400403767824173,0.2424583733081817,0.2315579205751419,0.248971551656723,0.2453124076128006,0.2438988238573074,0.2086706608533859,0.2440988570451736,0.1862308531999588,0.2568686902523041,0.2021134346723556,0.2579047381877899,0.2051893025636673,0.2576307952404022,0.2131697833538055,0.2599155306816101,0.2137269973754882,0.2467712610960006,0.2299070060253143,0.2496344745159149,0.2406461685895919,0.245303064584732,0.2433526068925857,0.2351239025592804,0.2336342632770538,0.2731022536754608,0.2713997960090637,0.3552517890930176,0.3455961942672729,0.3454198241233825,0.3453241884708404,0.3457985818386078,0.34581059217453,0.3459615111351013,0.3487334549427032,0.3499023020267486,0.3638928234577179,0.3642854392528534,0.4007371366024017,0.3964172601699829,0.4617314338684082,0.4642411172389984,0.5106520652770996,0.5277009606361389,0.5239377617835999,0.5478276610374451,0.5198608636856079,0.5433577299118042,0.51958167552948,0.5363333225250244,0.5334492921829224,0.5376981496810913,0.617131233215332,0.6207716464996338,0.6985153555870056,0.7052421569824219,0.71527498960495,0.7217071652412415,0.7161811590194702,0.72154301404953,-0.1326380521059036,-0.1221963018178939,-0.1222175508737564,-0.1221962347626686,-0.1431642174720764,-0.1431948244571685,-0.143285185098648,-0.0542667135596275,-0.1493285596370697,-0.1037432998418808,-0.131321370601654,0.0327603891491889,-0.1724264025688171,0.081800490617752,-0.2104885131120681,0.0253845248371362,-0.2462731897830963,0.0185330342501401,-0.2750036418437958,-0.0032807462848722,-0.2732661068439483,0.0138372676447033,-0.2453547716140747,0.0595906190574169,-0.0596077218651771,0.1455787569284439,0.0250822659581899,0.2547265589237213,0.1505602747201919,0.2625485360622406,0.1594123244285583,0.2118600159883499,0.0893862694501876,Sit-To-Stand
79,0.9918806552886964,0.9902185201644896,0.9884729981422424,0.988048493862152,0.9928852915763856,0.9930495619773864,0.9938376545906068,0.9752457737922668,0.9956183433532716,0.994195520877838,0.9979243278503418,0.9978368878364564,0.9999569654464722,0.062155608087778,0.9828773736953736,0.1207344904541969,0.9715468287467957,0.1388329416513443,0.9578593969345092,0.144150048494339,0.9552772641181946,0.1414031535387039,0.9345691800117492,0.9988022446632384,0.9993577599525452,0.5177944302558899,0.9542197585105896,0.675215482711792,0.9558032155036926,0.7309587001800537,0.8907559514045715,0.8521481156349182,0.958017110824585,0.2511371970176697,0.2476700991392135,0.247791051864624,0.2478679716587066,0.2448370456695556,0.242931842803955,0.2408336102962494,0.2423633635044098,0.2314660549163818,0.2512146234512329,0.2475962191820144,0.2438583374023437,0.2092081010341644,0.240306407213211,0.185979887843132,0.2560561597347259,0.2015139162540435,0.2566891312599182,0.2053142338991165,0.256503164768219,0.2128483355045318,0.2586006820201874,0.2131481915712356,0.2471373081207275,0.2300777733325958,0.2494207620620727,0.2411247938871383,0.2461530715227127,0.2433011978864669,0.2355717420578003,0.2334165126085281,0.2731402516365051,0.2711882591247558,0.3543652296066284,0.3443011045455932,0.3439785242080688,0.3436880111694336,0.3449533581733703,0.3451748490333557,0.3455352783203125,0.3477174341678619,0.3500943183898926,0.3634600341320038,0.3644515872001648,0.3974092304706573,0.3949432075023651,0.4598134160041809,0.4617924392223358,0.5074287056922913,0.5260539650917053,0.5205408930778503,0.5451744794845581,0.5167592167854309,0.539883017539978,0.5139406323432922,0.534047544002533,0.5333441495895386,0.537993311882019,0.6170027256011963,0.6207088828086853,0.6976680755615234,0.7050586938858032,0.7148134708404541,0.7217922210693359,0.7163391709327698,0.7227381467819214,-0.1366918385028839,-0.125435784459114,-0.1254683285951614,-0.1254589408636093,-0.1471270471811294,-0.1471540033817291,-0.1472297757863998,-0.054899800568819,-0.1532320082187652,-0.1068309321999549,-0.1354036629199981,0.0282459817826747,-0.1693819910287857,0.0817903205752372,-0.2015078365802765,0.0265381745994091,-0.2347450703382492,0.01909801363945,-0.2638653814792633,-0.0018451387295499,-0.2608192563056946,0.015603776089847,-0.2335716187953949,0.0605642199516296,-0.0606022290885448,0.1702393591403961,0.0397747121751308,0.3165294528007507,0.1918177157640457,0.3286402821540832,0.2040268927812576,0.2825506329536438,0.1371949315071106,Sit-To-Stand
80,0.9922977089881896,0.990303635597229,0.988458812236786,0.9879397749900818,0.9931622743606568,0.9933518767356871,0.994124472141266,0.9736090302467346,0.9958159923553468,0.9940571784973145,0.9979498982429504,0.9977656602859496,0.999958038330078,0.060740128159523,0.9843761920928956,0.1207390949130058,0.973311960697174,0.1394793689250946,0.9593965411186218,0.1451248824596405,0.956837236881256,0.1422628909349441,0.9363545179367064,0.998629093170166,0.9993115663528442,0.5152795910835266,0.954321265220642,0.679620087146759,0.9570503830909728,0.7344195246696472,0.8914902210235596,0.8525906801223755,0.9584232568740844,0.2489496171474456,0.2460054904222488,0.2464293241500854,0.2468461245298385,0.2425963431596756,0.2406586110591888,0.2386204004287719,0.24229097366333,0.2300989329814911,0.2501355707645416,0.2455525398254394,0.2449100017547607,0.2090306729078292,0.2428673058748245,0.1855516582727432,0.2568720579147339,0.200832799077034,0.2578206658363342,0.2050595581531524,0.2627629935741424,0.2126738727092743,0.2613044679164886,0.2127866446971893,0.2481685131788253,0.2304240763187408,0.2494650781154632,0.2420379668474197,0.2461902350187301,0.2432205975055694,0.2359036952257156,0.2332734316587448,0.2731653451919555,0.2709572911262512,0.3549343347549438,0.3445059061050415,0.3441696465015411,0.3439272940158844,0.3452754020690918,0.3455430567264557,0.3460116684436798,0.3477924168109894,0.3506705462932586,0.3635571599006653,0.3649380803108215,0.3987737596035003,0.3956789970397949,0.4594255089759826,0.4614449739456177,0.4986502230167389,0.5253345966339111,0.5159648656845093,0.5434674024581909,0.5134509205818176,0.5385157465934753,0.5098021030426025,0.5332701802253723,0.5331380367279053,0.5379074811935425,0.6169303059577942,0.6202705502510071,0.6976516842842102,0.7051787972450256,0.7146557569503784,0.7221687436103821,0.7165359258651733,0.7237650752067566,-0.1467941701412201,-0.1352863907814026,-0.135316252708435,-0.1353073120117187,-0.1554923504590988,-0.1555202305316925,-0.1556011438369751,-0.0611641593277454,-0.1492867320775985,-0.1160603538155555,-0.1423902809619903,0.0290083736181259,-0.1625566929578781,0.0839194878935813,-0.1969765722751617,0.0262528695166111,-0.2380785048007965,0.0184649769216775,-0.2662653625011444,-0.0032490759622305,-0.2649412751197815,0.014965203590691,-0.2374093830585479,0.0606385394930839,-0.0606728196144104,0.1601447910070419,0.0185124706476926,0.285125732421875,0.1484021991491317,0.2939996123313904,0.158005341887474,0.2447624504566192,0.0861463472247123,Sit-To-Stand
81,0.9922945499420166,0.9896774291992188,0.9877039194107056,0.987104833126068,0.9930168986320496,0.9932961463928224,0.994074821472168,0.9710057973861694,0.995850384235382,0.9936246275901794,0.9978642463684082,0.9977441430091858,0.9999586939811708,0.0583162084221839,0.9856799244880676,0.1162672415375709,0.9746293425559998,0.1353710144758224,0.9602214694023132,0.140983834862709,0.9576194286346436,0.1383272111415863,0.9365527033805848,0.9983829259872437,0.9992424249649048,0.5118548274040222,0.9551628232002258,0.6831737756729126,0.9587502479553224,0.7378092408180237,0.8929970264434814,0.8539130091667175,0.9591094851493835,0.2497590333223343,0.246496245265007,0.2468492239713668,0.2471784651279449,0.2431719601154327,0.2411458194255828,0.2389522492885589,0.2422764301300048,0.2301658391952514,0.250600516796112,0.2461872100830078,0.2448345869779586,0.2089049816131591,0.2427625209093094,0.1844112575054168,0.2562560737133026,0.2000481337308883,0.2575364410877228,0.2047053873538971,0.2609834372997284,0.2118001878261566,0.2596713900566101,0.2117116749286651,0.2484230101108551,0.2308382242918014,0.2493491470813751,0.2430090010166168,0.2463304698467254,0.2433057278394699,0.2359764873981475,0.2331179678440094,0.2732323110103607,0.2708186507225036,0.3533259332180023,0.3432684242725372,0.3428926765918731,0.3425484001636505,0.3441405296325683,0.3444699645042419,0.3449558019638061,0.3462723195552826,0.3493982553482055,0.3621195554733276,0.3635143041610718,0.3961035907268524,0.3944374918937683,0.4557304680347442,0.4601077735424042,0.4987600445747375,0.5236124396324158,0.5087567567825317,0.5412589907646179,0.5093317627906799,0.5370457768440247,0.5055459141731262,0.5312144160270691,0.5302088260650635,0.5357580184936523,0.6164208054542542,0.6202374696731567,0.6971889138221741,0.7051575183868408,0.7143620252609253,0.7223566770553589,0.7165035605430603,0.7249767780303955,-0.1505878716707229,-0.1392363011837005,-0.1392649710178375,-0.1392554491758346,-0.1589065492153167,-0.1589395850896835,-0.1590190976858139,-0.0657966881990432,-0.1510737836360931,-0.1201100945472717,-0.1458216309547424,0.0240391474217176,-0.1686821281909942,0.08074901252985,-0.20320825278759,0.024464089423418,-0.2412196397781372,0.017179837450385,-0.2697419226169586,-0.0046880366280674,-0.2678975760936737,0.0132319051772356,-0.2404630482196808,0.062072854489088,-0.0621016137301921,0.1627007871866226,0.0208628624677658,0.300527274608612,0.1576754450798034,0.3112207055091858,0.1679313480854034,0.2632371485233307,0.0991609171032905,Sit-To-Stand
82,0.9922127723693848,0.9887658953666688,0.9864630103111268,0.9857017397880554,0.9927543997764589,0.9931193590164183,0.9939872622489928,0.9657771587371826,0.9957870841026306,0.992855429649353,0.9977247714996338,0.9975398182868958,0.999959111213684,0.0560739748179912,0.986899435520172,0.1122136861085891,0.976036012172699,0.131406158208847,0.9613338708877563,0.137162297964096,0.9587634801864624,0.1346355974674224,0.9379137754440308,0.9980916380882264,0.9991385340690612,0.5073414444923401,0.9531605839729308,0.6845855712890625,0.9582089781761168,0.7373355031013489,0.8903781771659851,0.8519531488418579,0.9581702947616576,0.2462891042232513,0.2443316727876663,0.2449336498975753,0.2455886602401733,0.2408440113067627,0.2389548122882843,0.2366887032985687,0.2421386241912841,0.2290952503681183,0.2476846873760223,0.2433405220508575,0.2447719126939773,0.2087775766849517,0.2431369572877884,0.1843656003475189,0.2576859295368194,0.2005783021450042,0.2608959376811981,0.2050559520721435,0.2635438144207001,0.2116312235593795,0.2612209320068359,0.2119610756635666,0.2496518194675445,0.2317336350679397,0.2496687620878219,0.243012934923172,0.2464567869901657,0.2432560920715332,0.2361774146556854,0.2330176085233688,0.2735374569892883,0.2706555724143982,0.3542200326919555,0.3439270257949829,0.3435010015964508,0.3431224524974823,0.344637006521225,0.3447735905647278,0.345144122838974,0.3461414277553558,0.3488699793815613,0.3624659776687622,0.3637295663356781,0.3953949809074402,0.3943458199501037,0.4558795392513275,0.4596839845180511,0.4967663586139679,0.5225803256034851,0.5084458589553833,0.5406802892684937,0.506044864654541,0.5369787216186523,0.5022534132003784,0.5307811498641968,0.5286434292793274,0.5345889329910278,0.615005612373352,0.6197154521942139,0.6970366835594177,0.705173909664154,0.7142797112464905,0.7223827838897705,0.7165225744247437,0.7259148955345154,-0.139953076839447,-0.1285521239042282,-0.128587320446968,-0.1285780966281891,-0.1478002518415451,-0.147827535867691,-0.1479225158691406,-0.0549786761403083,-0.1417438685894012,-0.1093906909227371,-0.1345939338207245,0.0373590029776096,-0.1569032371044159,0.0936520844697952,-0.1895891427993774,0.0363562107086181,-0.230795070528984,0.0297930799424648,-0.2570889592170715,0.0074993483722209,-0.2563003003597259,0.0247698836028575,-0.230056956410408,0.0621079877018928,-0.0621307902038097,0.1284317076206207,-0.0096196550875902,0.2361709773540496,0.107235386967659,0.2430930137634277,0.1149594187736511,0.1906207054853439,0.0397679358720779,Sit-To-Stand
83,0.9919828176498412,0.9877987504005432,0.9853572249412536,0.9844984412193298,0.9923760890960692,0.9928399324417114,0.9937361478805542,0.9628411531448364,0.9957365393638612,0.9921674728393556,0.9975339770317078,0.9975144267082214,0.9999597072601318,0.0539806373417377,0.9879165887832642,0.1090067476034164,0.9771275520324708,0.1284564286470413,0.9621337056159972,0.1342771649360656,0.9595977067947388,0.1319873034954071,0.9384744763374328,0.997749388217926,0.9990059733390808,0.5055015087127686,0.9524217247962952,0.6860076785087585,0.9575821757316588,0.737614631652832,0.8876419067382812,0.8507833480834961,0.9569528102874756,0.2477997243404388,0.2449615746736526,0.2453665435314178,0.2458143234252929,0.2417377680540084,0.2397432029247284,0.2373936623334884,0.2418161630630493,0.2292384654283523,0.2486464977264404,0.2445208132266998,0.2441674768924713,0.2093019485473632,0.2421655654907226,0.1843754351139068,0.25726979970932,0.2008754760026931,0.2598139643669128,0.2060097157955169,0.2625331282615661,0.212924838066101,0.2610329389572143,0.2127488404512405,0.2504194974899292,0.2331510484218597,0.249706819653511,0.2432974874973297,0.2466192245483398,0.2431544065475464,0.2367734909057617,0.2318380326032638,0.2735575735569,0.270158588886261,0.3517689704895019,0.3415999412536621,0.3411341309547424,0.3406836092472076,0.3424480259418487,0.3426960706710815,0.3431330621242523,0.3442632853984833,0.3475431203842163,0.3603921830654144,0.3617966771125793,0.3926160633563995,0.3921452462673187,0.4544412493705749,0.4580739438533783,0.4973623156547546,0.5216026306152344,0.5099751949310303,0.5396942496299744,0.5063207149505615,0.5354135632514954,0.5023458003997803,0.5293893218040466,0.5271803736686707,0.5329281687736511,0.6137675046920776,0.6181151270866394,0.6965402364730835,0.7050612568855286,0.7134572863578796,0.7224100828170776,0.716536819934845,0.7259811758995056,-0.1302436292171478,-0.1192154511809349,-0.1192444413900375,-0.1192322000861167,-0.1416172087192535,-0.1416435539722442,-0.1417356878519058,-0.0496015362441539,-0.1491203010082245,-0.100846454501152,-0.1302409917116165,0.0400375314056873,-0.164668008685112,0.095596358180046,-0.1967644393444061,0.0395628660917282,-0.2307883948087692,0.0333256348967552,-0.2574986815452575,0.0114658121019601,-0.2552065849304199,0.0281667504459619,-0.2293962687253952,0.0646767690777778,-0.0646999403834343,0.1368117332458496,-0.0075991204939782,0.2454278022050857,0.1223682165145874,0.2564385533332824,0.1321473270654678,0.1972857862710952,0.063422292470932,Sit-To-Stand
84,0.9919431209564208,0.98720520734787,0.9843316078186036,0.983244001865387,0.9922316074371338,0.9927116632461548,0.993672788143158,0.9578432440757751,0.9956839084625244,0.9914560317993164,0.9973725080490112,0.9971230626106262,0.9999581575393676,0.0517433770000934,0.9887771606445312,0.1059274971485138,0.9777349829673768,0.1250974535942077,0.9619482755661012,0.1310506016016006,0.9594428539276124,0.1287475526332855,0.9381792545318604,0.9974834322929382,0.9989044070243835,0.5072616338729858,0.9488771557807922,0.6889681816101074,0.9552106261253356,0.7384383082389832,0.8813223838806152,0.8494915962219238,0.9550652503967284,0.2455801516771316,0.2432344406843185,0.2438338249921798,0.2444774806499481,0.2393340766429901,0.2371174097061157,0.234687328338623,0.2412143945693969,0.2264478504657745,0.2468595206737518,0.2413514405488968,0.2441362887620926,0.2089304029941558,0.2443137466907501,0.1849640756845474,0.2578659653663635,0.2022768557071685,0.2611247599124908,0.2070854604244232,0.2632597088813782,0.213207721710205,0.2610824704170227,0.2130490243434906,0.2510547935962677,0.2324197590351104,0.2501891255378723,0.2432328164577484,0.2466539889574051,0.2427752763032913,0.2380619794130325,0.2316891252994537,0.2736178636550903,0.2698994278907776,0.3478370308876037,0.3385324478149414,0.3381929099559784,0.3379398584365845,0.3395104110240936,0.3399676978588104,0.3406815230846405,0.3420668244361877,0.3462553918361664,0.3569179177284241,0.3583318591117859,0.3936518430709839,0.3915072381496429,0.4544999301433563,0.4568357169628143,0.4974013268947601,0.5201801657676697,0.5110962986946106,0.5386499166488647,0.5073548555374146,0.5353266596794128,0.5029173493385315,0.5294038653373718,0.5253709554672241,0.5310383439064026,0.6131657361984253,0.6155616044998169,0.6963179707527161,0.7049720287322998,0.7126656770706177,0.7222155928611755,0.7162404656410217,0.7257527709007263,-0.1381891667842865,-0.1270496845245361,-0.1270803809165954,-0.1270710974931717,-0.1478832811117172,-0.1479095965623855,-0.1480011641979217,-0.0506891682744026,-0.1385862976312637,-0.1082171201705932,-0.1353459060192108,0.0432403497397899,-0.1528879404067993,0.0927981808781623,-0.1832851469516754,0.0327470935881137,-0.2256697863340377,0.0265339855104684,-0.2527197599411011,0.005136311519891,-0.2534604966640472,0.0215570256114006,-0.2257375717163086,0.0638346076011657,-0.0638372004032135,0.1255428493022918,-0.0102560212835669,0.2403312623500824,0.113647386431694,0.248414009809494,0.1218610182404518,0.1947880834341049,0.045473888516426,Sit-To-Stand
85,0.9919008016586304,0.986725926399231,0.983832836151123,0.9826995134353638,0.992043673992157,0.992591679096222,0.9935627579689026,0.9567025899887084,0.9957184195518494,0.9912391304969788,0.997319757938385,0.9971504807472228,0.9999590516090392,0.0496743097901344,0.9896142482757568,0.1017664447426796,0.978459656238556,0.1210507452487945,0.962226927280426,0.1268179714679718,0.959692120552063,0.1247910782694816,0.93784099817276,0.9972002506256104,0.998791515827179,0.504668116569519,0.9476748704910278,0.6861942410469055,0.9541708827018738,0.7373876571655273,0.8792631030082703,0.8475326895713806,0.9535204768180848,0.2489466369152069,0.2456955909729004,0.2459240853786468,0.2461272180080413,0.2423233240842819,0.2399589717388153,0.2371957749128341,0.241203024983406,0.227484792470932,0.2493517100811004,0.2448371350765228,0.2437129020690918,0.2097623795270919,0.243881493806839,0.1860823929309845,0.2573684453964233,0.2053310573101043,0.260649025440216,0.2096164524555206,0.2631899714469909,0.2158066034317016,0.2605013251304626,0.2156059741973877,0.251229465007782,0.2329935282468795,0.2507624626159668,0.2431931048631668,0.2470113784074783,0.2427612096071243,0.2387078702449798,0.2311481237411499,0.2736597061157226,0.2698730528354645,0.3493205606937408,0.3396316766738891,0.3392362594604492,0.3388817906379699,0.340587317943573,0.3409805595874786,0.3415943384170532,0.3428120017051697,0.3468398153781891,0.3583089113235473,0.3596172630786896,0.3917141854763031,0.3907929360866546,0.4546722769737243,0.4570285677909851,0.4980252087116241,0.521098256111145,0.5118405818939209,0.53890061378479,0.5082569718360901,0.5354695916175842,0.5045612454414368,0.5296018123626709,0.5252588391304016,0.5307029485702515,0.6131364107131958,0.6156280636787415,0.6952201128005981,0.7049369215965271,0.7111812829971313,0.7221165895462036,0.7156661748886108,0.7259863018989563,-0.1412506997585296,-0.12973053753376,-0.129762977361679,-0.1297569274902343,-0.1488306522369384,-0.1488624066114425,-0.1489690691232681,-0.0536836497485637,-0.1568661034107208,-0.1111220344901084,-0.1364914923906326,0.0375115349888801,-0.1718661487102508,0.0888907238841056,-0.197493627667427,0.0325088538229465,-0.2286052703857422,0.0261825267225503,-0.2559792399406433,0.0046170372515916,-0.2571001946926117,0.0209436547011137,-0.2291275262832641,0.0647411048412323,-0.0647395625710487,0.1476796567440033,-0.0024142442271113,0.2772612571716308,0.1283958703279495,0.286847323179245,0.1378018260002136,0.2372728139162063,0.0660746321082115,Sit-To-Stand
86,0.9924196600914,0.98735511302948,0.9843781590461732,0.9831609725952148,0.9925495386123656,0.993066668510437,0.9940081238746644,0.9563097953796388,0.9960022568702698,0.9914286136627196,0.9974548816680908,0.9968929886817932,0.9999605417251588,0.0480188764631748,0.990449845790863,0.1004714146256446,0.979691445827484,0.1198838427662849,0.9635568857192992,0.1256809085607528,0.9610791802406312,0.1236532479524612,0.9398316144943236,0.9971192479133606,0.9987869262695312,0.5026688575744629,0.945547103881836,0.6886147856712341,0.9532326459884644,0.7377020716667175,0.8765502572059631,0.8463449478149414,0.9525581002235411,0.2450494319200515,0.243150919675827,0.2438542395830154,0.2445476502180099,0.2389961928129196,0.2367118597030639,0.2338884770870208,0.2410821467638015,0.2256978005170822,0.2463666200637817,0.2408345490694046,0.2447875738143921,0.2097240984439849,0.2462618350982666,0.1864194571971893,0.2608932256698608,0.2064204663038253,0.2615877389907837,0.2105449438095092,0.2639458775520324,0.2179191410541534,0.2640343308448791,0.2177159488201141,0.2513362467288971,0.2326562702655792,0.2497688978910446,0.2434089928865432,0.2470160722732544,0.2430297136306762,0.2386685907840728,0.2319502383470535,0.273192286491394,0.2697142660617828,0.34665048122406,0.3378661870956421,0.3376433253288269,0.3375187814235687,0.3387784957885742,0.3392668664455414,0.3400908708572387,0.3421221077442169,0.3460095822811126,0.355739951133728,0.3570314943790436,0.3924826085567474,0.3911219835281372,0.4551514089107513,0.4576734602451324,0.4989749193191528,0.5217603445053101,0.5123528838157654,0.5394655466079712,0.5077383518218994,0.535405158996582,0.5056867003440857,0.5295704007148743,0.5252904295921326,0.5308417677879333,0.6126331090927124,0.6149801015853882,0.6952230930328369,0.7048913836479187,0.7113323211669922,0.7220569849014282,0.715677797794342,0.725963294506073,-0.155789777636528,-0.1423049122095108,-0.1423237025737762,-0.1423075497150421,-0.1586444079875946,-0.1586724519729614,-0.1587698012590408,-0.0579167008399963,-0.1482526510953903,-0.122494600713253,-0.1437240242958068,0.0353721193969249,-0.1613745838403701,0.0875728800892829,-0.1939907819032669,0.0298884604126214,-0.2288805991411209,0.0236805640161037,-0.2568071484565735,0.002040019724518,-0.2575350105762481,0.0184453334659338,-0.2295216619968414,0.0631679147481918,-0.0631965547800064,0.1357764452695846,-0.0024379040114581,0.2589609622955322,0.1251615434885025,0.2676971554756164,0.1343701183795929,0.2178236246109008,0.0606722049415111,Sit-To-Stand
87,0.9922307133674622,0.9866267442703248,0.9835565686225892,0.9823466539382936,0.992306649684906,0.992910861968994,0.9939132928848268,0.9534820318222046,0.995963215827942,0.9907597899436952,0.9973251819610596,0.9968730211257936,0.9999604225158693,0.0463587716221809,0.9911422729492188,0.0978156924247741,0.980487585067749,0.117657333612442,0.9642737507820128,0.1232432350516319,0.9618070125579834,0.1214289739727974,0.9402835369110109,0.996833324432373,0.9986421465873718,0.5014695525169373,0.9453930854797364,0.6883487701416016,0.9530581831932068,0.7384655475616455,0.8768635988235474,0.8459315299987793,0.9520053863525392,0.2495516091585159,0.2461483925580978,0.2464239597320556,0.2466398775577545,0.2425133734941482,0.2399838715791702,0.2369511127471923,0.2410944998264312,0.2269859760999679,0.2499212473630905,0.2452278584241867,0.2441968023777008,0.2099105566740036,0.2446776926517486,0.1872608959674835,0.2606206834316253,0.2080977857112884,0.2608943283557892,0.2125842124223709,0.2638087868690491,0.2197958976030349,0.263366162776947,0.2195596694946289,0.2510827481746673,0.2324423491954803,0.2498341351747512,0.2433134317398071,0.2470187842845916,0.2428624331951141,0.2386334389448166,0.2319492846727371,0.2731799483299255,0.2699992060661316,0.3477905392646789,0.3386669158935547,0.3383622765541076,0.3380999267101288,0.3395824432373047,0.3400222659111023,0.3407594263553619,0.3424934148788452,0.3463892936706543,0.3567589521408081,0.3579716980457306,0.3911743760108948,0.3914293944835663,0.4548603594303131,0.4578621983528137,0.499153733253479,0.5219204425811768,0.5130369067192078,0.540001630783081,0.5084010362625122,0.5357252955436707,0.5059782266616821,0.5298546552658081,0.5254982709884644,0.5311935544013977,0.6121165752410889,0.6150798201560974,0.6943187117576599,0.7051425576210022,0.7110812067985535,0.7220914363861084,0.7149473428726196,0.7259158492088318,-0.152350902557373,-0.1396619528532028,-0.1396817415952682,-0.1396614909172058,-0.1587363630533218,-0.1587647199630737,-0.1588611453771591,-0.059048730880022,-0.1622777134180069,-0.1201758533716201,-0.1440860629081726,0.0339603871107101,-0.1799217611551284,0.0868933796882629,-0.211807444691658,0.0309423059225082,-0.2381542026996612,0.0254909880459308,-0.2657554447650909,0.0040745409205555,-0.2630219459533691,0.0197202153503894,-0.236547976732254,0.0654271468520164,-0.0654455870389938,0.1490493267774582,-0.0004016088787466,0.2725249230861664,0.1266715675592422,0.2814031541347503,0.1359147131443023,0.2341288328170776,0.0635423362255096,Sit-To-Stand
88,0.9920696020126344,0.9856458902359008,0.9821281433105468,0.980863869190216,0.992055892944336,0.9927299618721008,0.9938348531723022,0.9480450749397278,0.9958266019821168,0.9902325868606568,0.9972459673881532,0.9965603351593018,0.9999600648880004,0.0460707694292068,0.9918287992477416,0.0978382602334022,0.9815945029258728,0.1172156557440757,0.9656223058700562,0.122965507209301,0.9631841778755188,0.121087409555912,0.9421499371528624,0.9967538118362428,0.9986109137535096,0.5060901045799255,0.944341003894806,0.6915106177330017,0.9531636834144592,0.7386504411697388,0.8765025734901428,0.8466914296150208,0.9523829817771912,0.2460742443799972,0.2434655129909515,0.243949219584465,0.2444595843553543,0.2399219274520874,0.2378322631120681,0.235456496477127,0.2406996935606002,0.2263116538524627,0.2464489489793777,0.2416130751371383,0.2447294741868972,0.2092087566852569,0.2472302615642547,0.1880895793437957,0.2617799043655395,0.2091803848743438,0.2621126770973205,0.213946908712387,0.266396164894104,0.2210808247327804,0.2643507122993469,0.2207270562648773,0.2513795793056488,0.2322925776243209,0.2511425018310547,0.2419167309999466,0.2472204715013504,0.2422261983156204,0.2385241091251373,0.2319080531597137,0.2730429768562317,0.2699461877346039,0.3463693261146545,0.3376774787902832,0.3375986218452453,0.3375791907310486,0.3382227718830108,0.3386487066745758,0.3393542170524597,0.3424445688724518,0.3458342850208282,0.3554551899433136,0.3562294840812683,0.3932276964187622,0.3915122449398041,0.4551306664943695,0.4605472981929779,0.4992281794548034,0.5221102237701416,0.5105311274528503,0.5402554273605347,0.509070634841919,0.5361694097518921,0.5058390498161316,0.5302655100822449,0.5256288647651672,0.5314136147499084,0.6119115352630615,0.6151493787765503,0.6943305134773254,0.7052496075630188,0.7113358378410339,0.7222022414207458,0.7151785492897034,0.725775957107544,-0.1442165374755859,-0.1325269490480423,-0.1325555890798568,-0.1325414329767227,-0.1523641794919967,-0.1523989289999008,-0.1525104343891143,-0.0586735978722572,-0.1546197831630706,-0.1143471822142601,-0.1398209035396576,0.0334362499415874,-0.1758041828870773,0.0870795622467994,-0.2084813416004181,0.0326570495963096,-0.2385075092315673,0.0260437466204166,-0.2659561038017273,0.0051293955184519,-0.2647055983543396,0.0215238407254219,-0.2372907698154449,0.063604362308979,-0.0636172741651535,0.1332078576087951,-0.0016710689524188,0.2536008954048157,0.1263507008552551,0.2618632316589355,0.1350955516099929,0.2091987580060959,0.0582790896296501,Sit-To-Stand
89,0.9918805360794068,0.9848939180374146,0.9812650680541992,0.9801164269447328,0.9916960597038268,0.9924498796463012,0.9936267733573914,0.9454861879348756,0.9956914782524108,0.9896023869514464,0.997067391872406,0.9965417385101318,0.999958336353302,0.0447955429553985,0.9922879338264464,0.0959528163075447,0.9819114804267884,0.1153926625847816,0.9655880928039552,0.1210602298378944,0.9631434679031372,0.119325503706932,0.941600739955902,0.9963732361793518,0.9983638525009156,0.5052609443664551,0.9428859949111938,0.688335657119751,0.950553834438324,0.7356917858123779,0.8726697564125061,0.8431163430213928,0.9495204091072084,0.2485099136829376,0.2449177503585815,0.2451416999101638,0.2453426420688629,0.2415595352649688,0.2392835319042205,0.2367057800292968,0.2405505925416946,0.2269438505172729,0.2485644817352295,0.2440852671861648,0.243711307644844,0.2092796564102172,0.246746614575386,0.1897704452276229,0.2615961134433746,0.2111885845661163,0.261616438627243,0.2157162725925445,0.2647575736045837,0.222946360707283,0.2638479173183441,0.2224444597959518,0.2512349486351013,0.2321723699569702,0.251137226819992,0.241311103105545,0.2470806390047073,0.2420607507228851,0.2381087988615036,0.2318956404924392,0.2730447649955749,0.2701804339885711,0.3470473289489746,0.3381730914115906,0.3380263447761535,0.3379045128822326,0.3387590944766998,0.3391649425029754,0.3398385345935821,0.3424661457538605,0.3459603190422058,0.3561659753322601,0.357004851102829,0.3918771147727966,0.3917518258094787,0.455224335193634,0.4614871144294739,0.4997463524341583,0.5224197506904602,0.5112037062644958,0.5403088331222534,0.5091529488563538,0.536438524723053,0.50630784034729,0.5305674076080322,0.5251110196113586,0.5312623381614685,0.6117033362388611,0.61518394947052,0.6943598389625549,0.7053682804107666,0.7118253111839294,0.7225220799446106,0.7152544260025024,0.7256755828857422,-0.1341987401247024,-0.1228820085525512,-0.1229131668806076,-0.1229040026664733,-0.146036222577095,-0.1460690200328827,-0.1461700052022934,-0.0529131218791008,-0.155079573392868,-0.1047578677535057,-0.1348897516727447,0.0381198488175869,-0.1785115897655487,0.0878764316439628,-0.209806203842163,0.0313363708555698,-0.237322062253952,0.0246424190700054,-0.2643324434757232,0.0036643515340983,-0.2631870806217193,0.0201193578541278,-0.2360856086015701,0.0645127967000007,-0.0645141452550888,0.134591668844223,-0.0072024129331111,0.2496413439512252,0.1117198318243026,0.2572552561759949,0.1197229996323585,0.2078017443418502,0.0465654619038105,Sit-To-Stand
90,0.9918652772903442,0.9844322204589844,0.980426549911499,0.9792534708976746,0.9916025996208192,0.9923813939094543,0.9936258792877196,0.9414852261543274,0.995655357837677,0.9893822073936462,0.9970426559448242,0.9962612986564636,0.9999580979347228,0.0444524213671684,0.992826521396637,0.0964575260877609,0.982725977897644,0.1153527796268463,0.9664394855499268,0.1211386919021606,0.9640215635299684,0.1193176507949829,0.942848265171051,0.9962226152420044,0.9982901811599731,0.509126603603363,0.9409894347190856,0.6889112591743469,0.9481952786445618,0.732469379901886,0.8676313757896423,0.8408281207084656,0.9477621912956238,0.2462210655212402,0.2434114515781402,0.2437646836042404,0.2441150844097137,0.2400583773851394,0.2376675605773925,0.2353654205799102,0.239782378077507,0.2260391265153885,0.2461772412061691,0.241775706410408,0.2440971136093139,0.2088171988725662,0.2480481564998626,0.1905589699745178,0.2623051106929779,0.2122175693511963,0.2632513344287872,0.2164839208126068,0.2648609280586242,0.224012091755867,0.2648475468158722,0.2236504852771759,0.2517313957214355,0.2321448773145675,0.2521849572658539,0.2409334182739257,0.2475520074367523,0.2420438826084137,0.2382522374391555,0.2318949997425079,0.2731483876705169,0.2697503268718719,0.344451367855072,0.3357506990432739,0.3357545733451843,0.3358282446861267,0.336099624633789,0.3365549743175506,0.3372039794921875,0.3406146168708801,0.3440677225589752,0.3538011014461517,0.3544655740261078,0.3922230303287506,0.3917235732078552,0.455325037240982,0.46255624294281,0.500108540058136,0.5234121084213257,0.5116270780563354,0.541606605052948,0.5097780227661133,0.539071261882782,0.5066571831703186,0.5333001613616943,0.5242502093315125,0.5303177237510681,0.6116623282432556,0.6152313351631165,0.6945488452911377,0.7053529620170593,0.7119963765144348,0.7224590182304382,0.7152557373046875,0.7255918979644775,-0.1375139653682708,-0.1259234994649887,-0.1259535849094391,-0.1259435415267944,-0.1473134458065033,-0.1473473310470581,-0.1474520862102508,-0.0545688159763813,-0.1485268026590347,-0.1076563000679016,-0.1357348263263702,0.0370165035128593,-0.1704721599817276,0.0871322676539421,-0.2001148909330368,0.0281368885189294,-0.2331799268722534,0.0203117541968822,-0.2597478330135345,-0.0002474822395015,-0.2602116167545318,0.0168471299111843,-0.2326487004756927,0.0629330873489379,-0.0629433244466781,0.1226946860551834,-0.0080490829423069,0.2356807440519333,0.1118752807378768,0.2430491149425506,0.1197161227464675,0.1904011070728302,0.0427858270704746,Sit-To-Stand
91,0.9918075203895568,0.9839859008789062,0.97996187210083,0.9787978529930116,0.991450011730194,0.9922960996627808,0.9935341477394104,0.9398008584976196,0.9956101179122924,0.9891905784606934,0.9969881772994996,0.9963353276252748,0.999958038330078,0.0453002788126468,0.9932858943939208,0.0981275364756584,0.9832750558853148,0.1173376962542533,0.9670169949531556,0.12306659668684,0.9646203517913818,0.1213910728693008,0.9433114528656006,0.9961022734642028,0.99821937084198,0.5132522583007812,0.9417160749435424,0.6895569562911987,0.9489452838897704,0.7341169714927673,0.8684702515602112,0.8412773013114929,0.9482879042625428,0.2473185807466507,0.2442458420991897,0.2445861101150512,0.244881272315979,0.2405521422624588,0.2379702627658844,0.2354589402675628,0.2398760616779327,0.2261464148759842,0.247513934969902,0.242662638425827,0.2439638674259185,0.2088171541690826,0.2477026283740997,0.1928500831127166,0.2617437243461609,0.2142707854509353,0.2626910805702209,0.2177712023258209,0.2646383643150329,0.2253516018390655,0.2646581530570984,0.2250715494155883,0.2519585192203522,0.2324007451534271,0.2522553205490112,0.241234615445137,0.2476146966218948,0.2420480549335479,0.2387413084506988,0.2316368520259857,0.2733150720596313,0.2696037888526916,0.3473737835884094,0.3367272913455963,0.3363545835018158,0.3360478579998016,0.3375903666019439,0.3379812836647033,0.3385097086429596,0.3409015536308288,0.3441856801509857,0.3562254309654236,0.3574622869491577,0.3908227682113647,0.3917634189128876,0.4544233381748199,0.4644967317581177,0.5008513927459717,0.5265204310417175,0.511968195438385,0.5441572070121765,0.510092556476593,0.5415926575660706,0.5083475112915039,0.5361140966415405,0.5237708687782288,0.5301505923271179,0.6118268966674805,0.6154438257217407,0.6945505738258362,0.705504298210144,0.7116973400115967,0.7225610017776489,0.7150704860687256,0.7260271906852722,-0.1811081022024154,-0.169044017791748,-0.1690698564052581,-0.1690587997436523,-0.1913746893405914,-0.1914194226264953,-0.1915198415517807,-0.0889472290873527,-0.1900467574596405,-0.1473989784717559,-0.176806166768074,0.0155308172106742,-0.1995271444320678,0.0717168599367141,-0.2245523184537887,0.0142143266275525,-0.2553007006645202,0.0078259138390421,-0.2838787138462066,-0.0152070764452219,-0.2838269472122192,0.0023977444507181,-0.2547460496425628,0.0645541101694107,-0.0645545348525047,0.1391955316066742,-0.0106110554188489,0.2618289887905121,0.1116873994469642,0.2704008519649505,0.1200636774301529,0.2171225547790527,0.0411701686680316,Sit-To-Stand
92,0.9922406673431396,0.9846695065498352,0.9807068705558776,0.9794827699661256,0.991875171661377,0.9926891922950744,0.9938796758651732,0.9404616951942444,0.9958308935165404,0.9895511865615844,0.9971250891685486,0.996186912059784,0.9999592900276184,0.0452782325446605,0.9937171339988708,0.1008450612425804,0.9839876890182496,0.1200300008058548,0.9679287672042848,0.1259985864162445,0.9656163454055786,0.1241483464837074,0.9449028968811036,0.9962349534034728,0.9982931017875672,0.5235487222671509,0.9433971047401428,0.7010242938995361,0.950302004814148,0.7416877150535583,0.8678804636001587,0.8470040559768677,0.9497368335723876,0.2454563826322555,0.2433106154203415,0.2438673228025436,0.2443776577711105,0.2391089498996734,0.2367785423994064,0.2344095259904861,0.2399565279483795,0.2256480455398559,0.2457599937915802,0.2400591075420379,0.2457484900951385,0.2082150429487228,0.2494905740022659,0.1948790252208709,0.2638927400112152,0.2144177854061126,0.2655571103096008,0.2177676856517791,0.2666851282119751,0.2252548635005951,0.2646409869194031,0.2253811061382293,0.2526323795318603,0.232377141714096,0.252808004617691,0.2411633729934692,0.2480298280715942,0.2415051460266113,0.2402195185422897,0.2314818203449249,0.2736213207244873,0.2687849700450897,0.3454561233520508,0.3354915678501129,0.3352901637554168,0.3351559042930603,0.3361936807632446,0.3365696966648102,0.3371310234069824,0.3400638401508331,0.3432265222072601,0.354350209236145,0.3554095327854156,0.3916184604167938,0.3918836414813995,0.4541214406490326,0.4665201902389526,0.5022446513175964,0.5294560790061951,0.5159990787506104,0.5468331575393677,0.5155332684516907,0.5443518161773682,0.511950671672821,0.5391794443130493,0.5239160656929016,0.5302084684371948,0.6129297018051147,0.6156835556030273,0.6946246027946472,0.7056738138198853,0.7116372585296631,0.7225722074508667,0.7150651812553406,0.726047694683075,-0.1683449447154998,-0.156914621591568,-0.1569462716579437,-0.1569420099258422,-0.1841866225004196,-0.1842361837625503,-0.1843526810407638,-0.0839618146419525,-0.1592041105031967,-0.1362620294094085,-0.171895831823349,0.0182348899543285,-0.173782542347908,0.0741777271032333,-0.2012594044208526,0.016197795048356,-0.2397050857543945,0.0090434309095144,-0.2676334381103515,-0.0131810363382101,-0.2690951824188232,0.0045746453106403,-0.2398640662431717,0.0643591284751892,-0.0643744021654129,0.1396003663539886,-0.0083249611780047,0.2618917822837829,0.1157628148794174,0.2704806625843048,0.1244061142206192,0.218750387430191,0.0477807745337486,Sit-To-Stand
93,0.9923339486122132,0.9845309257507324,0.9806395173072816,0.9794234037399292,0.991808533668518,0.9926612377166748,0.9938257336616516,0.9399189352989196,0.9957973957061768,0.9894354939460754,0.9970759153366088,0.996267557144165,0.9999596476554872,0.0450126864016056,0.9941177368164062,0.1012607738375663,0.9847013354301452,0.1206725686788559,0.9690264463424684,0.1266368925571441,0.9667792916297911,0.1252387762069702,0.9464086294174194,0.9962546825408936,0.9983068704605104,0.5232868790626526,0.944007694721222,0.7014312148094177,0.9509641528129578,0.7416511178016663,0.8666641712188721,0.8482672572135925,0.949945330619812,0.2463762313127517,0.2437046021223068,0.2441204339265823,0.2445147931575775,0.2398808747529983,0.2375985383987426,0.2352204024791717,0.2399197369813919,0.2262540161609649,0.2462490051984787,0.2411149442195892,0.2454384863376617,0.2082136571407318,0.2487096786499023,0.195216566324234,0.2632614076137543,0.214127779006958,0.26503986120224,0.2174068391323089,0.2663148641586303,0.2248008996248245,0.2645440399646759,0.225026935338974,0.2525387406349182,0.2326690852642059,0.2526643574237823,0.2413792610168457,0.2480284720659256,0.2415381222963333,0.2401914149522781,0.2307959347963333,0.2741187810897827,0.2687077224254608,0.345831960439682,0.3359242677688598,0.335693895816803,0.3355217576026916,0.3366422951221466,0.3370110392570495,0.3375650346279144,0.3402223885059356,0.343423992395401,0.3546087145805359,0.3557019531726837,0.3909288644790649,0.3919850587844848,0.4541052579879761,0.4682949781417846,0.5053619742393494,0.5333464741706848,0.519557535648346,0.5505393743515015,0.5161057710647583,0.5477237701416016,0.5138939023017883,0.5426828861236572,0.523967444896698,0.5305052995681763,0.6137203574180603,0.6161635518074036,0.6948700547218323,0.7055103182792664,0.7119417190551758,0.7225605249404907,0.7154205441474915,0.7261602878570557,-0.1664338856935501,-0.1551098227500915,-0.1551356613636016,-0.1551262736320495,-0.1784217059612274,-0.1784579455852508,-0.1785517781972885,-0.0821222513914108,-0.1779940873384475,-0.1353335976600647,-0.1659504920244217,0.0125545738264918,-0.1923525780439376,0.0637680441141128,-0.2199678719043731,0.0043428996577858,-0.2487736642360687,-0.0034554526209831,-0.2770010530948639,-0.0251426454633474,-0.2774593234062195,-0.0071782888844609,-0.2485872209072113,0.0643192678689956,-0.0643365532159805,0.1548502445220947,0.0093001462519168,0.2882794737815857,0.148180216550827,0.2984481453895569,0.1586843580007553,0.2506231963634491,0.086286760866642,Sit-To-Stand
94,0.9927480816841124,0.9851479530334472,0.981367528438568,0.9801405668258668,0.9921904802322388,0.9930197596549988,0.9941172003746032,0.9412720799446106,0.9959721565246582,0.9899162650108336,0.9972161054611206,0.9962615966796876,0.9999613761901855,0.0448130555450916,0.9945053458213806,0.1024953946471214,0.985425353050232,0.1213922277092933,0.9700592756271362,0.1277487128973007,0.96785569190979,0.1263949573040008,0.9479762315750122,0.9964706301689148,0.9984182119369508,0.5305028557777405,0.9460969567298888,0.7118146419525146,0.9536663889884948,0.748997688293457,0.8702532649040222,0.8546815514564514,0.9524875283241272,0.2440538704395294,0.2422502338886261,0.2429015934467315,0.2435541152954101,0.2382443398237228,0.2362065315246582,0.2340586632490158,0.2398149669170379,0.2252934277057647,0.2447315454483032,0.2395005673170089,0.2459809333086013,0.2077218294143676,0.2507503628730774,0.1956707835197448,0.2654176354408264,0.2141704559326172,0.2660224735736847,0.217285543680191,0.266835868358612,0.2246525734663009,0.2653266191482544,0.2250300347805023,0.2533429563045501,0.2326198816299438,0.252962201833725,0.2411442548036575,0.2483614981174469,0.2415715008974075,0.2402139455080032,0.2306655347347259,0.2744961380958557,0.268704354763031,0.3448790609836578,0.33536097407341,0.3352352678775787,0.3351739943027496,0.3359565436840057,0.3363319635391235,0.3368999063968658,0.3401139676570892,0.3429623544216156,0.3544728457927704,0.3554953336715698,0.3926533460617065,0.3922148048877716,0.4542656242847442,0.4686373174190521,0.505269467830658,0.5341569781303406,0.5193465948104858,0.5519751310348511,0.5162952542304993,0.5493615865707397,0.5126116275787354,0.5440586805343628,0.5243706107139587,0.530920147895813,0.6138085126876831,0.6165212392807007,0.6948824524879456,0.7054595947265625,0.7116613388061523,0.7224599123001099,0.7154096961021423,0.7263003587722778,-0.1563243865966797,-0.1445370018482208,-0.1445622146129608,-0.1445445120334625,-0.1641188710927963,-0.1641472280025482,-0.1642395555973053,-0.072591058909893,-0.1579016596078872,-0.1269121319055557,-0.1526570171117782,0.0156835578382015,-0.1791158318519592,0.0664103552699089,-0.2116176337003708,0.0090786702930927,-0.2477219551801681,0.0011752564460039,-0.2754911780357361,-0.0204334165900945,-0.2759780585765838,-0.0023858617059886,-0.2471316754817962,0.0640957579016685,-0.0641279369592666,0.1555469930171966,0.0206631310284137,0.2936354279518127,0.1651977896690368,0.3042502999305725,0.1756008565425872,0.2544187903404236,0.1001900061964988,Sit-To-Stand
95,0.9924209117889404,0.9840850830078124,0.980165421962738,0.9789126515388488,0.9916464686393738,0.9925687313079834,0.9937036037445068,0.9373666644096376,0.9957008957862854,0.9894126653671264,0.997057318687439,0.9963101744651794,0.9999610781669616,0.0454374402761459,0.9948466420173644,0.103516012430191,0.9859489798545836,0.1223861575126648,0.970764458179474,0.1287934929132461,0.968597173690796,0.127649113535881,0.9488046765327454,0.996523141860962,0.998436450958252,0.535860538482666,0.9470877051353456,0.7145980000495911,0.9547626972198486,0.7515310645103455,0.8707314729690552,0.8575178980827332,0.9535876512527466,0.2460653483867645,0.2431794703006744,0.2436810433864593,0.244167611002922,0.2392910718917846,0.2370269745588302,0.234561875462532,0.239816665649414,0.2256207019090652,0.2465937137603759,0.2415799349546432,0.2458961904048919,0.207929328083992,0.2502393126487732,0.1960135996341705,0.2649689018726349,0.2153499573469162,0.2656038403511047,0.2181195765733719,0.2663984298706054,0.2255405932664871,0.2649528384208679,0.2259170711040496,0.2536942958831787,0.2327272444963455,0.2531317174434662,0.2411482334136963,0.2484063357114792,0.2415493428707122,0.2404752224683761,0.2307496517896652,0.2748800814151764,0.2679402530193329,0.3451647460460663,0.3356057703495025,0.3354368209838867,0.335317462682724,0.336233913898468,0.3366027772426605,0.3371542692184448,0.3401229977607727,0.3431324660778045,0.3546778559684753,0.355717122554779,0.3921652436256408,0.3924365043640136,0.4543294906616211,0.4698044657707214,0.5062923431396484,0.5357654690742493,0.5213668942451477,0.5530878305435181,0.5171597003936768,0.5504173040390015,0.515023946762085,0.5453692674636841,0.5248934030532837,0.5317209362983704,0.614197850227356,0.6168864369392395,0.6948431730270386,0.7053318619728088,0.7114464044570923,0.7221618890762329,0.7154025435447693,0.7262995839118958,-0.1893236488103866,-0.1770779490470886,-0.1771102845668792,-0.1771014183759689,-0.1989335119724273,-0.1989742815494537,-0.1990744918584823,-0.0965185537934303,-0.1954371333122253,-0.155813455581665,-0.1845816671848297,0.0039212279953062,-0.2043870985507965,0.0562897808849811,-0.2306406199932098,-0.0078959316015243,-0.2650718986988067,-0.0175986420363187,-0.2955348193645477,-0.0407896898686885,-0.2968538403511047,-0.0202603638172149,-0.265463650226593,0.0641873478889465,-0.0642158165574073,0.1617413461208343,0.0177332442253828,0.3062788844108581,0.1653023064136505,0.3173602223396301,0.176128476858139,0.2650571465492248,0.0974581092596054,Sit-To-Stand
96,0.9919216632843018,0.9822219014167786,0.9777647852897644,0.9761600494384766,0.9907876253128052,0.9918909072875975,0.9931533932685852,0.9266343712806702,0.9950937628746032,0.988541841506958,0.9968289136886596,0.9960311055183412,0.999959409236908,0.047109667211771,0.9951127171516418,0.105379931628704,0.9864227175712584,0.1227423697710037,0.9713054895401,0.1297239810228347,0.9692063927650452,0.1281785368919372,0.9497513771057128,0.99653959274292,0.9984374046325684,0.5457051396369934,0.9435051679611206,0.7211031317710876,0.9532535672187804,0.7545889019966125,0.8648903369903564,0.8602697849273682,0.9530715942382812,0.2428779304027557,0.2411280125379562,0.241939514875412,0.2427712976932525,0.2369032800197601,0.2348869293928146,0.2323674410581588,0.2395876199007034,0.2241964340209961,0.2440561354160308,0.2384705245494842,0.247322529554367,0.206951767206192,0.2543448805809021,0.1960110813379287,0.2649391591548919,0.215324118733406,0.267909824848175,0.2184191197156906,0.2683953940868377,0.2256840169429779,0.2655160427093506,0.2260101288557052,0.2554832100868225,0.2326999902725219,0.254734605550766,0.2404092103242874,0.248365968465805,0.2408691346645355,0.2404578030109405,0.2307240515947342,0.2750474214553833,0.2646096646785736,0.3448074162006378,0.3355836570262909,0.3354374468326568,0.3353481888771057,0.336126834154129,0.3364340364933014,0.3369753956794739,0.3401961326599121,0.3431383669376373,0.3544675409793854,0.3551740348339081,0.3942791521549225,0.3940557837486267,0.4543575048446655,0.4703940153121948,0.504830539226532,0.5352001190185547,0.5210456252098083,0.5525714755058289,0.5178813934326172,0.549775242805481,0.514911413192749,0.5447223782539368,0.5249590277671814,0.5317751169204712,0.6142899394035339,0.6159607768058777,0.6982037425041199,0.7049778699874878,0.7139743566513062,0.7219645380973816,0.716808557510376,0.7255394458770752,-0.1567490100860595,-0.1442901045083999,-0.1443288624286651,-0.1443221122026443,-0.1623240709304809,-0.1623607128858566,-0.162476971745491,-0.0677744299173355,-0.1503422111272812,-0.1258187443017959,-0.1494379490613937,0.0216219369322061,-0.1605107486248016,0.0612857230007648,-0.1819489747285843,-1.7252768884645775e-05,-0.2240669429302215,-0.010624093003571,-0.2516963183879852,-0.0324433930218219,-0.2560946345329284,-0.0119685316458344,-0.2253186404705047,0.0581019818782806,-0.0581005811691284,0.1126887947320938,0.0024940157309174,0.2413242161273956,0.1446368098258972,0.2501784563064575,0.1533849686384201,0.1914412230253219,0.0688502565026283,Sit-To-Stand
97,0.9917871952056884,0.9816557168960572,0.977249562740326,0.9756271839141846,0.9906195402145386,0.9918046593666076,0.9930338263511658,0.9257250428199768,0.9950100779533386,0.9881014227867126,0.9967307448387146,0.9961228966712952,0.9999595284461976,0.0472724437713623,0.9954268336296082,0.1052708402276039,0.987031102180481,0.1228088736534118,0.9722931981086732,0.1297390908002853,0.9702445864677428,0.1285942494869232,0.950917422771454,0.9965598583221436,0.9984514117240906,0.5517650842666626,0.9443089962005616,0.7229263782501221,0.954682230949402,0.7561980485916138,0.8669583201408386,0.8631782531738281,0.9542943835258484,0.2486758977174759,0.2455910146236419,0.2457451820373535,0.2458712309598922,0.2424910962581634,0.2402829378843307,0.2375977337360382,0.2397961616516113,0.2270044386386871,0.2483378201723098,0.2440934926271438,0.2469531744718551,0.2072402983903885,0.2530653774738312,0.1961841583251953,0.2653900384902954,0.2163618803024292,0.2672780156135559,0.2194924354553222,0.2682335078716278,0.2271066606044769,0.2652737498283386,0.2273788154125213,0.2557648420333862,0.232771635055542,0.2552612125873565,0.240375354886055,0.2484949082136154,0.2410629689693451,0.2406014949083328,0.23152956366539,0.2749828100204468,0.2648666501045227,0.3464416861534118,0.3368478417396545,0.3365183174610138,0.3362080454826355,0.3376564681529999,0.3379943668842315,0.3385041058063507,0.3407697379589081,0.3442607820034027,0.3558487892150879,0.3570427000522613,0.3925479352474212,0.3945634663105011,0.4522643983364105,0.4723034203052521,0.504862904548645,0.5365853905677795,0.5202893018722534,0.5532723069190979,0.5178191065788269,0.5500990748405457,0.5134620070457458,0.5452057719230652,0.5252370238304138,0.5324668884277344,0.6151029467582703,0.6172983050346375,0.6982079744338989,0.7054041624069214,0.7139798998832703,0.722095787525177,0.7171708345413208,0.7256733775138855,-0.1972365081310272,-0.1856641620397567,-0.1856905668973922,-0.1856848299503326,-0.2089771032333374,-0.2090228348970413,-0.2091216146945953,-0.1073382720351219,-0.2136934101581573,-0.1642515361309051,-0.1950052231550216,-0.0101211760193109,-0.2182422578334808,0.0513645112514495,-0.2424269020557403,0.0004290289652999,-0.2711799442768097,-0.0077515565790236,-0.3003672659397125,-0.0299074649810791,-0.3015483021736145,-0.0112730506807565,-0.271369606256485,0.0584520474076271,-0.0584519989788532,0.15690578520298,0.0222051702439785,0.3052897751331329,0.1751370728015899,0.3168920576572418,0.1864079535007476,0.263975441455841,0.1073722690343856,Sit-To-Stand
98,0.991968035697937,0.9818328619003296,0.977666199207306,0.975864052772522,0.990744411945343,0.9919918775558472,0.9931131601333618,0.9271955490112304,0.9950883388519288,0.9880847334861756,0.9967136979103088,0.9962841868400574,0.9999605417251588,0.0483321286737918,0.995709240436554,0.1096671894192695,0.9876527786254884,0.1263273060321808,0.9733506441116332,0.1341380178928375,0.971445083618164,0.1327817589044571,0.9526129961013794,0.9967218041419984,0.9985153079032898,0.5656663179397583,0.9444771409034728,0.7333515286445618,0.9554010033607484,0.7636626362800598,0.8670781254768372,0.8688302636146545,0.9549957513809204,0.2499751597642898,0.2469969540834427,0.2470775842666626,0.2471643686294555,0.2438938170671463,0.2417995184659958,0.2393676340579986,0.2411422282457351,0.2281913310289383,0.2493238002061844,0.2454417496919632,0.2476322650909423,0.2071031630039215,0.2542021572589874,0.1967208087444305,0.2683294415473938,0.2165850698947906,0.2693410217761993,0.2201209366321563,0.2698847651481628,0.2277592718601226,0.2676286101341247,0.2278828620910644,0.257383644580841,0.2327636033296585,0.256438672542572,0.2386140525341034,0.2486712038516998,0.2409414499998092,0.2408376932144165,0.2314451038837433,0.2751849889755249,0.2607564032077789,0.3481035232543945,0.3382439017295837,0.3378640413284302,0.3374924659729004,0.3389207124710083,0.3390624821186065,0.339394599199295,0.3415641784667969,0.3453924059867859,0.3575315773487091,0.358722984790802,0.3928014039993286,0.3964428603649139,0.4527791440486908,0.4742412567138672,0.5046384930610657,0.5366973876953125,0.5201467871665955,0.553335428237915,0.5178632140159607,0.5499343872070312,0.5128917098045349,0.5450496673583984,0.5266724228858948,0.5342710018157959,0.616524875164032,0.618387758731842,0.6981891393661499,0.7049503326416016,0.7140204906463623,0.7220420837402344,0.7176940441131592,0.7256501317024231,-0.1634929478168487,-0.1531075984239578,-0.1531359851360321,-0.1531352251768112,-0.1758923828601837,-0.1759201288223266,-0.1760037243366241,-0.0862719640135765,-0.1963346749544143,-0.1348430812358856,-0.1649131327867508,-0.0037187146954238,-0.2072486579418182,0.062613658607006,-0.2284897118806839,0.0163068119436502,-0.2556889355182647,0.0086540896445512,-0.2823324799537658,-0.0129780918359756,-0.2875346541404724,0.0048707290552556,-0.2573316991329193,0.0578555241227149,-0.0578605234622955,0.1539099216461181,0.0333358161151409,0.2937085032463074,0.1837795674800872,0.3042514026165008,0.1945778429508209,0.252433031797409,0.1211077198386192,Sit-To-Stand
99,0.9918584227561952,0.981163501739502,0.9769089221954346,0.9748066067695618,0.9904664158821106,0.9918124079704284,0.992910385131836,0.9239485859870912,0.994837760925293,0.9877035617828368,0.9965832233428956,0.9962511658668518,0.9999595284461976,0.05075004696846,0.9959081411361694,0.1148420497775077,0.988011121749878,0.1300578415393829,0.9737940430641174,0.138605386018753,0.9719558954238892,0.1365169137716293,0.9533857703208924,0.9967899918556212,0.9985435009002686,0.5744166970252991,0.9425547122955322,0.7400335669517517,0.9550313353538512,0.7678455710411072,0.8648738861083984,0.8719059824943542,0.9547896385192872,0.2476561516523361,0.2449174672365188,0.2453407347202301,0.2457821816205978,0.241081029176712,0.2391180694103241,0.2370231598615646,0.2408049404621124,0.2265934497117996,0.2480227500200271,0.2430681437253952,0.2477750033140182,0.2069160491228103,0.2563299536705017,0.1975987553596496,0.2682536840438843,0.2167450189590454,0.2703899145126343,0.2206657230854034,0.2706048190593719,0.2284379750490188,0.2685616314411163,0.228385329246521,0.2591363489627838,0.232932299375534,0.2577739953994751,0.2386545687913894,0.2487651109695434,0.2409464120864868,0.240812137722969,0.2315052300691604,0.2749803960323334,0.2602103352546692,0.3480999767780304,0.3382521271705627,0.3378972709178924,0.3375832438468933,0.3389242589473724,0.3390680849552154,0.3394105732440948,0.3422679007053375,0.3460037112236023,0.3575306534767151,0.3587214350700378,0.3940581977367401,0.3973146080970764,0.4527014791965484,0.4745568037033081,0.5040780305862427,0.5366553068161011,0.520539402961731,0.5535512566566467,0.5190439224243164,0.5498048663139343,0.5131710767745972,0.544785737991333,0.5267865657806396,0.5345252156257629,0.6162354946136475,0.6181184649467468,0.698201060295105,0.7049186825752258,0.7142462134361267,0.7219318151473999,0.717716634273529,0.7254430055618286,-0.1568968594074249,-0.1461074948310852,-0.1461393684148788,-0.146133616566658,-0.1654884964227676,-0.1655163615942001,-0.165606141090393,-0.0758051574230194,-0.1625901162624359,-0.1273436397314071,-0.1526021808385849,0.0021000506822019,-0.1702515631914138,0.0636319071054458,-0.1934173554182052,0.001590279629454,-0.2338461577892303,-0.0100610870867967,-0.2607290148735046,-0.030876150354743,-0.2656015157699585,-0.0098410723730921,-0.2353760004043579,0.0544495806097984,-0.0544544570147991,0.1329703480005264,0.0258507970720529,0.2631222605705261,0.1698333173990249,0.2725242376327514,0.1803198903799057,0.2174950540065765,0.1058020144701004,Sit-To-Stand
100,0.9917515516281128,0.98071026802063,0.9765447378158568,0.9743772149086,0.9902036786079408,0.9916532039642334,0.992700695991516,0.9231361746788024,0.994649052619934,0.9872872233390808,0.9964412450790404,0.996390700340271,0.9999586939811708,0.054065752774477,0.9961401224136353,0.1197192296385765,0.9884121417999268,0.1347588747739792,0.9744873642921448,0.1434456557035446,0.9727374911308287,0.1414845138788223,0.9543921947479248,0.9967892169952391,0.9985122680664062,0.5763803720474243,0.941675901412964,0.7357155680656433,0.9534727931022644,0.7645672559738159,0.8616591095924377,0.8703035116195679,0.9533799886703492,0.2486666887998581,0.2462813407182693,0.2466086149215698,0.2468965947628021,0.242578312754631,0.2403869330883026,0.237988993525505,0.2411030232906341,0.2273727357387542,0.2487451583147049,0.2438759803771972,0.2477014362812042,0.2068776190280914,0.2558642625808716,0.1986036002635955,0.2678623795509338,0.2185229808092117,0.2712633311748504,0.2219752967357635,0.271611750125885,0.2298236191272735,0.2690255641937256,0.229945570230484,0.2586650252342224,0.2329552620649337,0.2575976550579071,0.2390037328004837,0.2487713396549224,0.2391736954450607,0.2404742687940597,0.2297106236219406,0.274872213602066,0.2607746720314026,0.3510185480117798,0.3403838276863098,0.3397404849529266,0.3390964269638061,0.3413706123828888,0.3414860367774963,0.3416915237903595,0.3424292206764221,0.3464621305465698,0.3595474064350128,0.3608778417110443,0.3924628496170044,0.3973623514175415,0.4522868394851684,0.4762203991413116,0.5048080086708069,0.5385496616363525,0.5204511880874634,0.5561683773994446,0.5193852782249451,0.5520209670066833,0.515247106552124,0.5466657280921936,0.5266134142875671,0.5346029996871948,0.616238534450531,0.6181966066360474,0.6981636881828308,0.7049170136451721,0.7142698764801025,0.721625030040741,0.7177807688713074,0.7252980470657349,-0.2115064561367035,-0.2004633843898773,-0.2004875242710113,-0.2004849016666412,-0.2212574183940887,-0.2212975919246673,-0.2213788330554962,-0.1205381900072097,-0.2150691002607345,-0.1777386367321014,-0.20516037940979,-0.0236709602177143,-0.2094880640506744,0.0358083732426166,-0.2245266884565353,-0.019959045574069,-0.2560674548149109,-0.0290873534977436,-0.2823761403560638,-0.0511714704334735,-0.287157654762268,-0.0313789173960685,-0.2573493719100952,0.0543104633688926,-0.0543142445385456,0.1378150433301925,0.0276105403900146,0.2726342380046844,0.1700574606657028,0.2829611897468567,0.1805261075496673,0.2294239997863769,0.1049965247511863,Sit-To-Stand
101,0.9917344450950624,0.980301797389984,0.976213812828064,0.9736354947090148,0.9899600148200988,0.9915431141853333,0.9925153851509094,0.9209688305854796,0.9944953918457032,0.9871496558189392,0.996391773223877,0.996449649333954,0.9999589920043944,0.0550941601395607,0.9962494373321532,0.1212117597460746,0.9883862733840942,0.1354212164878845,0.9742048978805542,0.1447244137525558,0.9725752472877502,0.1422336548566818,0.9541656970977784,0.996829390525818,0.9985268115997314,0.5775574445724487,0.937898814678192,0.7361890077590942,0.9504059553146362,0.7636286616325378,0.854509174823761,0.8700962066650391,0.9509103894233704,0.2483450919389724,0.246228888630867,0.2465591877698898,0.2468446046113968,0.2424842566251754,0.2400613129138946,0.2376672774553299,0.2414523363113403,0.2271958291530609,0.2481453120708465,0.2430846393108368,0.2488480806350708,0.2060891389846801,0.2571966052055359,0.1991114914417266,0.2685571014881134,0.2198086529970169,0.2721596956253052,0.2225571423768997,0.2725709080696106,0.2306092679500579,0.2702224552631378,0.2309021651744842,0.2593272030353546,0.2330660820007324,0.2583578824996948,0.2392816096544265,0.2489361315965652,0.2397980391979217,0.2406655997037887,0.2301290780305862,0.2751644551753998,0.2611891627311706,0.3509823083877563,0.3403644561767578,0.3397261202335357,0.3390853106975555,0.3412908017635345,0.3414305746555328,0.3416368365287781,0.3424336314201355,0.3463565707206726,0.3594847917556762,0.3608550727367401,0.3949822187423706,0.3976140916347503,0.4546729624271393,0.4772984087467193,0.5057549476623535,0.5394490957260132,0.5224072337150574,0.5570930242538452,0.5213106274604797,0.5534523725509644,0.5165942311286926,0.5477465987205505,0.5278967618942261,0.53531414270401,0.6165410876274109,0.6187808513641357,0.6981326341629028,0.7044495940208435,0.7142552733421326,0.721619725227356,0.7179122567176819,0.7248966693878174,-0.2043346911668777,-0.1902588903903961,-0.1903103291988372,-0.1903245151042938,-0.2016835212707519,-0.2017171382904052,-0.2017850428819656,-0.1053576245903968,-0.1783561557531356,-0.1705311089754104,-0.1859656274318695,-0.0155743109062314,-0.1810810267925262,0.0466883517801761,-0.2018292695283889,-0.0173330940306186,-0.2426860034465789,-0.0285873059183359,-0.2696982026100158,-0.0500449314713478,-0.2749505639076233,-0.0289314277470111,-0.2444759607315063,0.0540103428065776,-0.0540069155395031,0.1354319006204605,0.0256965458393096,0.2672764658927917,0.1698211431503296,0.2771058082580566,0.180169865489006,0.2228230535984039,0.1048652753233909,Sit-To-Stand
102,0.9912158846855164,0.9787904024124146,0.9747867584228516,0.9720059037208556,0.989164173603058,0.9909918904304504,0.9918907284736632,0.9174821376800536,0.9940351843833924,0.9860629439353944,0.9959883689880372,0.9964851140975952,0.9999575018882751,0.0553848221898078,0.996364951133728,0.1180756837129592,0.9884136915206908,0.132080852985382,0.9742189645767212,0.1411561220884323,0.9726526737213136,0.1392503976821899,0.9539158940315248,0.996653378009796,0.9984162449836732,0.5775460004806519,0.9367838501930236,0.7316586971282959,0.9488569498062134,0.7600294351577759,0.8506564497947693,0.8683556318283081,0.9492221474647522,0.2502452731132507,0.2481193095445633,0.2482609003782272,0.2483250349760055,0.2449749261140823,0.2427550554275512,0.2403620183467865,0.2417821586132049,0.2297591716051101,0.2494982928037643,0.2450311630964279,0.2477746307849884,0.2061788588762283,0.2558097541332245,0.199761152267456,0.2682605385780334,0.2210464924573898,0.2719474732875824,0.2231969535350799,0.2725256681442261,0.2310870140790939,0.2699560523033142,0.2317305505275726,0.2590309381484985,0.2331139296293258,0.2581142783164978,0.2392987012863159,0.2488822042942047,0.236771747469902,0.2398617565631866,0.2275236397981643,0.2750776708126068,0.2596924901008606,0.351998507976532,0.3417686223983764,0.3410731852054596,0.3403333127498626,0.3426603972911834,0.342730313539505,0.3428334891796112,0.3427409529685974,0.3466615676879883,0.3599995374679565,0.3613337874412536,0.3910598158836365,0.3975839018821716,0.4527487754821777,0.4771182835102081,0.5053288340568542,0.5406122803688049,0.5221992135047913,0.558993935585022,0.5211578011512756,0.5553957223892212,0.5176038146018982,0.5496726632118225,0.527836263179779,0.5353285670280457,0.6171671152114868,0.6188978552818298,0.6982375383377075,0.7048680782318115,0.7143423557281494,0.721522331237793,0.7179662585258484,0.7249439358711243,-0.2049675434827804,-0.1933448165655136,-0.1933746933937072,-0.193375289440155,-0.2141883373260498,-0.2142271101474762,-0.2143092602491378,-0.113880455493927,-0.2116901874542236,-0.1717482954263687,-0.1992144435644149,-0.018571350723505,-0.2105143070220947,0.0394716188311576,-0.2251902818679809,-0.0168786514550447,-0.2525161504745483,-0.0255974326282739,-0.2792704105377197,-0.0475854165852069,-0.2838190495967865,-0.0284163542091846,-0.2539107501506805,0.0545859932899475,-0.0545858442783355,0.1461816877126693,0.0284965187311172,0.283741295337677,0.1732698082923889,0.2942984700202942,0.1838797032833099,0.2412117272615432,0.108303964138031,Sit-To-Stand
103,0.990906059741974,0.9777514934539796,0.9735854268074036,0.9703285694122314,0.988621175289154,0.9906014800071716,0.9915233850479126,0.912757933139801,0.9936647415161132,0.9851521849632264,0.995741069316864,0.9962559938430786,0.9999558329582214,0.0546591393649578,0.9964665174484252,0.1162685751914978,0.9883590936660768,0.1300988793373108,0.9739049077033995,0.1392860114574432,0.9723972082138062,0.1371872276067733,0.9536466598510742,0.9966136813163756,0.9984169602394104,0.5774486660957336,0.934109628200531,0.7321893572807312,0.9470374584197998,0.7596237063407898,0.8465138673782349,0.8676544427871704,0.9474284052848816,0.2493583858013153,0.247832179069519,0.248223066329956,0.248220294713974,0.2444589585065841,0.2418287545442581,0.2394828349351883,0.2425515353679657,0.2293541133403778,0.2487034052610397,0.2440471947193145,0.249050885438919,0.2058497965335846,0.2565697729587555,0.200586199760437,0.2694945633411407,0.2217295467853546,0.2727938890457153,0.223387986421585,0.2734152674674988,0.2313001602888107,0.2714658677577972,0.2317474782466888,0.26007080078125,0.23361536860466,0.2586911618709564,0.2398879081010818,0.248915821313858,0.2379322350025177,0.2398636788129806,0.2284343540668487,0.2750571668148041,0.2601750791072845,0.3524535000324249,0.3421445488929748,0.3414968252182007,0.3408909142017364,0.3429411649703979,0.3428630828857422,0.3430323898792267,0.3438936769962311,0.3479980230331421,0.360958993434906,0.3621063232421875,0.392711728811264,0.3984553515911102,0.4543006718158722,0.4770473539829254,0.5055210590362549,0.5413525700569153,0.5220486521720886,0.5599651336669922,0.5210115909576416,0.5565945506095886,0.5176435708999634,0.5505122542381287,0.5282319784164429,0.5356878042221069,0.617129385471344,0.6185014843940735,0.6982156038284302,0.704619824886322,0.7143326997756958,0.7213680148124695,0.7180580496788025,0.7248736023902893,-0.1933217942714691,-0.1819520890712738,-0.1819804012775421,-0.1819754689931869,-0.2057762145996093,-0.2058220654726028,-0.2059293240308761,-0.1078084111213684,-0.1848096996545791,-0.1612795889377594,-0.1946275532245636,-0.0119220484048128,-0.1825281977653503,0.0454619005322456,-0.2017365247011184,-0.0141437593847513,-0.2421877831220626,-0.023880485445261,-0.2681570649147033,-0.0453848950564861,-0.2731942534446716,-0.0256589911878108,-0.2438518553972244,0.0535434782505035,-0.0535398423671722,0.1313867270946502,0.0261625461280345,0.2589780688285827,0.1669323146343231,0.2681931257247925,0.1765009611845016,0.2131872624158859,0.0988157168030738,Sit-To-Stand
104,0.990100085735321,0.9753705859184264,0.9713282585144044,0.9677881598472596,0.9874522089958192,0.9897907376289368,0.9906368255615234,0.9071744680404664,0.9929548501968384,0.9833952784538268,0.995143175125122,0.9962397813796996,0.999953269958496,0.0541765168309211,0.9965123534202576,0.1121427938342094,0.9881067872047424,0.1257882267236709,0.9733341336250304,0.1346224397420883,0.9718253016471864,0.1330084800720214,0.9522228837013244,0.9962937831878662,0.9982414841651917,0.5773651003837585,0.9333143830299376,0.7269802093505859,0.9468871355056764,0.7541153430938721,0.8451831340789795,0.8663339614868164,0.9474145770072936,0.2507916092872619,0.2489734143018722,0.2492221295833587,0.2491956949234008,0.2456813603639602,0.2431985139846801,0.2406921088695526,0.2426263988018036,0.2301278114318847,0.2499648779630661,0.2453556954860687,0.2473750114440918,0.20600226521492,0.2547325491905212,0.201645940542221,0.269288957118988,0.2218265533447265,0.271881490945816,0.2236951142549514,0.272625207901001,0.2316013276576995,0.2713283598423004,0.2318970710039138,0.2598904967308044,0.2340687811374664,0.2588016390800476,0.2400813549757003,0.2489387243986129,0.2369911223649978,0.239665150642395,0.2276626378297805,0.2750416696071625,0.2602185010910034,0.3529334962368011,0.3425895571708679,0.3418976962566376,0.3412153124809265,0.3435271680355072,0.3435568213462829,0.3437343537807464,0.3439040780067444,0.3480990827083587,0.3612567484378814,0.3626392781734466,0.3902869522571563,0.3985206484794616,0.4542146027088165,0.4772968292236328,0.5062874555587769,0.5427162051200867,0.5219322443008423,0.5614782571792603,0.52094966173172,0.5580770373344421,0.5182482004165649,0.5518954396247864,0.5274441838264465,0.5352653861045837,0.6171848773956299,0.6184967160224915,0.6985212564468384,0.7050923109054565,0.7147973775863647,0.7218860983848572,0.7184692621231079,0.7249413132667542,-0.2199429273605346,-0.2086670696735382,-0.2086953222751617,-0.208694726228714,-0.2319395244121551,-0.231990098953247,-0.2320815026760101,-0.1288620382547378,-0.231647253036499,-0.1859840154647827,-0.2168595045804977,-0.030434850603342,-0.2291726171970367,0.0269849058240652,-0.2460120618343353,-0.0238768719136714,-0.2710370123386383,-0.0310912523418664,-0.2981416583061218,-0.0530683919787406,-0.3014547228813171,-0.0352759137749671,-0.2719964981079101,0.0538075193762779,-0.0537873320281505,0.1394522041082382,0.0222348775714635,0.2724819779396057,0.1637651026248932,0.2824171781539917,0.1735065579414367,0.2272638380527496,0.0936246886849403,Sit-To-Stand
105,0.9904001951217652,0.9760026335716248,0.972118616104126,0.9685642123222352,0.987705647945404,0.990031361579895,0.9908431768417358,0.908824622631073,0.9930545687675476,0.9837181568145752,0.995224118232727,0.9962767958641052,0.99995356798172,0.0546028986573219,0.996594250202179,0.1129889041185379,0.988116979598999,0.1264313906431198,0.973244309425354,0.1355780214071273,0.9717932343482972,0.1336155086755752,0.9522241353988647,0.9963876008987428,0.9982876181602478,0.5790450572967529,0.9342941641807556,0.7324375510215759,0.948068618774414,0.757439374923706,0.8461405038833618,0.8690525889396667,0.948543906211853,0.2505761981010437,0.2488255202770233,0.2490593641996383,0.249065950512886,0.2456462085247039,0.2430908381938934,0.2405732572078704,0.2431233376264572,0.2300283163785934,0.2499088495969772,0.2452801465988159,0.2487825453281402,0.2060259580612182,0.2565890550613403,0.2023399174213409,0.270475685596466,0.223058134317398,0.2740552723407745,0.2252011746168136,0.2744786739349365,0.2325074672698974,0.2730264365673065,0.2325378209352493,0.260026752948761,0.2344993352890014,0.2588182091712951,0.2403719127178192,0.248895451426506,0.2371751070022583,0.2396280467510223,0.2273425608873367,0.2750365138053894,0.2614875733852386,0.3528265655040741,0.3425149619579315,0.3418566882610321,0.3412237763404846,0.3434557616710663,0.3434525728225708,0.3436666429042816,0.3440466821193695,0.3480797111988067,0.3612228631973266,0.3625576198101043,0.3921088576316833,0.3984987437725067,0.4549063146114349,0.4772437512874603,0.5061541795730591,0.542445182800293,0.5220752954483032,0.5609865784645081,0.5206786394119263,0.5577538013458252,0.5182211995124817,0.5514293909072876,0.5277127027511597,0.5352693200111389,0.6172823309898376,0.6182950139045715,0.6987886428833008,0.7051151394844055,0.7149420976638794,0.7218894362449646,0.7184807658195496,0.7249804735183716,-0.1900940388441085,-0.1780292093753814,-0.178060382604599,-0.1780538111925125,-0.1968191564083099,-0.196852296590805,-0.1969249695539474,-0.0983118191361427,-0.1840661466121673,-0.1572591513395309,-0.1821216791868209,-0.002537885447964,-0.1880302727222442,0.0451652780175209,-0.2072910964488983,-0.0201175697147846,-0.2450848370790481,-0.029344942420721,-0.2718551456928253,-0.0522078946232795,-0.2755932807922363,-0.032103456556797,-0.2461554259061813,0.054186075925827,-0.0541629903018474,0.137426346540451,0.0155608430504798,0.2616041302680969,0.1495046317577362,0.2704097628593445,0.1584547311067581,0.2164491415023803,0.0805511176586151,Sit-To-Stand
106,0.9905948638916016,0.9764562249183656,0.9727278351783752,0.9692689776420592,0.9879326820373536,0.9902371764183044,0.9910053014755248,0.9108307361602784,0.9931893348693848,0.9840039014816284,0.9953024983406068,0.9963570237159728,0.9999535083770752,0.0541064850986003,0.9966760873794556,0.1099461466073989,0.9880822896957396,0.123815156519413,0.9731566309928894,0.1325584053993225,0.9716935753822328,0.1310436874628067,0.9517506957054138,0.996409833431244,0.9983052015304564,0.5795496106147766,0.9360738396644592,0.7323594689369202,0.9497005343437196,0.7579351663589478,0.8484547138214111,0.870719313621521,0.9499115943908693,0.2518813014030456,0.2498009502887725,0.2500141561031341,0.2500544190406799,0.2464974373579025,0.2439846694469452,0.2413131445646286,0.2433422058820724,0.23051218688488,0.2512338757514953,0.2465538084506988,0.248730331659317,0.2071226835250854,0.2558450102806091,0.2025184333324432,0.269803911447525,0.2229948788881302,0.2738116681575775,0.225144937634468,0.2741068303585052,0.2325288355350494,0.2727393805980682,0.2328366786241531,0.2600122094154358,0.2353285104036331,0.2587314248085022,0.2418092191219329,0.2491469383239746,0.2383034229278564,0.2399964779615402,0.227524071931839,0.2750166058540344,0.2628703117370605,0.3527399003505707,0.3424759209156036,0.3418377935886383,0.3411983251571655,0.3433720469474792,0.3433933556079864,0.3436348736286163,0.3440425992012024,0.3481440246105194,0.3611968457698822,0.3625975549221039,0.392118752002716,0.3988366723060608,0.4554120898246765,0.4782706499099731,0.5074126124382019,0.5437954068183899,0.5239280462265015,0.5628645420074463,0.5229180455207825,0.5591668486595154,0.5192801356315613,0.5528240203857422,0.5280848741531372,0.5353933572769165,0.6178421378135681,0.6195081472396851,0.6983955502510071,0.7051827907562256,0.7145951986312866,0.7222142815589905,0.7185335159301758,0.72607421875,-0.2152330875396728,-0.2029093950986862,-0.2029387056827545,-0.202933520078659,-0.2243421524763107,-0.2243840396404266,-0.2244621515274047,-0.1202011927962303,-0.2178940027952194,-0.1808206140995025,-0.2091384679079055,-0.0223302375525236,-0.2162697613239288,0.0324470326304435,-0.2331603318452835,-0.0228354670107364,-0.2622601687908172,-0.0308238081634044,-0.2902159392833709,-0.0529378466308116,-0.2928730845451355,-0.0342552885413169,-0.2631017863750458,0.0551046319305896,-0.0550979673862457,0.1588314026594162,0.0237789396196603,0.3003008961677551,0.1712506264448166,0.3114871978759765,0.1825252026319503,0.2603394389152527,0.1064503565430641,Sit-To-Stand
107,0.990869641304016,0.9770002961158752,0.9733437299728394,0.9698342680931092,0.9882186651229858,0.990498661994934,0.9912542104721068,0.9121300578117372,0.9933218955993652,0.9844603538513184,0.9954521059989928,0.9963600039482116,0.9999536871910096,0.0563214160501956,0.9967613220214844,0.1128809303045272,0.9881254434585572,0.1260283440351486,0.9731016159057616,0.1352006196975708,0.9716843366622924,0.133136436343193,0.9519180059432985,0.9964545965194702,0.9983350038528442,0.5796450972557068,0.9344766139984132,0.7333329319953918,0.9485935568809508,0.7579566836357117,0.845015823841095,0.8706088662147522,0.9488670825958252,0.2500700950622558,0.2487720549106598,0.249467521905899,0.2498527467250824,0.2444924563169479,0.24165940284729,0.239011600613594,0.2435347735881805,0.2290555983781814,0.250228613615036,0.244314044713974,0.2507984638214111,0.2069071531295776,0.2605551779270172,0.202943205833435,0.271281361579895,0.2233210504055023,0.2749772667884826,0.2254442721605301,0.2754280567169189,0.2328434288501739,0.2740474641323089,0.2329730540513992,0.2609878182411194,0.2356545478105545,0.260357141494751,0.2423817664384842,0.2492277324199676,0.2384209185838699,0.2400268018245697,0.2282765656709671,0.2748551368713379,0.2630929350852966,0.3527146875858307,0.3423951864242553,0.3417874276638031,0.341189444065094,0.3432720005512237,0.343361496925354,0.3436064124107361,0.3440501987934112,0.3481557667255401,0.3611865639686584,0.3625545799732208,0.3954696357250213,0.4001396894454956,0.456908106803894,0.4789884686470032,0.5078094601631165,0.54367995262146,0.52378910779953,0.5631811022758484,0.5228673815727234,0.5599424839019775,0.5195600390434265,0.5532419085502625,0.5284333825111389,0.5354582667350769,0.617808997631073,0.6194429993629456,0.6983901858329773,0.7052075266838074,0.7144320607185364,0.7222092151641846,0.7185312509536743,0.7260644435882568,-0.1813476383686065,-0.1693071126937866,-0.1693395376205444,-0.1693304181098938,-0.1869379580020904,-0.1869721859693527,-0.1870551407337188,-0.0918815284967422,-0.1727181375026703,-0.1498274058103561,-0.1730052530765533,-0.0031954199075698,-0.1763560473918914,0.0384165868163108,-0.196362629532814,-0.0198009852319955,-0.2376140803098678,-0.0294992476701736,-0.2642610967159271,-0.0508077330887317,-0.2691760957241058,-0.0311760250478982,-0.2392151057720184,0.054051786661148,-0.054042249917984,0.1345719546079635,0.0192749295383691,0.2580692172050476,0.1540004312992096,0.266961932182312,0.1631699353456497,0.213163286447525,0.086307443678379,Sit-To-Stand
108,0.990989863872528,0.9773108959197998,0.9736713171005248,0.9704922437667848,0.9883773922920228,0.9906022548675536,0.9913769364356996,0.9134297370910645,0.9934336543083192,0.9846850037574768,0.9955137968063354,0.9964943528175354,0.9999538660049438,0.0562672354280948,0.9967836737632751,0.1111273765563964,0.9880773425102234,0.1246326118707656,0.9730035066604614,0.133295401930809,0.9715351462364196,0.1317281872034073,0.9512909650802612,0.9964066743850708,0.9982861280441284,0.5720154047012329,0.9343029856681824,0.7230697274208069,0.9478442072868348,0.749565064907074,0.8427382111549377,0.8669872879981995,0.9485288262367249,0.2517789006233215,0.2500597834587097,0.2505172789096832,0.2507745921611786,0.2462918758392334,0.2437278926372528,0.2410932034254074,0.2438245564699173,0.2304861843585968,0.251470148563385,0.2460791766643524,0.2506306171417236,0.2076201140880584,0.2579718232154846,0.2031008303165435,0.2709756791591644,0.2233168631792068,0.2744970619678497,0.2252732515335083,0.2750512063503265,0.2327623665332794,0.2735167145729065,0.2330422401428222,0.2608429789543152,0.2367974519729614,0.2596227824687958,0.2444795817136764,0.249347299337387,0.238318845629692,0.2399422824382782,0.2281545847654342,0.2753144204616546,0.2646107077598572,0.3527708947658539,0.3425109088420868,0.3419027626514435,0.3412960171699524,0.343426913022995,0.3435534238815307,0.3437982499599457,0.3440545201301574,0.3481488525867462,0.3612257838249206,0.3626211881637573,0.3945792317390442,0.4001035988330841,0.4567221105098724,0.4791661202907562,0.5086410045623779,0.5442524552345276,0.5252591967582703,0.563707172870636,0.5250450372695923,0.5611143708229065,0.5205290913581848,0.5542693734169006,0.5283821821212769,0.5353719592094421,0.6177912950515747,0.6193804144859314,0.6981503963470459,0.7052087187767029,0.7144148349761963,0.7224398255348206,0.7180919051170349,0.7259240746498108,-0.2243283092975616,-0.2118090391159057,-0.2118349969387054,-0.2118280380964279,-0.235162615776062,-0.2352125346660614,-0.2353021800518036,-0.1279908120632171,-0.2346788644790649,-0.1892755776643753,-0.2201443910598755,-0.0263132695108652,-0.2352263480424881,0.0256040655076503,-0.2557514905929565,-0.031221916899085,-0.2827880978584289,-0.0398362278938293,-0.3129566311836242,-0.0622704401612281,-0.3146568536758423,-0.043019063770771,-0.283363401889801,0.0590437054634094,-0.0590585060417652,0.1650825440883636,0.0192580185830593,0.3093507587909698,0.1648048609495163,0.3206300437450409,0.17617167532444,0.2690286934375763,0.0988916605710983,Sit-To-Stand
109,0.9904243350028992,0.9755393862724304,0.971788763999939,0.9687207341194152,0.9870967268943788,0.989460289478302,0.9904273748397828,0.9070243239402772,0.9922447800636292,0.9843629002571106,0.9953094124794006,0.996546983718872,0.9999495148658752,0.0615710467100143,0.9965413212776184,0.1182281970977783,0.9871219992637634,0.1308948993682861,0.9710370898246764,0.1404364556074142,0.969534158706665,0.1377975940704345,0.9487338066101074,0.9964261651039124,0.9982696175575256,0.5690563321113586,0.9276056289672852,0.7187026143074036,0.9436792135238647,0.7438707947731018,0.8327164649963379,0.8627192378044128,0.9460318088531494,0.2450833618640899,0.2436609715223312,0.2447975575923919,0.2459097355604171,0.2388252019882202,0.2367842942476272,0.2347795069217682,0.2426548898220062,0.2265855967998504,0.2466099262237548,0.2406340539455413,0.2520274519920349,0.207422524690628,0.2614951133728027,0.204162523150444,0.2750079929828644,0.2231518328189849,0.2760478258132934,0.2251821309328079,0.2763001322746277,0.2326741963624954,0.2748213112354278,0.2329344004392624,0.2607465982437134,0.2367136180400848,0.2604882419109344,0.2446031868457794,0.2493469417095184,0.2373749315738678,0.2399947196245193,0.2280572652816772,0.2753163576126098,0.264120489358902,0.3463445901870727,0.3373337984085083,0.3371195495128631,0.3370127081871032,0.3385134637355804,0.3391528129577636,0.3399890065193176,0.3425684869289398,0.3472737371921539,0.3563076257705688,0.3578496873378753,0.3961397409439087,0.4000782072544098,0.4566669762134552,0.4786580502986908,0.5078401565551758,0.5433832406997681,0.5233920216560364,0.5628654956817627,0.5237029790878296,0.5606347322463989,0.5200487375259399,0.5534814596176147,0.5284159183502197,0.5351805090904236,0.6159257888793945,0.6178890466690063,0.6981417536735535,0.7054721117019653,0.7143514752388,0.7227008938789368,0.7179867029190063,0.7259166240692139,-0.141102597117424,-0.1285707056522369,-0.1286268085241317,-0.1286296546459198,-0.146522581577301,-0.1465578228235244,-0.146678477525711,-0.055663950741291,-0.136715829372406,-0.1117738932371139,-0.1351544857025146,0.0233365334570407,-0.1488875597715377,0.0503948517143726,-0.1652667224407196,-0.0310492608696222,-0.204537346959114,-0.0468738041818141,-0.2316342145204544,-0.0676450356841087,-0.2388962209224701,-0.0429834723472595,-0.2071968019008636,0.0575299672782421,-0.0575147792696952,0.0973036438226699,-0.0212241299450397,0.2278173267841339,0.1159413680434227,0.2370343655347824,0.1248492449522018,0.1795721054077148,0.0409543700516223,Sit-To-Stand
110,0.9902759194374084,0.9753071665763856,0.971716284751892,0.968882143497467,0.9870623350143432,0.9894492030143738,0.9903698563575744,0.9078287482261658,0.9921883344650269,0.9840052127838136,0.9951453804969788,0.996535062789917,0.9999475479125975,0.0610457509756088,0.9965091347694396,0.1159733980894088,0.9871037006378174,0.1291961967945099,0.971166968345642,0.1382822692394256,0.969588816165924,0.1363353431224823,0.9482917785644532,0.996275007724762,0.9982236623764038,0.5646190643310547,0.9301124811172484,0.7142335772514343,0.9461458921432496,0.7409752607345581,0.8368700742721558,0.8629342317581177,0.9479889273643494,0.2499764412641525,0.2477226555347442,0.2481230497360229,0.2485256940126419,0.2443771362304687,0.2423888742923736,0.2402314245700836,0.2431257963180542,0.2302642315626144,0.249841496348381,0.2450335770845413,0.2516900897026062,0.2084050923585891,0.2593958675861358,0.204442948102951,0.2731562852859497,0.2239600718021392,0.2755281329154968,0.2252180129289627,0.2759633660316467,0.232631653547287,0.2746109962463379,0.2329935729503631,0.2607277929782867,0.2374070584774017,0.2605051398277282,0.2457675635814666,0.2493867874145507,0.2379193603992462,0.2407180368900299,0.2280675619840622,0.275310218334198,0.2659239470958709,0.3474560976028442,0.3381603956222534,0.3378323018550873,0.3375585675239563,0.3391657173633575,0.3396201729774475,0.3402394652366638,0.342580646276474,0.3471855521202087,0.3569719195365906,0.3584525883197784,0.3951866924762726,0.4004702866077423,0.4567722678184509,0.4786871373653412,0.5084725618362427,0.5441738963127136,0.5247747898101807,0.5635471940040588,0.524566113948822,0.5613009333610535,0.5204575657844543,0.5547376871109009,0.5282226800918579,0.535167396068573,0.6159180998802185,0.6179978251457214,0.6974695324897766,0.7056303024291992,0.7119223475456238,0.7229077816009521,0.7177317142486572,0.7261092662811279,-0.1940777599811554,-0.1820583492517471,-0.1820844113826751,-0.18207448720932,-0.2073183953762054,-0.207372710108757,-0.2074729204177856,-0.105897806584835,-0.2192617952823639,-0.16206756234169,-0.1952352970838546,-0.0135854659602046,-0.2285306006669998,0.0362563319504261,-0.2499805986881256,-0.0294248163700103,-0.2698313295841217,-0.0385610349476337,-0.2991097867488861,-0.0606098771095275,-0.3006240129470825,-0.0417630411684513,-0.2703147232532501,0.0626216903328895,-0.062642216682434,0.1644631624221801,-0.0033812106121331,0.30633744597435,0.1453403383493423,0.3174831867218017,0.1566312909126281,0.2687822878360748,0.0800370499491691,Sit-To-Stand
111,0.9771053791046144,0.9423360228538512,0.9403442740440368,0.9348282217979432,0.961716651916504,0.9676939249038696,0.9687625765800476,0.857282817363739,0.9707781076431274,0.968923568725586,0.9869245886802672,0.9963937997817992,0.9999309182167052,0.0618578605353832,0.9951399564743042,0.1137293577194213,0.9820644855499268,0.127088576555252,0.9626107811927797,0.1365958303213119,0.9609032869338988,0.1342721432447433,0.9365719556808472,0.9961933493614196,0.9981397986412048,0.5673787593841553,0.9221301674842834,0.714056670665741,0.9413995146751404,0.7381319999694824,0.8267707228660583,0.8598257303237915,0.944027841091156,0.2412671595811844,0.2405459582805633,0.2414535731077194,0.2422659397125244,0.2369193285703659,0.2333512306213379,0.2317763268947601,0.2413123846054077,0.2244220525026321,0.2435553520917892,0.2415460795164108,0.2524799704551697,0.2083765566349029,0.2627891600131988,0.2065657824277877,0.2738668620586395,0.2241381108760833,0.2757149636745453,0.2259555608034134,0.2761085033416748,0.2327572852373123,0.2745183110237121,0.2330166101455688,0.2606822550296783,0.2369398176670074,0.2619920670986175,0.2444619685411453,0.24954554438591,0.2363260239362716,0.2407667338848114,0.2277398854494094,0.2750010192394256,0.2601596713066101,0.3466099202632904,0.3363922238349914,0.3361417651176452,0.3362703025341034,0.3379305899143219,0.3393385708332062,0.3402663469314575,0.3416770398616791,0.3509179353713989,0.3566126525402069,0.3605561256408691,0.3977426886558532,0.4012565314769745,0.456756979227066,0.4780111908912658,0.5058213472366333,0.5422829389572144,0.5229672789573669,0.5626291036605835,0.5229356288909912,0.560867190361023,0.5152095556259155,0.5542187094688416,0.5284431576728821,0.533781886100769,0.6135364770889282,0.6164124608039856,0.6982060074806213,0.7056323289871216,0.7131423354148865,0.7228376269340515,0.718626081943512,0.7261029481887817,-0.1434394717216491,-0.134214848279953,-0.1342844665050506,-0.1343087255954742,-0.1498796045780182,-0.1499184668064117,-0.1500795930624008,-0.0676759332418441,-0.1366636455059051,-0.1150510162115097,-0.1351251900196075,0.0058759027160704,-0.1392980515956878,0.0360853746533393,-0.1501517593860626,-0.0538427531719207,-0.186269149184227,-0.0715430825948715,-0.210793524980545,-0.0918327644467353,-0.2201512604951858,-0.0656689554452896,-0.1898597478866577,0.0482876636087894,-0.048197153955698,0.0634664148092269,-0.0169771313667297,0.1949542015790939,0.1196480244398117,0.2045787870883941,0.1284033805131912,0.1432958394289016,0.0441314503550529,Walk-From-Chair
112,0.978342056274414,0.9454293847084044,0.9432923793792723,0.9381802082061768,0.9641367793083192,0.9697734713554382,0.9708091020584106,0.8626269698143005,0.9728478789329528,0.9703583121299744,0.987667679786682,0.9964560270309448,0.9999316334724426,0.0612146332859993,0.995224952697754,0.1117134168744087,0.982313632965088,0.1256627589464187,0.9631515741348268,0.1348303109407425,0.9614318013191224,0.1329969614744186,0.9370286464691162,0.9961093664169312,0.9981309175491332,0.5592837333679199,0.9229699969291688,0.7077807188034058,0.94223290681839,0.7352074384689331,0.8280739784240723,0.8576229214668274,0.9440929889678956,0.2497849762439727,0.2480547726154327,0.248428463935852,0.2487363815307617,0.2446552067995071,0.2418278455734253,0.2394300997257232,0.2438357323408126,0.2291953861713409,0.2497311532497406,0.2458136975765228,0.2521886229515075,0.2090708911418914,0.2609756886959076,0.2073571979999542,0.2728584110736847,0.2254073321819305,0.275145947933197,0.2269888818264007,0.2759618163108825,0.2333492785692215,0.2743953466415405,0.2335672080516815,0.2613499760627746,0.2378022372722625,0.2618479430675506,0.2455855160951614,0.2498514652252197,0.2368768006563186,0.240762859582901,0.2280031442642212,0.2749998271465301,0.262082040309906,0.3482391238212585,0.3380862772464752,0.3377546668052673,0.3376361131668091,0.3392316699028015,0.3401419818401336,0.3407919704914093,0.3421380817890167,0.3505128026008606,0.3576551675796509,0.3607794344425201,0.3968437910079956,0.4026959538459778,0.4569887220859527,0.4799176156520843,0.5084660053253174,0.5456539392471313,0.5260109305381775,0.5643336176872253,0.5252983570098877,0.5623590350151062,0.5187119841575623,0.5555821657180786,0.5300788283348083,0.5360836386680603,0.6149854063987732,0.6186455488204956,0.6969721913337708,0.7055777311325073,0.7130002975463867,0.7228345274925232,0.7186044454574585,0.7263782620429993,-0.1871499121189117,-0.1754130423069,-0.1754515618085861,-0.1754555255174636,-0.1976752430200576,-0.1977178752422332,-0.1978066265583038,-0.097751684486866,-0.1984150111675262,-0.1544694006443023,-0.1837004572153091,-0.0091614769771695,-0.2026062458753585,0.0366549007594585,-0.2218274772167205,-0.0346362218260765,-0.249411940574646,-0.043649174273014,-0.2780336737632751,-0.0653354674577713,-0.2820769846439361,-0.0458448603749275,-0.2510556578636169,0.0543624944984912,-0.054347813129425,0.1532161980867386,0.0117664253339171,0.2961088716983795,0.162397027015686,0.3073797225952148,0.1740292906761169,0.2581877708435058,0.1000388488173484,Walk-From-Chair
113,0.976252555847168,0.938133180141449,0.9374844431877136,0.9302659034729004,0.9584929347038268,0.9656363725662231,0.965568780899048,0.8477775454521179,0.9685378670692444,0.966942310333252,0.9857529401779176,0.9965875148773192,0.9999268054962158,0.0616555362939834,0.9944614171981812,0.1124793067574501,0.978829264640808,0.1262573152780532,0.9570236802101136,0.1364059150218963,0.9552985429763794,0.1338543742895126,0.9283715486526488,0.9962958097457886,0.9981814622879028,0.5576931238174438,0.9170907735824584,0.7087199687957764,0.9403145909309388,0.734424889087677,0.8253711462020874,0.8585066199302673,0.942776083946228,0.2478752881288528,0.2461646795272827,0.2468373030424118,0.2474810779094696,0.2415230572223663,0.2396041601896286,0.2377720326185226,0.2436848133802414,0.2274531573057174,0.2488669902086258,0.2440801858901977,0.2528567016124725,0.2093581706285476,0.2623102962970733,0.2096892297267913,0.2769916355609894,0.2270612716674804,0.2782772779464721,0.2291060388088226,0.2785324156284332,0.2360121458768844,0.275551825761795,0.235377699136734,0.261559247970581,0.2377582043409347,0.2647361159324646,0.2445711195468902,0.2519100308418274,0.2369250506162643,0.246980994939804,0.2281466275453567,0.2750804424285888,0.2628150880336761,0.3471797704696655,0.3364162147045135,0.3361975848674774,0.336339920759201,0.3380261659622192,0.3389427363872528,0.3399713933467865,0.3419876396656036,0.3503523170948028,0.3575202524662018,0.3605660498142242,0.3990026414394378,0.4031830728054046,0.4574933052062988,0.4798008501529693,0.509332001209259,0.5455165505409241,0.5262423157691956,0.5641955733299255,0.5248920321464539,0.5621267557144165,0.5192216038703918,0.5550423264503479,0.5323171019554138,0.5387093424797058,0.613356351852417,0.6183095574378967,0.6966520547866821,0.7056490778923035,0.7124173045158386,0.7228339314460754,0.7178500890731812,0.7248849272727966,-0.1494834125041961,-0.1395082771778106,-0.1395781189203262,-0.1396019756793975,-0.1569556593894958,-0.1569871008396148,-0.1571162939071655,-0.0698212534189224,-0.1477317065000534,-0.1197918429970741,-0.1423779428005218,0.0102471504360437,-0.1568068563938141,0.0490649491548538,-0.1753018647432327,-0.0267462879419326,-0.2123050689697265,-0.0412539169192314,-0.239431545138359,-0.0614016652107238,-0.247375801205635,-0.0380071736872196,-0.2156061828136444,0.0516432411968708,-0.0515777952969074,0.1292470693588256,0.0396346263587474,0.2803594470024109,0.2044085562229156,0.2940767407417297,0.2164491713047027,0.2426896542310714,0.1423957049846649,Walk-From-Chair
114,0.977813720703125,0.941713273525238,0.9412320852279664,0.934380292892456,0.9610244035720824,0.967872440814972,0.9677117466926576,0.8562566041946411,0.9704797267913818,0.968392848968506,0.986442804336548,0.9967308044433594,0.9999279975891112,0.0592780783772468,0.994509756565094,0.1082900166511535,0.9794743657112122,0.1222169697284698,0.958294689655304,0.1320989727973938,0.9565918445587158,0.1298212856054306,0.9296255111694336,0.996192216873169,0.9981409907341005,0.5333352088928223,0.912250816822052,0.6865769028663635,0.9391657710075378,0.7175748944282532,0.8242188692092896,0.8500325679779053,0.9406934380531312,0.2554276585578918,0.2530224323272705,0.2530224919319153,0.2529516816139221,0.250153124332428,0.248240664601326,0.246081918478012,0.2450474798679351,0.2348988503217697,0.2542233467102051,0.2503748834133148,0.2502132058143616,0.2121643722057342,0.2549344897270202,0.2103792428970337,0.2735593616962433,0.2302029430866241,0.2769864797592163,0.2321899831295013,0.2770805954933166,0.2395013570785522,0.2724505364894867,0.2390250712633133,0.2616159617900848,0.2400480955839157,0.2662551701068878,0.2462613880634308,0.2531333565711975,0.2393273115158081,0.2482330799102783,0.2296030074357986,0.2750127911567688,0.265234112739563,0.3488501310348511,0.3382233679294586,0.3378205299377441,0.3376135230064392,0.3393972516059875,0.3398493826389313,0.3404573202133178,0.3422755002975464,0.3494109809398651,0.3583983778953552,0.3607768714427948,0.3975696563720703,0.4030777812004089,0.4597152471542358,0.4818644225597381,0.5168715119361877,0.5485144257545471,0.5303516387939453,0.5662571787834167,0.529978334903717,0.5632506608963013,0.5244683027267456,0.556955099105835,0.5332320332527161,0.5411290526390076,0.613398015499115,0.6212169528007507,0.6966570615768433,0.7059199213981628,0.7125183343887329,0.723019540309906,0.7174463272094727,0.7248983979225159,-0.1577846407890319,-0.1461442112922668,-0.1462117135524749,-0.1462289541959762,-0.1680108159780502,-0.1680479794740677,-0.1680948585271835,-0.0831688866019249,-0.197155624628067,-0.1207853332161903,-0.1614792346954345,-0.0117913782596588,-0.2151783257722854,0.0309260971844196,-0.2442735433578491,-0.0262944605201482,-0.2659783065319061,-0.0404579117894172,-0.2954076826572418,-0.0578267388045787,-0.2978343665599823,-0.037798635661602,-0.2671354115009308,0.0552124790847301,-0.0552079901099205,0.1663116812705993,0.047627069056034,0.3162168264389038,0.2103893011808395,0.3287989497184753,0.223129004240036,0.2830340266227722,0.1558529883623123,Walk-From-Chair
115,0.962723970413208,0.9098637104034424,0.909717321395874,0.900152862071991,0.935296356678009,0.9435235261917114,0.9429208636283876,0.8052157163619995,0.9467570185661316,0.9473473429679872,0.9738876819610596,0.9961658120155334,0.999871551990509,0.057789497077465,0.9920773506164552,0.108032077550888,0.9733405113220216,0.1229702308773994,0.9489426612854004,0.1333592534065246,0.9470773935317992,0.1304175406694412,0.9176527857780457,0.9962562918663024,0.998078465461731,0.547493577003479,0.89960777759552,0.6928963661193848,0.9283449649810792,0.7213228344917297,0.8063734769821167,0.8495575189590454,0.9321025013923644,0.2500327229499817,0.2488275319337844,0.2494734823703766,0.2501546144485473,0.2444068640470504,0.2437659949064254,0.2400382459163665,0.2440756112337112,0.2332698851823806,0.2537636458873749,0.2497486621141433,0.2548385262489319,0.212781548500061,0.2646079063415527,0.2127072364091873,0.2786369919776916,0.2306342869997024,0.283730536699295,0.2330242097377777,0.2831116318702698,0.239582821726799,0.278899222612381,0.2407879531383514,0.2640608847141266,0.239943116903305,0.2693178951740265,0.246138647198677,0.2605228126049042,0.2418715953826904,0.2574585378170013,0.2358711063861847,0.2769166827201843,0.2618753015995025,0.3542592823505401,0.3423517346382141,0.3419999778270721,0.341919481754303,0.3448175191879272,0.3454550504684448,0.3478307723999023,0.3534724414348602,0.3606098890304565,0.3677483797073364,0.3701184689998626,0.3995081186294555,0.4062536954879761,0.4614076316356659,0.4809918999671936,0.5071912407875061,0.5454810261726379,0.5210047960281372,0.5646420121192932,0.517586886882782,0.5621776580810547,0.5119866132736206,0.5546277761459351,0.5353937149047852,0.5420141220092773,0.6125203371047974,0.6208832859992981,0.6966413259506226,0.705550491809845,0.7123764753341675,0.721386730670929,0.7174837589263916,0.7248818874359131,-0.1284260898828506,-0.1190021187067031,-0.1190829500555992,-0.1191147118806839,-0.1349778324365615,-0.1349967271089553,-0.1351487785577774,-0.0540579929947853,-0.1261310428380966,-0.0997808426618576,-0.1214760094881057,0.0120228705927729,-0.1324248760938644,0.0330161415040493,-0.1523398756980896,-0.0594759583473205,-0.1904440522193908,-0.0799062773585319,-0.2156599760055542,-0.0988384261727333,-0.2249366343021392,-0.0712324008345604,-0.1941400915384292,0.0406967103481292,-0.0405968837440013,0.0894217416644096,0.0520604848861694,0.2209194451570511,0.2194214165210724,0.2309444695711136,0.2321736365556717,0.1727640777826309,0.1622591316699981,Walk-From-Chair
116,0.965859055519104,0.91694575548172,0.9167234301567078,0.9076597094535828,0.9407441020011902,0.9483944177627563,0.9478464722633362,0.817695140838623,0.9513090252876282,0.9507673382759094,0.9759300947189332,0.996203064918518,0.9998761415481568,0.0565864257514476,0.9924609065055848,0.1054488271474838,0.9742863178253174,0.119670495390892,0.9502419829368592,0.1298530399799347,0.9485028982162476,0.1270940899848938,0.9193493127822876,0.9961279630661012,0.9979499578475952,0.5485098958015442,0.8991555571556091,0.693119466304779,0.9279233813285828,0.720526397228241,0.8056125044822693,0.8512398600578308,0.9317468404769896,0.2568191587924957,0.2548235654830932,0.2551601231098175,0.2554613351821899,0.2512416839599609,0.2494697868824005,0.2464621365070343,0.2485229223966598,0.237405925989151,0.2573731541633606,0.2532775998115539,0.2538885772228241,0.2161695063114166,0.259421169757843,0.2147780358791351,0.276180624961853,0.2355985641479492,0.2834860682487488,0.2380832880735397,0.2822436392307281,0.245029330253601,0.2770383954048157,0.2449096739292144,0.2638953626155853,0.2404995858669281,0.2726015448570251,0.246709942817688,0.2633976638317108,0.2431942224502563,0.2598912715911865,0.2351236045360565,0.2857348918914795,0.2691335082054138,0.3546237051486969,0.3432680070400238,0.3427777588367462,0.3424548506736755,0.3451690971851349,0.3456152081489563,0.3473180532455444,0.3530287742614746,0.3579365611076355,0.3669055104255676,0.3696092963218689,0.397490382194519,0.4059716165065765,0.461384117603302,0.4829348027706146,0.5117309093475342,0.5483627915382385,0.5231414437294006,0.5661835074424744,0.5221184492111206,0.5634552240371704,0.521106481552124,0.556233823299408,0.5350437164306641,0.5416949987411499,0.6117016673088074,0.6208811402320862,0.6957013607025146,0.7056294679641724,0.7123669385910034,0.7215314507484436,0.7162559628486633,0.7248815298080444,-0.2003705501556396,-0.1898479610681533,-0.1898762583732605,-0.1898748576641082,-0.2109326422214508,-0.2109846174716949,-0.211075022816658,-0.1170745342969894,-0.2127908170223236,-0.1693841964006424,-0.1972312778234481,-0.0306591987609863,-0.2195290327072143,0.011472200974822,-0.2417193949222564,-0.0464409440755844,-0.2597251534461975,-0.0635937675833702,-0.2848357260227203,-0.0871381610631942,-0.2896820902824402,-0.0578602738678455,-0.2610725462436676,0.0417854413390159,-0.0416698269546031,0.1055837050080299,0.0444085374474525,0.2414185106754303,0.1995572000741958,0.2506793141365051,0.2116707861423492,0.1985265463590622,0.1381106227636337,Walk-From-Chair
117,0.9563568234443665,0.8897974491119385,0.8904933333396912,0.8795424699783325,0.9198532700538636,0.9295092225074768,0.9281004667282104,0.7766860723495483,0.9278925061225892,0.9313918352127076,0.9623329043388368,0.9960688948631288,0.999864101409912,0.0563039928674697,0.990314781665802,0.1044619083404541,0.9649759531021118,0.1185437068343162,0.936407208442688,0.1292564868927002,0.934313714504242,0.1265875250101089,0.901040017604828,0.996292769908905,0.997979462146759,0.5528882145881653,0.8996118307113647,0.6990178823471069,0.9273064136505128,0.7229849100112915,0.8012951612472534,0.8528932332992554,0.9308481812477112,0.2444063425064087,0.2413700371980667,0.2423192709684372,0.2432959079742431,0.2365739643573761,0.2335172593593597,0.232462078332901,0.2416365146636963,0.2280397713184356,0.247967928647995,0.2440953254699707,0.2566959261894226,0.2164481878280639,0.2622628808021545,0.2173111140727996,0.2771009504795074,0.2371450215578079,0.2821111381053924,0.2399388998746872,0.2814692854881286,0.2459912300109863,0.2779595255851745,0.2453430145978927,0.2640688121318817,0.240381509065628,0.2745489776134491,0.2464613169431686,0.2683907747268677,0.2434740513563156,0.2666017413139343,0.2380715310573578,0.2895366549491882,0.2639586329460144,0.3871956467628479,0.3795327544212341,0.3789084851741791,0.3783494234085083,0.3775347173213959,0.3787716925144195,0.3792301714420318,0.3805017471313476,0.3852500021457672,0.3929941058158874,0.3956893682479858,0.4105830490589142,0.4170865416526794,0.4726391136646271,0.4827229082584381,0.5163736939430237,0.5449923276901245,0.5251528024673462,0.5609527230262756,0.5245291590690613,0.5583401322364807,0.5215548276901245,0.5514591336250305,0.5402704477310181,0.5455029010772705,0.611738383769989,0.6222707033157349,0.6943811178207397,0.7045759558677673,0.710503339767456,0.7198278903961182,0.7145348191261292,0.7246481776237488,-0.1480741649866104,-0.1440086662769317,-0.144046813249588,-0.1440649181604385,-0.1567599773406982,-0.1567862331867218,-0.1569151282310485,-0.0861112028360366,-0.1427322924137115,-0.121102474629879,-0.1378243118524551,-0.0055065271444618,-0.1478966772556305,0.0456418432295322,-0.1691697537899017,0.0001798892626538,-0.2006324976682663,-0.0088447565212845,-0.2237333357334137,-0.0308347381651401,-0.2298811674118042,-0.0109198810532689,-0.2030208557844162,0.0407062694430351,-0.0405851490795612,0.0720390602946281,0.0358397141098976,0.1737721264362335,0.1539311110973358,0.1815534979104995,0.162676066160202,0.1271060556173324,0.0967777520418167,Walk-From-Chair
118,0.9603030681610109,0.8996511101722717,0.8999901413917542,0.8899984955787659,0.9272728562355042,0.9360342621803284,0.934822678565979,0.7939714789390564,0.934692084789276,0.9370772838592528,0.9657665491104126,0.9960565567016602,0.9998677372932434,0.0570345446467399,0.9906370639801024,0.1046395301818847,0.9659903049468994,0.1180462315678596,0.9376825094223022,0.1284986734390258,0.9356566071510316,0.1260600686073303,0.902607262134552,0.9962119460105896,0.9978561997413636,0.570442795753479,0.9050330519676208,0.7114211916923523,0.9302705526351928,0.7317962050437927,0.804868757724762,0.8571881055831909,0.9325257539749146,0.2576917707920074,0.2558112740516662,0.2563524544239044,0.2567954659461975,0.25167316198349,0.2488457411527633,0.2462429702281952,0.2505533099174499,0.2379137724637985,0.2579596042633056,0.2534275352954864,0.2565668821334839,0.2205201834440231,0.2617168724536896,0.2194863259792328,0.2764659225940704,0.240731880068779,0.2810814678668976,0.2437312304973602,0.2808807790279388,0.2511331140995025,0.2782354950904846,0.2500553131103515,0.2635742723941803,0.2406062334775924,0.2774539291858673,0.2463971674442291,0.274206668138504,0.2433120459318161,0.2700737118721008,0.2358872592449188,0.3052056431770324,0.2643817067146301,0.3833574950695038,0.3755167126655578,0.3736790716648102,0.371784895658493,0.3771844804286957,0.3775221407413482,0.3769741952419281,0.3698468804359436,0.3728685975074768,0.385755717754364,0.3883692622184753,0.4046368598937988,0.4162580668926239,0.4703820943832397,0.4831539094448089,0.5129940509796143,0.5449888706207275,0.5248927474021912,0.5609892010688782,0.5244541764259338,0.558384895324707,0.52135169506073,0.5516215562820435,0.5360261797904968,0.5421529412269592,0.6065279841423035,0.620418906211853,0.6937311887741089,0.7046012282371521,0.7091516256332397,0.7197970747947693,0.7095984220504761,0.7248994708061218,-0.1898822337388992,-0.1794513761997223,-0.1794783174991607,-0.1794778406620025,-0.1995171308517456,-0.1995749026536941,-0.1996702700853347,-0.1067195162177085,-0.1972223818302154,-0.1587925851345062,-0.1852150708436966,-0.0128063634037971,-0.2052828520536422,0.0319448187947273,-0.2237468659877777,-0.0101658506318926,-0.2339324951171875,-0.0216799937188625,-0.2566239535808563,-0.0424482710659503,-0.2616438269615173,-0.0217678621411323,-0.2351408749818802,0.0482676103711128,-0.0482007786631584,0.0971454158425331,0.0052387206815183,0.200150579214096,0.120373860001564,0.2066311091184616,0.1277195960283279,0.1564845740795135,0.0577263422310352,Walk-From-Chair
119,0.9529597759246826,0.8832359313964844,0.8809897899627686,0.8707401156425476,0.9147251844406128,0.9230527877807616,0.9235901832580566,0.7608991861343384,0.9231287240982056,0.925150454044342,0.9595488905906676,0.9956538081169128,0.9998486042022704,0.0579889975488185,0.9897974133491516,0.108970932662487,0.9642255306243896,0.1235595420002937,0.9351115822792052,0.1344220340251922,0.932726263999939,0.1310021579265594,0.8986287713050842,0.9959487318992616,0.9977173209190368,0.5946506857872009,0.9118362665176392,0.7294535636901855,0.9346618056297302,0.7463981509208679,0.8111717700958252,0.8636444211006165,0.9356628656387328,0.2540203034877777,0.2519541084766388,0.2529924213886261,0.254031240940094,0.2478909790515899,0.2456686049699783,0.2436141520738601,0.2501997351646423,0.2355736047029495,0.255690336227417,0.2511966526508331,0.2586749196052551,0.2202670574188232,0.2643009424209595,0.2215429842472076,0.2764745652675628,0.2441562116146087,0.2804684042930603,0.2470465153455734,0.281077116727829,0.2523835003376007,0.2782009243965149,0.2514562606811523,0.2641507983207702,0.2406265437602996,0.28021240234375,0.2460270226001739,0.2850238680839538,0.2434677630662918,0.2783735692501068,0.2355305850505828,0.3125231862068176,0.2609352469444275,0.3913520872592926,0.3822238743305206,0.3812798261642456,0.3803662955760956,0.3839958310127258,0.3844982087612152,0.3848573267459869,0.3794824779033661,0.3894004225730896,0.3963559865951538,0.3986449241638183,0.4107451736927032,0.4178475439548492,0.4698111414909363,0.4827472865581512,0.5085704922676086,0.535664439201355,0.5185275673866272,0.5538929104804993,0.5168972611427307,0.5507691502571106,0.5128572583198547,0.5437396764755249,0.5380474328994751,0.5434273481369019,0.6059265732765198,0.6204331517219543,0.6926820278167725,0.7051666378974915,0.7084080576896667,0.7198754549026489,0.7054759860038757,0.7249231338500977,-0.1342125982046127,-0.1292072832584381,-0.1292606741189956,-0.1292732805013656,-0.1408955007791519,-0.1409212946891784,-0.1410475522279739,-0.0695244595408439,-0.1216992288827896,-0.1074022427201271,-0.1225893720984458,0.0113569740206003,-0.1264392584562301,0.0490647777915,-0.1485563814640045,-0.0078552141785621,-0.1813258826732635,-0.0191382355988025,-0.2034742832183838,-0.0396682247519493,-0.2081506699323654,-0.0186253953725099,-0.1828179806470871,0.0406882353127002,-0.040566086769104,0.0538558363914489,-0.0167069118469953,0.1248001307249069,0.0642308890819549,0.1283586621284485,0.0686560422182083,0.074583314359188,-0.0002499849069863,Walk-From-Chair
120,0.957226037979126,0.8938500285148621,0.8916089534759521,0.8825219869613647,0.9226545095443726,0.9301785826683044,0.930729329586029,0.7815565466880798,0.9303939938545228,0.9318581819534302,0.9633032083511353,0.9958707094192504,0.9998570680618286,0.0588297173380851,0.9897850155830384,0.1099849715828895,0.9652380347251892,0.124108999967575,0.9370201230049132,0.1348633021116256,0.9346740245819092,0.1320485919713974,0.9008089900016784,0.9961028695106506,0.9977408051490784,0.6030779480934143,0.9153125882148744,0.7380136847496033,0.935061812400818,0.7521644234657288,0.807263970375061,0.8657199144363403,0.9343166947364808,0.2672573328018188,0.2646318674087524,0.2645755112171173,0.2644108831882477,0.2621365487575531,0.2601019740104675,0.2576664984226227,0.2556869685649872,0.2464941442012787,0.2656931579113006,0.2626105546951294,0.257747620344162,0.2260325253009796,0.2653924822807312,0.2280585467815399,0.2785320878028869,0.2514468729496002,0.2826917171478271,0.2551868557929992,0.2843174040317535,0.2606991529464721,0.2814429104328155,0.2598549127578735,0.2640295922756195,0.2425902336835861,0.2810249626636505,0.2462039291858673,0.2913962006568908,0.2433687895536422,0.2840954959392547,0.2341491430997848,0.3220716118812561,0.2626587748527527,0.3752259016036987,0.3658979833126068,0.3649114072322845,0.3637477457523346,0.366637110710144,0.3658093512058258,0.3649215996265411,0.3624867796897888,0.3654620945453644,0.3812686502933502,0.382170706987381,0.4060576856136322,0.412274569272995,0.4640288352966308,0.4826624095439911,0.5056213140487671,0.5368016958236694,0.516782820224762,0.554518461227417,0.5149646401405334,0.5517893433570862,0.5107566118240356,0.5439649224281311,0.5356142520904541,0.5425041317939758,0.6065725088119507,0.6206099390983582,0.6922729015350342,0.7053524255752563,0.7085678577423096,0.7199169397354126,0.7011585831642151,0.724917471408844,-0.1418071091175079,-0.1340715438127517,-0.1341068744659423,-0.1341085731983184,-0.1554620414972305,-0.1554971635341644,-0.155595064163208,-0.0768115818500518,-0.1695955693721771,-0.1170491203665733,-0.1437361240386963,0.0057869581505656,-0.1995777189731598,0.0462696366012096,-0.2205843925476074,0.0117012159898877,-0.2068802416324615,0.006329515017569,-0.2274543941020965,-0.0116087403148412,-0.2234441339969635,0.0021917801350355,-0.2052443027496338,0.0510948002338409,-0.0510803647339344,0.1154792085289955,4.184987483313307e-05,0.2037554234266281,0.1182741746306419,0.20828378200531,0.1264781951904297,0.1733655482530594,0.051489233970642,Walk-From-Chair
121,0.9334290623664856,0.8515971302986145,0.8484681844711304,0.8409090638160706,0.8821408152580261,0.8865054249763489,0.8867751955986023,0.7266073226928711,0.8807321190834045,0.904390037059784,0.9411250352859496,0.9954882860183716,0.9998078942298888,0.0580953322350978,0.9795132875442504,0.1105437725782394,0.9490476846694946,0.1253777593374252,0.9171128869056702,0.1363142132759094,0.9135000109672546,0.1327871233224868,0.8751029968261719,0.9961992502212524,0.9977615475654602,0.6073305606842041,0.9191103577613832,0.7515100836753845,0.93852561712265,0.7629836201667786,0.8128634691238403,0.8683898448944092,0.9359036087989808,0.2540851235389709,0.2549419105052948,0.2544396519660949,0.2539756298065185,0.2550070881843567,0.254644900560379,0.2545224726200104,0.2485757768154144,0.2437058389186859,0.2538257539272308,0.2543620765209198,0.2558352649211883,0.2289889603853225,0.2606740593910217,0.2312339097261428,0.2759926915168762,0.2517473697662353,0.2810867726802826,0.254246175289154,0.2840558886528015,0.2599179148674011,0.2812538146972656,0.2589271962642669,0.2639864683151245,0.2470404207706451,0.2797421216964721,0.2474926263093948,0.2974246740341186,0.243290826678276,0.2926897704601288,0.2341907024383545,0.3256864845752716,0.2629769444465637,0.3757010698318481,0.372465580701828,0.3720374405384063,0.3716068267822265,0.3733981847763061,0.3735024333000183,0.373578131198883,0.372666448354721,0.3756762444972992,0.383824735879898,0.3840937912464142,0.4106106460094452,0.4115926623344421,0.4731552302837372,0.4775299727916717,0.5100429058074951,0.5335882306098938,0.5217646956443787,0.5512454509735107,0.5188341736793518,0.5493252873420715,0.5136653780937195,0.5416965484619141,0.5407886505126953,0.543038010597229,0.606976330280304,0.6206192374229431,0.6920813918113708,0.7057977318763733,0.7090618014335632,0.7208359241485596,0.7002884745597839,0.7247631549835205,-0.0837815999984741,-0.0821046978235244,-0.0821554511785507,-0.0821757242083549,-0.0969964414834976,-0.0970303192734718,-0.0971965342760086,-0.0453152321279048,-0.1116701960563659,-0.0655362233519554,-0.0847405046224594,0.0197004117071628,-0.1321387887001037,0.0494198650121688,-0.1418812721967697,0.00156837166287,-0.14890718460083,-0.0062636956572532,-0.1679394543170929,-0.0255179442465305,-0.1729017347097396,-0.0087546408176422,-0.1507910937070846,0.0494015961885452,-0.0493889302015304,0.0900136604905128,-0.0028375082183629,0.171413168311119,0.1072136163711547,0.1761201173067093,0.1146823540329933,0.1259504109621048,0.0481824688613414,Walk-From-Chair
122,0.9395864009857178,0.8650516271591187,0.8619769215583801,0.8553507328033447,0.8930953741073608,0.8970624804496765,0.8974124789237976,0.7490823864936829,0.891939103603363,0.9127569794654846,0.9465417861938475,0.9956801533699036,0.999820113182068,0.0569968298077583,0.9800034165382384,0.1080748289823532,0.9506770968437196,0.1225520595908165,0.9194098114967346,0.1330746859312057,0.9158020615577698,0.1300741881132125,0.8768838047981262,0.9964157342910768,0.997858226299286,0.6121293902397156,0.9231134653091432,0.7624243497848511,0.94165700674057,0.7712944746017456,0.8176565766334534,0.8744495511054993,0.9384784698486328,0.2712679207324981,0.2688944935798645,0.2685417532920837,0.2680740356445312,0.2673961222171783,0.2658047378063202,0.2639127969741821,0.259747564792633,0.2532233595848083,0.2693283557891845,0.2674256861209869,0.2582895755767822,0.2338956296443939,0.2624452710151672,0.2362084835767746,0.2766897976398468,0.2616717219352722,0.281538188457489,0.2647043168544769,0.2836137413978576,0.2695485055446625,0.2809973359107971,0.2685243189334869,0.2656149268150329,0.2512434422969818,0.2816010117530823,0.2493240386247635,0.3002132475376129,0.2432397603988647,0.2939110994338989,0.2326407730579376,0.3322091698646545,0.2650019228458404,0.365483671426773,0.3567359745502472,0.3561788499355316,0.3555851578712463,0.3576639890670776,0.3576172590255737,0.3576545715332031,0.3586786687374115,0.3605119884014129,0.3740882873535156,0.3746929764747619,0.4035884141921997,0.4071501791477203,0.4712896347045898,0.4775902330875397,0.5167769193649292,0.5341129302978516,0.5321505069732666,0.5522404313087463,0.5292465090751648,0.5505411028862,0.5238609910011292,0.5427131056785583,0.5402790904045105,0.5429543852806091,0.6076366901397705,0.6213542222976685,0.6919471025466919,0.7060951590538025,0.7096331119537354,0.7215749025344849,0.699489951133728,0.7239183783531189,-0.1335489153861999,-0.1275343596935272,-0.1275237798690796,-0.1274962425231933,-0.1576710641384124,-0.1577222645282745,-0.1578119099140167,-0.0824909135699272,-0.1977431029081344,-0.1137478500604629,-0.15119369328022,-0.005555332172662,-0.2242744714021682,0.0320481918752193,-0.251882255077362,-0.0019824630580842,-0.2504385709762573,-0.0123607087880373,-0.2774032354354858,-0.0317236334085464,-0.2774189710617065,-0.0132682947441935,-0.2499891221523285,0.0576211735606193,-0.0576803311705589,0.1399787813425064,0.0223226360976696,0.2556388676166534,0.1679115146398544,0.2641881108283996,0.1791920214891433,0.2191218584775924,0.1180305853486061,Walk-From-Chair
123,0.9412385821342468,0.8701551556587219,0.8673695921897888,0.8613068461418152,0.89720618724823,0.9008155465126038,0.901375412940979,0.7575575113296509,0.892408549785614,0.910205602645874,0.9416454434394836,0.9958209991455078,0.9998047947883606,0.0550830103456974,0.9727408289909364,0.1005093529820442,0.9199093580245972,0.1142684966325759,0.8839610815048218,0.1237916275858879,0.8783958554267883,0.121059350669384,0.8365446329116821,0.9967279434204102,0.9980232119560242,0.6086039543151855,0.9262542128562928,0.772517740726471,0.9450587034225464,0.7829097509384155,0.8312200307846069,0.8715404272079468,0.9393391013145448,0.2665712535381317,0.2618748545646667,0.2598221004009247,0.2579393982887268,0.2642353177070617,0.2611694037914276,0.2594725489616394,0.2534731924533844,0.2545787692070007,0.2640506625175476,0.2638786733150482,0.2365077435970306,0.2602123618125915,0.2409758269786834,0.2681759297847748,0.264015793800354,0.2701498866081238,0.2696319818496704,0.2725346088409424,0.27423757314682,0.2736485302448272,0.2730290293693542,0.2727455496788025,0.2539023160934448,0.2633733749389648,0.2652051746845245,0.2594104409217834,0.2761658430099487,0.2731903791427612,0.2742174863815307,0.2692267596721649,0.2926875650882721,0.2966872453689575,0.3924573063850403,0.3849104344844818,0.384491503238678,0.3840992152690887,0.38562873005867,0.3855869174003601,0.3855531811714172,0.3845615088939667,0.3862948715686798,0.3971023559570312,0.3977683186531067,0.4165920317173004,0.4128631055355072,0.4761182367801666,0.4810332357883453,0.516657829284668,0.5309941172599792,0.5283243060112,0.5488342642784119,0.5266030430793762,0.546812891960144,0.5221645832061768,0.5392923951148987,0.5445511937141418,0.5434658527374268,0.6089445352554321,0.6177637577056885,0.7003527879714966,0.7068315744400024,0.718464732170105,0.7246679663658142,0.7040972113609314,0.7172338366508484,0.0599852092564106,0.0527364835143089,0.0527260713279247,0.0527311451733112,0.0408897027373313,0.0408708341419696,0.0407304540276527,0.0334514714777469,-0.017028147354722,0.0577929131686687,0.0430474206805229,0.067907802760601,-0.0835019499063491,0.1055008023977279,-0.0815610513091087,0.1223152130842208,-0.0298994425684213,0.1280872672796249,-0.0339003056287765,0.1196704134345054,-0.0342942662537097,0.1179005652666091,-0.0283744689077138,0.0570537857711315,-0.0570476651191711,0.0742545649409294,0.0218027681112289,0.1126976013183593,0.0836865156888961,0.1155114620923996,0.0887251645326614,0.0900465995073318,0.0597478672862052,Walk-From-Chair
124,0.9466581344604492,0.8817289471626282,0.8789798617362976,0.8737090229988098,0.9065594673156738,0.9098362326622008,0.9104113578796388,0.7768183946609497,0.9022104740142822,0.9181768298149108,0.9470291137695312,0.9960715770721436,0.9998166561126708,0.0575023628771305,0.9731659293174744,0.1056272163987159,0.9234941601753236,0.1187852323055267,0.8884729146957397,0.1285526007413864,0.8830308318138123,0.1259213089942932,0.8406080603599548,0.9969351887702942,0.9981112480163574,0.6100305914878845,0.9293197989463806,0.7810342907905579,0.9474864602088928,0.7897111177444458,0.8341748118400574,0.8771435022354126,0.9415474534034728,0.2798944115638733,0.2761264443397522,0.2755358219146728,0.2748531103134155,0.2748928368091583,0.2728393375873565,0.2707383036613464,0.2663635611534118,0.2606802582740783,0.2778018116950989,0.2756550312042236,0.2600004971027374,0.2470422983169555,0.2668455243110657,0.2516544461250305,0.2817527651786804,0.2710406184196472,0.2867321372032165,0.2733069956302643,0.2874825000762939,0.2773885428905487,0.2807067036628723,0.276919960975647,0.2661207020282745,0.2591546475887298,0.2794568836688995,0.2566457092761993,0.2975111901760101,0.2577948570251465,0.2910277545452118,0.2443510740995407,0.3278189301490783,0.2922547459602356,0.3670429587364197,0.3580230176448822,0.3576438128948211,0.3572563529014587,0.3584265410900116,0.3582894206047058,0.3582917749881744,0.3613160848617553,0.3626220524311065,0.3754042387008667,0.3764698207378387,0.4093955457210541,0.4077747166156769,0.4742190241813659,0.4804424941539764,0.5214704275131226,0.5325558185577393,0.5375739336013794,0.5493876934051514,0.5352550148963928,0.5472689270973206,0.5265645384788513,0.539459764957428,0.5443562269210815,0.5428276658058167,0.6098747849464417,0.6181227564811707,0.6962893605232239,0.7068288922309875,0.7163869142532349,0.7246436476707458,0.7041866183280945,0.7176174521446228,-0.1168249398469924,-0.1086335331201553,-0.1086470037698745,-0.1086316853761673,-0.1342749297618866,-0.1343083083629608,-0.1343845725059509,-0.0585313849151134,-0.1698669791221618,-0.0940238088369369,-0.1274373084306717,0.0142475934699177,-0.2026708126068115,0.0522798486053943,-0.2281275689601898,0.0399443879723548,-0.2234855890274047,0.0382704325020313,-0.2499229162931442,0.0230505280196666,-0.2514417171478271,0.0323300771415233,-0.2235605716705322,0.0595952868461608,-0.0596375651657581,0.1352630257606506,0.0239711962640285,0.2436462938785553,0.1576814502477646,0.2517585456371307,0.1688150763511657,0.2096422612667083,0.1129647046327591,Walk-From-Chair
125,0.9500271081924438,0.8876269459724426,0.8842902183532715,0.8794968724250793,0.9116020798683168,0.9146915078163148,0.9153885841369628,0.7744389772415161,0.9076658487319946,0.9221989512443542,0.9504387378692628,0.9961487054824828,0.9998207688331604,0.0607285425066947,0.9732745289802552,0.1124980375170707,0.9252298474311828,0.1258836984634399,0.8904105424880981,0.136272981762886,0.8850278854370117,0.1334332227706909,0.8417207598686218,0.9970325827598572,0.9981641173362732,0.6264892816543579,0.9344838857650756,0.7958468794822693,0.9514753222465516,0.8026400804519653,0.8413135409355164,0.8845024704933167,0.9454155564308168,0.276344895362854,0.2753403782844543,0.2758202850818634,0.2761327028274536,0.2730618417263031,0.2705180048942566,0.269074946641922,0.2717623114585876,0.2624437212944031,0.2762331962585449,0.2730055451393127,0.2716551423072815,0.2422370463609695,0.2801991105079651,0.2482754439115524,0.2949820160865783,0.2698489129543304,0.2966872155666351,0.2718296349048614,0.2965981364250183,0.2787329256534576,0.2971218824386596,0.2780714035034179,0.2739304900169372,0.2577705979347229,0.2865795195102691,0.2558631598949432,0.3025486469268799,0.2504684627056122,0.2944601774215698,0.2371600568294525,0.3352541625499725,0.2798956036567688,0.3645730912685394,0.3532847464084625,0.3536624014377594,0.3542369604110718,0.3528253734111786,0.3533273935317993,0.3538830876350403,0.3600161373615265,0.3605031073093414,0.3747918903827667,0.3756875395774841,0.4090205430984497,0.4077159464359283,0.4727981686592102,0.4781462550163269,0.5206776857376099,0.5311921238899231,0.5358200073242188,0.5489959716796875,0.5334548354148865,0.5458076596260071,0.528354823589325,0.53868168592453,0.5405837297439575,0.5417472124099731,0.609157919883728,0.6181671023368835,0.694810152053833,0.707000195980072,0.7155687212944031,0.7245323061943054,0.7043622136116028,0.7187113165855408,-0.1412230432033538,-0.1330598890781402,-0.1330907195806503,-0.1330881714820861,-0.1508425176143646,-0.1508708298206329,-0.1509733200073242,-0.0665884837508201,-0.157547116279602,-0.1128680929541587,-0.1368227303028106,0.0139923244714736,-0.1663888245820999,0.0527087226510047,-0.1804237514734268,0.0037896304856985,-0.1996385157108307,-0.0063568674959242,-0.2250753939151764,-0.0296593699604272,-0.2305512726306915,-0.0080549642443656,-0.2010091990232467,0.0592320039868354,-0.0592448636889457,0.1085352897644043,-0.0149904806166887,0.2017976343631744,0.0937786102294921,0.2072533369064331,0.1007846444845199,0.1555372774600982,0.0305422637611627,Walk-From-Chair
126,0.9548108577728271,0.8982436656951904,0.8951113224029541,0.8908231854438782,0.9200615882873536,0.9228719472885132,0.9235252737998962,0.7943807244300842,0.916570782661438,0.9294405579566956,0.9551690220832824,0.9963687062263488,0.9998338222503662,0.0607600212097168,0.974732518196106,0.114036276936531,0.929418444633484,0.1272525191307068,0.8956598043441772,0.1378157436847686,0.8905081748962402,0.1352700591087341,0.8476225733757019,0.9972275495529176,0.9982756972312928,0.6406561732292175,0.9391536116600036,0.8092817068099976,0.9550210237503052,0.8144544959068298,0.8480631113052368,0.8924930095672607,0.9489983320236206,0.2861181497573852,0.2833446860313415,0.2833033204078674,0.2831420600414276,0.2807878255844116,0.278604120016098,0.2762962877750397,0.2755458056926727,0.2667703628540039,0.28474822640419,0.2813987731933594,0.2753022015094757,0.2467277348041534,0.2813865542411804,0.2511999905109405,0.2973427772521972,0.2745197117328644,0.3014624416828155,0.2777188718318939,0.3025194704532623,0.2829114496707916,0.3001983165740967,0.2831632196903229,0.2818403244018554,0.262823075056076,0.2911115288734436,0.2563032507896423,0.30228191614151,0.2468266934156417,0.2948911786079407,0.2340926676988601,0.3381619155406952,0.2782691121101379,0.3600182831287384,0.3488578200340271,0.3486411273479461,0.3484707176685333,0.3493609726428985,0.3497190773487091,0.3501466512680053,0.3534626364707947,0.3552713096141815,0.3691746890544891,0.3700782358646393,0.4031292200088501,0.4061920940876007,0.4663580060005188,0.4782357513904571,0.5198094844818115,0.5333079099655151,0.5345761775970459,0.5506582856178284,0.5323845744132996,0.546357274055481,0.5274989604949951,0.5393809080123901,0.5399675369262695,0.5417326092720032,0.6102294921875,0.6190755367279053,0.6942652463912964,0.7070473432540894,0.7143654227256775,0.7245346903800964,0.7045643925666809,0.7216788530349731,-0.1615360677242279,-0.1529583036899566,-0.152976781129837,-0.1529657244682312,-0.1750231087207794,-0.1750579923391342,-0.1751345694065094,-0.0889445170760154,-0.1915337741374969,-0.1341997534036636,-0.1634727418422699,-0.0044336873106658,-0.213515043258667,0.0397237166762352,-0.2399252951145172,-0.0027540889568626,-0.2492787837982177,-0.0106176398694515,-0.2768135964870453,-0.0314636379480361,-0.2798049449920654,-0.0137357581406831,-0.2502538859844208,0.0598280504345893,-0.0598674826323986,0.1479431241750717,0.0233038403093814,0.265375554561615,0.1721179038286209,0.2740769982337951,0.1837780326604843,0.2273582518100738,0.120389737188816,Walk-From-Chair
127,0.9578508734703064,0.9043974876403807,0.9007670283317566,0.896503746509552,0.9252606630325316,0.9279795289039612,0.9287140965461732,0.7941125631332397,0.9223270416259766,0.9325059652328492,0.9579706192016602,0.9964085817337036,0.9998363852500916,0.0639635175466537,0.9752312302589417,0.119787186384201,0.9306105971336364,0.1329785138368606,0.8964938521385193,0.1439979970455169,0.8913946747779846,0.1406552195549011,0.8474103808403015,0.9972620606422424,0.9983041882514954,0.6525337100028992,0.943104326725006,0.820476770401001,0.9580594301223756,0.8237959742546082,0.8515398502349854,0.8974106907844543,0.9518763422966005,0.282699316740036,0.2807073891162872,0.282712459564209,0.2830813229084015,0.2781939208507538,0.2747794985771179,0.2731008231639862,0.27802175283432,0.2639448046684265,0.282816469669342,0.2792537808418274,0.2827315628528595,0.2465194016695022,0.2916653454303741,0.2505054473876953,0.3010836243629455,0.2722775340080261,0.3047458529472351,0.2743456065654754,0.3053371012210846,0.2821685075759887,0.3024150133132934,0.2817223966121673,0.2863640189170837,0.2637506127357483,0.2947248816490173,0.2580246031284332,0.3031896650791168,0.2452928572893142,0.2972113490104675,0.2322315722703933,0.3356806337833404,0.2744723260402679,0.3614376187324524,0.3507630527019501,0.3505429923534393,0.3512943387031555,0.3506045937538147,0.3521386682987213,0.3531690239906311,0.3579346239566803,0.3647212088108063,0.3715580701828003,0.372105211019516,0.4067650437355041,0.4065881967544555,0.467635840177536,0.4769437611103058,0.5192183256149292,0.5326133966445923,0.5343471765518188,0.5507023334503174,0.5321246981620789,0.5468242168426514,0.5270650386810303,0.5398373007774353,0.5396318435668945,0.5402494072914124,0.6093758940696716,0.6191059947013855,0.6942378282546997,0.7070295214653015,0.7137452960014343,0.7243568301200867,0.70509934425354,0.722804844379425,-0.1682400852441787,-0.1591574698686599,-0.1591910868883133,-0.1591979265213012,-0.1744659394025802,-0.1744977384805679,-0.1745939999818802,-0.0862904265522956,-0.1606211513280868,-0.1368308514356613,-0.1576354205608368,0.0066312290728092,-0.1581027209758758,0.0510321483016014,-0.1711357235908508,-0.006711593363434,-0.2096612453460693,-0.0177487879991531,-0.2371663600206375,-0.0405299253761768,-0.2441238611936569,-0.0182715710252523,-0.2116414010524749,0.0557645484805107,-0.0557314753532409,0.1003817915916442,-0.0318901911377906,0.1870490610599517,0.0632170513272285,0.1916113495826721,0.0687855556607246,0.1354885250329971,-0.0073350211605429,Walk-From-Chair
128,0.9619703888893129,0.9136896133422852,0.9103350043296814,0.9064911007881165,0.9325721859931946,0.9350299835205078,0.9357017278671264,0.813179612159729,0.9299595355987548,0.9389460682868958,0.9620514512062072,0.9966498017311096,0.9998490810394288,0.0645869895815849,0.97673362493515,0.1258392184972763,0.9341309070587158,0.1385137736797332,0.9005417823791504,0.1499465107917785,0.8956222534179688,0.1460006088018417,0.852118968963623,0.9974275827407836,0.9983999729156494,0.6688025593757629,0.9475238919258118,0.8322831988334656,0.9611158967018129,0.8342086672782898,0.8572632074356079,0.9042658805847168,0.9550285935401917,0.2916142046451568,0.2892415225505829,0.2897859513759613,0.2899711728096008,0.2859127819538116,0.2832923531532287,0.2805040180683136,0.283418595790863,0.2707338333129883,0.2915195822715759,0.28751340508461,0.2836160063743591,0.2539891600608825,0.2908880710601806,0.2551384568214416,0.3048986196517944,0.2780453264713287,0.3069400489330292,0.281631588935852,0.3113206028938293,0.287500649690628,0.3081432282924652,0.2868880033493042,0.2901981472969055,0.2707875370979309,0.2981525063514709,0.2608897089958191,0.3036258220672607,0.2449021637439727,0.2975916266441345,0.2318660914897918,0.337246298789978,0.2737643122673034,0.3587473034858703,0.3484108746051788,0.3480354249477386,0.348035991191864,0.348972350358963,0.3498927652835846,0.3506020009517669,0.3524418771266937,0.357183426618576,0.3677849769592285,0.3687755763530731,0.4026911556720733,0.4036505818367004,0.463792473077774,0.4767493903636932,0.5160203576087952,0.5344926118850708,0.5317978858947754,0.551691472530365,0.5293333530426025,0.5470455884933472,0.5241778492927551,0.5406932830810547,0.5393700003623962,0.5404713153839111,0.6101228594779968,0.6201505661010742,0.6942213177680969,0.7066529393196106,0.7135064005851746,0.7239382266998291,0.7062941789627075,0.7237175107002258,-0.1896151751279831,-0.1785622984170913,-0.178578108549118,-0.1785679757595062,-0.1988245993852615,-0.1988623887300491,-0.1989330947399139,-0.1011829823255539,-0.1940717548131942,-0.157316654920578,-0.1841949969530105,-0.000620461651124,-0.2085471451282501,0.0470575764775276,-0.2323059737682342,-0.0082310941070318,-0.2534086108207702,-0.0179607477039098,-0.282811164855957,-0.0403776504099369,-0.2868679463863373,-0.0200230497866868,-0.2550008893013,0.0594343841075897,-0.0594430454075336,0.1471212208271026,0.0029328097589313,0.2663493752479553,0.1447051167488098,0.274950236082077,0.1553884744644165,0.2266207039356231,0.0858854055404663,Walk-From-Chair
129,0.9657105803489684,0.9221667647361756,0.9190880656242372,0.915590763092041,0.9392259120941162,0.9414479732513428,0.942057967185974,0.8306263089179993,0.936899185180664,0.944794535636902,0.965767502784729,0.9967966079711914,0.9998610019683838,0.0651366934180259,0.9785807132720948,0.1336348205804824,0.939081072807312,0.1456142365932464,0.9070567488670348,0.1575490534305572,0.9025185108184814,0.1528363078832626,0.86106938123703,0.9975571036338806,0.9984886646270752,0.6837431192398071,0.951481819152832,0.8428124189376831,0.963961899280548,0.843144953250885,0.8619588017463684,0.9100338220596312,0.957981824874878,0.2946707606315613,0.294472724199295,0.2951980233192444,0.2957541346549988,0.2906714677810669,0.2885180115699768,0.2860915660858154,0.2917776703834533,0.2787215411663055,0.2946205735206604,0.2899820208549499,0.2914152145385742,0.2554647922515869,0.2962271571159363,0.2565671503543854,0.3060839474201202,0.2753593325614929,0.3094666600227356,0.277646005153656,0.3115268349647522,0.2846457362174988,0.3086355328559875,0.2856578528881073,0.2933726906776428,0.2739052176475525,0.2993650734424591,0.264725387096405,0.3041951060295105,0.2444362193346023,0.2984025180339813,0.2309365719556808,0.3372701108455658,0.2720100581645965,0.356564998626709,0.3470066487789154,0.3467965126037597,0.3467422425746918,0.3470199704170227,0.3472072184085846,0.3472696244716644,0.3496184051036834,0.3504845798015594,0.3647883534431457,0.3648628890514374,0.4012536704540252,0.3998009264469147,0.4631142914295196,0.472737044095993,0.5159810185432434,0.5348312854766846,0.5321219563484192,0.5521106123924255,0.5297107100486755,0.5473364591598511,0.5243310332298279,0.5411038994789124,0.5366281867027283,0.5384249091148376,0.6100119948387146,0.6201477646827698,0.6945191025733948,0.7058899998664856,0.7138225436210632,0.7225456833839417,0.7072048783302307,0.7243682146072388,-0.1821570098400116,-0.1686845123767852,-0.1686985194683075,-0.1686797738075256,-0.1876838952302932,-0.1877155750989914,-0.1877780854701995,-0.0997418910264968,-0.1910604536533355,-0.1486259847879409,-0.1738674342632293,0.0133921904489398,-0.1892264038324356,0.0542798712849617,-0.2134430408477783,-0.0097941141575574,-0.2372355461120605,-0.020443620160222,-0.2647318542003631,-0.0430441573262214,-0.2681109309196472,-0.0218134969472885,-0.2383137494325637,0.059940792620182,-0.0599616877734661,0.1377206742763519,-0.0050679268315434,0.2505677044391632,0.113413967192173,0.2599170804023742,0.121115542948246,0.2150915116071701,0.0495955981314182,Walk-From-Chair
130,0.9688377976417542,0.9291746020317078,0.926216185092926,0.9231199622154236,0.9447999000549316,0.9468591809272766,0.947451114654541,0.8437743186950684,0.9428472518920898,0.9495020508766174,0.9688630700111388,0.9968961477279664,0.999867856502533,0.0632714107632637,0.9795969724655152,0.130528375506401,0.9416627287864684,0.1424184441566467,0.9099745154380798,0.1539385914802551,0.9055250883102416,0.149646520614624,0.8637551069259644,0.9976561665534972,0.9985353350639344,0.6883907318115234,0.9544025659561156,0.8484796285629272,0.965772271156311,0.846649169921875,0.8629544973373413,0.913277506828308,0.9597281217575072,0.299210250377655,0.2963764667510986,0.2965671718120575,0.2966579794883728,0.2931665182113647,0.2909151017665863,0.288271427154541,0.2900242507457733,0.2797183394432068,0.2986355423927307,0.2949715256690979,0.289487361907959,0.2621265649795532,0.2927794754505157,0.2603174746036529,0.3038051724433899,0.2810930609703064,0.3059854507446289,0.2830241918563843,0.3073223829269409,0.2896817326545715,0.3052999377250671,0.2894396185874939,0.2949788272380829,0.2781344354152679,0.3004197180271148,0.2683528661727905,0.3054661750793457,0.2441870421171188,0.2988168597221374,0.2310899943113327,0.339538425207138,0.2725065052509308,0.3524129688739776,0.3425940871238708,0.3422347009181976,0.3419146537780761,0.3433472216129303,0.3436985909938812,0.3440936207771301,0.345760703086853,0.3482125997543335,0.3607890009880066,0.3617936074733734,0.3983084857463836,0.3985936343669891,0.4628969132900238,0.4721302092075348,0.5167329907417297,0.535080075263977,0.532846987247467,0.5523409247398376,0.5307537317276001,0.5479358434677124,0.5245009660720825,0.5416030287742615,0.5362894535064697,0.5382035970687866,0.6102355122566223,0.6199181079864502,0.6943991184234619,0.7055463790893555,0.7137253880500793,0.7203139662742615,0.7075029015541077,0.7247217893600464,-0.1827165931463241,-0.1708198487758636,-0.1708402931690216,-0.1708308458328247,-0.1940622180700302,-0.1941095888614654,-0.1941983997821808,-0.0989739671349525,-0.2059204280376434,-0.1519171297550201,-0.1827620714902877,0.0033905413001775,-0.2269781827926635,0.049440823495388,-0.2528474032878876,-0.0093836551532149,-0.2640645802021026,-0.0178649388253688,-0.2928466498851776,-0.041410245001316,-0.2949830889701843,-0.0214470438659191,-0.2645779252052307,0.0643891021609306,-0.0644284710288047,0.1514754593372345,-0.0037065558135509,0.2754231691360473,0.1193518191576004,0.2843260169029236,0.1275040805339813,0.2371114194393158,0.0590182915329933,Walk-From-Chair
131,0.9719328284263612,0.9362037181854248,0.9335139393806458,0.930704653263092,0.9502923488616944,0.9521502256393432,0.9526851773262024,0.8588129281997681,0.9485438466072084,0.9544110894203186,0.9719412326812744,0.9970291256904602,0.9998790621757508,0.0622327625751495,0.9812111854553224,0.1313044875860214,0.9459304809570312,0.1426285058259964,0.9154601097106934,0.154032364487648,0.9113441109657288,0.1492704898118972,0.8712378144264221,0.9978069067001344,0.9986446499824524,0.7010961771011353,0.958055019378662,0.858009397983551,0.9683462381362916,0.8534467816352844,0.8675416111946106,0.9180906414985656,0.9625758528709412,0.2995315492153168,0.2984604835510254,0.2991051077842712,0.2996586859226227,0.2946009039878845,0.2924498319625854,0.2899743318557739,0.2955438494682312,0.2825111746788025,0.2995892465114593,0.2953960597515106,0.2953137755393982,0.2614067196846008,0.2968332171440124,0.2618350088596344,0.307507574558258,0.2802160382270813,0.3071626722812652,0.2819422483444214,0.3120085597038269,0.2907381653785705,0.3096016049385071,0.2902275025844574,0.2979864776134491,0.2792221009731293,0.3036941885948181,0.27216237783432,0.3066413104534149,0.2441861629486084,0.2989837825298309,0.2310635596513748,0.3403489887714386,0.2722684741020202,0.3521214127540588,0.3426095843315124,0.3424235880374908,0.342254638671875,0.3427501916885376,0.3427854776382446,0.3428464531898498,0.3457379341125488,0.346066951751709,0.3606429398059845,0.3609980642795563,0.3984104692935943,0.3989169001579284,0.463361531496048,0.4721962511539459,0.5163435339927673,0.5346525311470032,0.5330097079277039,0.5520437359809875,0.5306894779205322,0.5480034947395325,0.5243143439292908,0.5420399308204651,0.5329042673110962,0.5355135202407837,0.6099854707717896,0.6183574795722961,0.6941879391670227,0.7032672166824341,0.7136595249176025,0.7155425548553467,0.707511305809021,0.7249162793159485,-0.2080619037151336,-0.1924441754817962,-0.1924487650394439,-0.1924312114715576,-0.2115515172481537,-0.2115988731384277,-0.2116568982601165,-0.1034541875123977,-0.1940108686685562,-0.172156736254692,-0.197439044713974,0.0043558962643146,-0.2108040750026703,0.0496524833142757,-0.2337124794721603,-0.0106106679886579,-0.2521307170391083,-0.0194146372377872,-0.2798886001110077,-0.0413437485694885,-0.2826027274131775,-0.0222633890807628,-0.2525856792926788,0.0642992258071899,-0.0643571019172668,0.1440533697605133,-0.0406748950481414,0.2624630331993103,0.0589487962424755,0.266115128993988,0.0651561170816421,0.2199752777814865,-0.0050652287900447,Walk-From-Chair
132,0.974511981010437,0.9419633746147156,0.9393893480300904,0.9369601011276244,0.9548839926719666,0.9566063284873962,0.957125961780548,0.8701366782188416,0.9534351229667664,0.958423376083374,0.974534034729004,0.9971848726272584,0.9998875856399536,0.0618181675672531,0.98211669921875,0.1296718269586563,0.9487705230712892,0.1411653459072113,0.91921865940094,0.1521620601415634,0.9152194857597352,0.147912248969078,0.8753228187561035,0.9978784918785096,0.9986775517463684,0.6933010816574097,0.9597966074943542,0.8562227487564087,0.9689604043960572,0.8493757843971252,0.8672345280647278,0.916500985622406,0.9629214406013488,0.3043821454048157,0.3015643060207367,0.3016437292098999,0.3016367256641388,0.2987372577190399,0.2966956496238708,0.2943708300590515,0.2949270606040954,0.2856356501579284,0.3037048876285553,0.3004506826400757,0.2923274636268616,0.2678928673267364,0.2963262796401977,0.2645455300807953,0.3075252771377563,0.2839757204055786,0.309214174747467,0.2859601676464081,0.3120538592338562,0.2943180501461029,0.3098038733005523,0.2939821481704712,0.2981557548046112,0.2842516303062439,0.3048732876777649,0.2814006209373474,0.3068934381008148,0.2464980781078338,0.2996152937412262,0.232243612408638,0.3400607407093048,0.2744572460651397,0.3502847552299499,0.3408512473106384,0.3405363857746124,0.3402299880981445,0.3413622081279754,0.3415312170982361,0.3417975306510925,0.3439461588859558,0.3457876741886139,0.3586587607860565,0.3595958948135376,0.3934661149978637,0.394277274608612,0.4603374898433685,0.4699518978595733,0.5161667466163635,0.5347560048103333,0.5327920317649841,0.5515543818473816,0.5305746793746948,0.5479631423950195,0.5242961049079895,0.5421594381332397,0.5280784368515015,0.5300559997558594,0.6095148324966431,0.6160544157028198,0.6930420398712158,0.6998658776283264,0.7125855088233948,0.7098979949951172,0.707477331161499,0.7248004674911499,-0.172211617231369,-0.1608266532421112,-0.1608354151248932,-0.1608239710330963,-0.1902480721473693,-0.1903120875358581,-0.1903932094573974,-0.0940606147050857,-0.1976185142993927,-0.1444891691207885,-0.1874666064977646,0.0061270846053957,-0.2255761921405792,0.0531860217452049,-0.2517511248588562,0.0113722179085016,-0.2574451565742492,0.0075784502550959,-0.284830242395401,-0.0134358461946249,-0.2855117619037628,0.0005700555047951,-0.2569967210292816,0.0681020021438598,-0.0681613832712173,0.1420847773551941,-0.0366598293185234,0.2549816966056824,0.0671493560075759,0.2615859806537628,0.0739867389202117,0.2176145762205124,0.008737844415009,Walk-From-Chair
133,0.9770475029945374,0.9477277398109436,0.945392608642578,0.9431920051574708,0.9593755602836608,0.960928738117218,0.9613968133926392,0.8827686905860901,0.958078682422638,0.9625118970870972,0.9770613312721252,0.9973723888397216,0.9998976588249208,0.0639413297176361,0.9836146235466005,0.1347997486591339,0.9522653818130492,0.1448560208082199,0.92369544506073,0.1560458242893219,0.9200469255447388,0.1513352990150451,0.8820035457611084,0.9980096817016602,0.9987803101539612,0.7026327252388,0.9629698395729064,0.8636922240257263,0.9712083339691162,0.8545688390731812,0.8731014132499695,0.9197142124176024,0.965391218662262,0.3047191500663757,0.303242564201355,0.3038567304611206,0.3044069111347198,0.2992879450321197,0.2970629334449768,0.2945116758346557,0.3001701235771179,0.2860994338989258,0.305119127035141,0.3003552258014679,0.3024637401103973,0.2647725045681,0.305713802576065,0.2653389573097229,0.3153873085975647,0.284606009721756,0.3177967667579651,0.2869864106178283,0.3190363049507141,0.2946162819862366,0.3167070150375366,0.2943041920661926,0.3044866621494293,0.2848298251628876,0.3049817085266113,0.2883664667606354,0.3065221011638641,0.2486850470304489,0.2987259030342102,0.2352127730846405,0.3399645090103149,0.2756222486495971,0.3504581451416015,0.341305673122406,0.3410538136959076,0.3407964408397674,0.3415929973125458,0.3416763842105865,0.3418647348880768,0.3441703915596008,0.3456473052501678,0.3589943945407867,0.3597404360771179,0.3941861093044281,0.3950298726558685,0.4605962336063385,0.470323234796524,0.5161539316177368,0.5348736643791199,0.5325039625167847,0.551697313785553,0.5304189324378967,0.5485532879829407,0.5242776274681091,0.5426403880119324,0.5262351036071777,0.5283234715461731,0.6094381809234619,0.6139395833015442,0.6926384568214417,0.6967079043388367,0.7119368314743042,0.7049463987350464,0.7074406147003174,0.7244710326194763,-0.1916816383600235,-0.1770408749580383,-0.1770434230566024,-0.1770280748605728,-0.1968819499015808,-0.1969268769025802,-0.1969724297523498,-0.0933517664670944,-0.1854447722434997,-0.1572280079126358,-0.1846550405025482,0.0108978664502501,-0.197423905134201,0.0554790496826171,-0.2142709493637085,0.0101699801161885,-0.23951256275177,0.0047221910208463,-0.2658179700374603,-0.0183603055775165,-0.2695562839508056,0.0001819268509279,-0.2400953322649002,0.0667787194252014,-0.0668296962976455,0.1354303956031799,-0.0545065812766552,0.2425820082426071,0.0317326299846172,0.2487173080444336,0.0367639437317848,0.2046833932399749,-0.0316900834441185,Walk-From-Chair
134,0.979211688041687,0.9525963068008424,0.9503825902938844,0.9484399557113647,0.9632471799850464,0.9646720886230468,0.965114951133728,0.8925917744636536,0.962148666381836,0.96586012840271,0.9792225956916808,0.997516393661499,0.9999049305915833,0.063610702753067,0.9848002791404724,0.1347063183784485,0.9556280970573424,0.1450188755989074,0.928402543067932,0.155809223651886,0.9249876737594604,0.1513638496398925,0.8882566690444946,0.99808007478714,0.9988096356391908,0.6958573460578918,0.9644210338592528,0.8611901998519897,0.9720896482467652,0.8503670692443848,0.875659704208374,0.9181987643241882,0.9665597081184388,0.3099488615989685,0.3070248961448669,0.3072012960910797,0.3073146045207977,0.3040198087692261,0.3018607497215271,0.2993250787258148,0.3002884984016418,0.2891621887683868,0.3097696602344513,0.3061457276344299,0.2994237542152405,0.27055823802948,0.3035588562488556,0.2672574818134308,0.3124192357063293,0.2852859199047088,0.3141347467899322,0.2875912189483642,0.3155150115489959,0.2950776815414428,0.3136209547519684,0.2947330176830292,0.3046765923500061,0.2868579924106598,0.3075864911079407,0.2922940850257873,0.3058129251003265,0.2509165108203888,0.2984232008457184,0.239208698272705,0.3387090265750885,0.2772785723209381,0.3494739830493927,0.3402191698551178,0.3398781418800354,0.3395237922668457,0.3409462869167328,0.3412345051765442,0.3415834605693817,0.3432173132896423,0.3458089530467987,0.3580735325813293,0.3591610491275787,0.3936737179756164,0.3948916792869568,0.4604098200798034,0.4699127078056335,0.5160250663757324,0.5349497199058533,0.5324487686157227,0.5518409609794617,0.5293858647346497,0.5497193932533264,0.5244964957237244,0.5433050990104675,0.5236817002296448,0.5272292494773865,0.6083021759986877,0.6120036244392395,0.69200599193573,0.6921727061271667,0.7111958265304565,0.7003581523895264,0.7078834176063538,0.7235562801361084,-0.184132307767868,-0.1712914705276489,-0.1713017076253891,-0.1712891459465026,-0.1932862401008606,-0.1933365166187286,-0.1934096664190292,-0.0930961221456527,-0.203628584742546,-0.1520818471908569,-0.1823793649673462,0.0105675589293241,-0.2267736196517944,0.0552689433097839,-0.2504790425300598,0.0114958314225077,-0.2605791389942169,0.0069936625659465,-0.2880363762378692,-0.0146445538848638,-0.2892752587795257,0.0008253759006038,-0.2602306306362152,0.069889061152935,-0.0699411556124687,0.1347948908805847,-0.0515020787715911,0.242489293217659,0.0494123473763465,0.2483291327953338,0.0560713112354278,0.204209417104721,-0.0105523262172937,Walk-From-Chair
135,0.9812565445899964,0.9572333097457886,0.9551924467086792,0.9534268975257874,0.9668682813644408,0.9681575298309326,0.9685594439506532,0.9024842381477356,0.9658993482589722,0.9691398739814758,0.9812624454498292,0.9976625442504884,0.9999125599861144,0.064994066953659,0.98600572347641,0.1409825384616851,0.958814799785614,0.1505995094776153,0.9327788949012756,0.1616310626268386,0.929642617702484,0.1570497304201126,0.8947327136993408,0.9981663823127748,0.998871922492981,0.6935102343559265,0.9661746025085448,0.8613036870956421,0.9731588959693908,0.8487142324447632,0.8780279755592346,0.9178562760353088,0.9679841995239258,0.3113556802272796,0.3095815777778625,0.3100908994674682,0.3105204701423645,0.3058502972126007,0.3034080862998962,0.3006338775157928,0.3051956295967102,0.2908686101436615,0.3113237619400024,0.3068883121013641,0.3037838637828827,0.2689160108566284,0.3070820271968841,0.2677956223487854,0.3160488903522491,0.2839487195014953,0.3179686665534973,0.2863004803657532,0.3192031979560852,0.2932202816009521,0.3176594376564026,0.2928266823291778,0.3092479407787323,0.2888968288898468,0.3100365102291107,0.2977696061134338,0.3065896332263946,0.2577533721923828,0.2990758419036865,0.2457132041454315,0.3385073542594909,0.2824362814426422,0.3490884006023407,0.339795172214508,0.3395107984542846,0.3392190933227539,0.3403550982475281,0.3405623435974121,0.3408211171627044,0.3428879082202911,0.3448627591133117,0.3577685952186584,0.3589665591716766,0.3938406705856323,0.3942818641662597,0.4611941277980804,0.4698614478111267,0.5162022113800049,0.5355616807937622,0.5323464870452881,0.5530382394790649,0.5293816328048706,0.5518960356712341,0.5245702266693115,0.5449448227882385,0.5232616662979126,0.5266347527503967,0.6080067753791809,0.6103817820549011,0.6914885640144348,0.6913905739784241,0.7099123597145081,0.6989144682884216,0.708046555519104,0.7226827144622803,-0.1888115853071212,-0.1739777773618698,-0.1739912182092666,-0.1739753037691116,-0.1946809291839599,-0.1947252005338668,-0.1947923749685287,-0.0924251303076744,-0.1929494589567184,-0.1545697152614593,-0.1823081821203231,0.01430588029325,-0.2059064656496048,0.0577370710670948,-0.2249400317668914,0.0091208824887871,-0.2542629837989807,-0.0002214659180026,-0.2845911085605621,-0.0225953552871942,-0.2863366901874542,-0.0025393976829946,-0.2558237910270691,0.0687355175614357,-0.0687831565737724,0.125408723950386,-0.0582187287509441,0.2348072081804275,0.0412151254713535,0.2412071526050567,0.0475398078560829,0.1954297423362732,-0.0206176526844501,Walk-From-Chair
136,0.982876479625702,0.960774064064026,0.9587351083755492,0.9571967720985411,0.9697918891906738,0.9710152745246888,0.971414029598236,0.9086523056030272,0.9690733551979064,0.9716065526008606,0.9829308390617372,0.9977456331253052,0.9999181032180786,0.0643344670534133,0.9870271682739258,0.1403418481349945,0.9618544578552246,0.1505218893289566,0.9372641444206238,0.1611033231019973,0.934346616268158,0.1568029671907425,0.9009907841682434,0.9981527328491212,0.9988657236099244,0.6846256852149963,0.9665488600730896,0.8523274660110474,0.9728913903236388,0.8391185402870178,0.8790274858474731,0.9128203988075256,0.9682872891426086,0.3140912353992462,0.3113220334053039,0.3114918172359466,0.3115891516208648,0.3083021938800812,0.3061227202415466,0.303500086069107,0.3044095337390899,0.2932227551937103,0.3137390911579132,0.3100648820400238,0.3030834496021271,0.2736530900001526,0.3066549897193908,0.2704081237316131,0.3147278726100921,0.2834064364433288,0.3164897859096527,0.2851896584033966,0.317678153514862,0.2921182215213775,0.3162546455860138,0.2917457222938537,0.3121080100536346,0.2931743264198303,0.3119456171989441,0.2996887564659118,0.3065195977687835,0.2651686072349548,0.300413429737091,0.2524439990520477,0.3380149900913238,0.289592832326889,0.3492670059204101,0.3398350179195404,0.3394714295864105,0.3390941023826599,0.3406009376049042,0.3408847749233246,0.3412209153175354,0.3426779210567474,0.3453318178653717,0.3578569293022156,0.359148621559143,0.3930511772632599,0.3942337334156036,0.4607037305831909,0.4697908163070678,0.5161798596382141,0.5356350541114807,0.5321885943412781,0.5531110167503357,0.5294100642204285,0.5525425672531128,0.5246052145957947,0.5456646084785461,0.5227683782577515,0.5260792374610901,0.6074259281158447,0.6098595857620239,0.6908849477767944,0.690959095954895,0.7090215682983398,0.6991304159164429,0.708054780960083,0.7224523425102234,-0.1790733486413955,-0.1647378504276275,-0.1647596061229705,-0.1647353321313858,-0.1906432956457138,-0.1906997561454773,-0.190800666809082,-0.0875470712780952,-0.1954155266284942,-0.1469936221837997,-0.182200014591217,0.0141085181385278,-0.2163253277540207,0.0595257654786109,-0.2391484677791595,0.0125488908961415,-0.2571894526481628,0.006188181694597,-0.2858526706695556,-0.0152313783764839,-0.2882920205593109,0.0013549365103244,-0.2579297423362732,0.0694391280412674,-0.0694715827703476,0.1263597309589386,-0.0580087229609489,0.2382952868938446,0.0425485521554946,0.2450546771287918,0.0490225031971931,0.1982779502868652,-0.0214032959192991,Walk-From-Chair
137,0.9844884276390076,0.9644302725791932,0.962464451789856,0.9610188603401184,0.9726856350898744,0.9738041758537292,0.9741742014884948,0.9157401919364928,0.9720922112464904,0.9740546941757202,0.98452627658844,0.9977428317070008,0.9999233484268188,0.0612021014094352,0.9880076050758362,0.1357439905405044,0.9646064043045044,0.1464097946882248,0.9411602020263672,0.1564776599407196,0.9384864568710328,0.1526552140712738,0.9067052602767944,0.9981286525726318,0.9988598823547364,0.6724280118942261,0.966455340385437,0.8415994048118591,0.9720453023910522,0.8270923495292664,0.8784694671630859,0.9058895707130432,0.968214988708496,0.3142903447151184,0.3116917014122009,0.3120408356189728,0.3123437464237213,0.3083217442035675,0.3059767186641693,0.3032737672328949,0.3061639666557312,0.293550431728363,0.3141791224479675,0.3100587725639343,0.3059247136116028,0.2727895379066467,0.3077242970466614,0.2700795531272888,0.3167097568511963,0.2831768691539764,0.317901074886322,0.2850148379802704,0.3191442489624023,0.2910591065883636,0.3179529309272766,0.2909967005252838,0.3150841295719147,0.2943517565727234,0.3120447397232055,0.3047287166118622,0.3061539828777313,0.2756188511848449,0.3011340498924255,0.2618479132652282,0.3380374908447265,0.2992472052574157,0.3492907881736755,0.3399766385555267,0.3396348357200622,0.339272528886795,0.3407133519649505,0.3410247266292572,0.3413737714290619,0.3429565131664276,0.3456462323665619,0.3579557240009308,0.3592151701450348,0.393427163362503,0.3945040106773376,0.4617549180984497,0.4699289202690124,0.5161610841751099,0.536410927772522,0.5315026044845581,0.5535414814949036,0.5290625691413879,0.5532293319702148,0.5245490670204163,0.5467543005943298,0.521614134311676,0.5253886580467224,0.6074477434158325,0.6092920899391174,0.6908594965934753,0.6910191178321838,0.7087621688842773,0.7001533508300781,0.7082028985023499,0.7212477326393127,-0.1973731219768524,-0.1806709170341491,-0.1806862503290176,-0.180663600564003,-0.2036024779081344,-0.2036513984203338,-0.2037312984466552,-0.0917275547981262,-0.1953503787517547,-0.1616710722446441,-0.1919267326593399,0.0144578274339437,-0.2136250287294387,0.0605756863951683,-0.2356621325016021,0.0102589987218379,-0.2567119300365448,0.0037272970657795,-0.2848091423511505,-0.0176426786929368,-0.2881657481193542,-0.0009247375419363,-0.2577281594276428,0.0698834806680679,-0.0699280425906181,0.1261541098356247,-0.0570085048675537,0.2354167997837066,0.0476117879152298,0.2419514209032058,0.0545421168208122,0.1953605264425277,-0.0149837033823132,Walk-From-Chair
138,0.9856808185577391,0.9672157764434814,0.9652903079986572,0.9640559554100036,0.9750158190727234,0.976081371307373,0.9764531254768372,0.9216148257255554,0.9746811389923096,0.9761255383491516,0.9858962297439576,0.9978066086769104,0.9999272227287292,0.0578605979681015,0.9888446927070618,0.1278559118509292,0.9668712019920348,0.1395942419767379,0.9445584416389464,0.1487655639648437,0.9420303106307985,0.1456922888755798,0.9112921953201294,0.9980558753013612,0.9987913966178894,0.6612913012504578,0.9662416577339172,0.8296152949333191,0.9711612462997437,0.8215139508247375,0.8825165033340454,0.9001464247703552,0.9678242206573486,0.3171456456184387,0.314067542552948,0.3141239583492279,0.3141181766986847,0.3112686276435852,0.3091764152050018,0.3067087531089782,0.3064406514167785,0.2960935235023498,0.3163003921508789,0.3127656280994415,0.3056034743785858,0.2759204506874084,0.3057495057582855,0.2703248262405395,0.3149028718471527,0.2826077938079834,0.3164305090904236,0.284391701221466,0.3176997303962707,0.2906253933906555,0.3165681660175323,0.2905555963516235,0.3143057227134704,0.298993170261383,0.3121979236602783,0.3124934136867523,0.3016360402107239,0.2899014353752136,0.2889154553413391,0.27438884973526,0.3305574953556061,0.31634521484375,0.34897181391716,0.3393964171409607,0.3389952480792999,0.3385743498802185,0.3403133153915405,0.3406988680362701,0.3411241471767425,0.3424116969108581,0.3457192480564117,0.3578382134437561,0.3591207265853882,0.3923073410987854,0.3943440020084381,0.4616133570671081,0.4699607789516449,0.5163739323616028,0.5364378690719604,0.5300575494766235,0.5536471009254456,0.5284363627433777,0.5534328818321228,0.5247323513031006,0.546919584274292,0.5183650851249695,0.5231069326400757,0.6074811220169067,0.60878586769104,0.6908444762229919,0.695919394493103,0.7060688138008118,0.7024584412574768,0.7094880938529968,0.7213217616081238,-0.191014215350151,-0.1760731637477874,-0.1760914772748947,-0.1760766357183456,-0.1989042460918426,-0.1989510655403137,-0.1990362107753753,-0.0934811905026435,-0.2105532586574554,-0.1569642126560211,-0.1880570650100708,0.0110250273719429,-0.2317301779985427,0.0596678480505943,-0.2546814680099487,0.0099154822528362,-0.2684720456600189,0.0023677917197346,-0.2961815893650055,-0.0189687199890613,-0.2970044016838074,-0.0010843550553545,-0.2683134973049164,0.0739767402410507,-0.0740213170647621,0.1415910571813583,-0.0501363053917884,0.2564588189125061,0.0507892556488513,0.263905793428421,0.0574802458286285,0.2175863087177276,-0.0102180773392319,Walk-From-Chair
139,0.9868753552436828,0.9700384140014648,0.9681800007820128,0.9670985341072084,0.9772817492485046,0.9782652258872986,0.9786261916160583,0.927918553352356,0.9770942330360411,0.9780661463737488,0.9871481657028198,0.9977837800979614,0.999929666519165,0.0536734014749527,0.9894552826881408,0.1191728934645652,0.9687262773513794,0.1317592114210128,0.947422206401825,0.1400654166936874,0.9450131058692932,0.1377122849225998,0.9152382612228394,0.9978660345077516,0.9985713362693788,0.645291268825531,0.9646267890930176,0.814141571521759,0.9695051312446594,0.8156857490539551,0.8854725360870361,0.8912839889526367,0.9658545851707458,0.3182511031627655,0.3151409924030304,0.3152112364768982,0.3152089416980743,0.3121753633022308,0.3098982572555542,0.3071630597114563,0.307288110256195,0.2964928150177002,0.3172793984413147,0.313614547252655,0.3065793812274933,0.2758581340312958,0.3056771159172058,0.2715531289577484,0.3171867132186889,0.2822544872760772,0.3198573589324951,0.2840421795845032,0.3222387731075287,0.2903290688991546,0.3203036189079284,0.2902652025222778,0.3134438097476959,0.3022012710571289,0.3129461407661438,0.3162257671356201,0.301534503698349,0.3000775873661041,0.2901076078414917,0.2883555889129638,0.3309715390205383,0.3298441767692566,0.3491052091121673,0.3395580351352691,0.3391653597354889,0.3387714922428131,0.3404789268970489,0.340870052576065,0.3412891626358032,0.3425250351428985,0.3458672761917114,0.3578861951828003,0.3592190444469452,0.3924873471260071,0.3943898975849151,0.4615482985973358,0.4700139760971069,0.5148426294326782,0.536208987236023,0.5266567468643188,0.553206741809845,0.5269339680671692,0.5531273484230042,0.5225881934165955,0.5466713309288025,0.5194481015205383,0.5238804221153259,0.6094530820846558,0.6109954714775085,0.6915645599365234,0.6977954506874084,0.7062636017799377,0.71146559715271,0.7101775407791138,0.7210699319839478,-0.1541750729084015,-0.1399328261613845,-0.139940470457077,-0.1399177610874176,-0.1653239428997039,-0.1653551757335662,-0.165431722998619,-0.0648634582757949,-0.1817200928926468,-0.1231221184134483,-0.1563079953193664,0.0341752283275127,-0.2130502015352249,0.0836900323629379,-0.2408325374126434,0.0399324409663677,-0.2529873251914978,0.0387154892086982,-0.2791469395160675,0.0175262447446584,-0.2781478762626648,0.0289889331907033,-0.2520937621593475,0.0749959498643875,-0.0750497207045555,0.1391130238771438,-0.0340610332787036,0.2417527139186859,0.0604272000491619,0.2479985207319259,0.067373588681221,0.2074841260910034,0.009641470387578,Walk-From-Chair
140,0.9877262711524964,0.972181499004364,0.9703466296195984,0.969446063041687,0.979074776172638,0.9800199270248412,0.9803926944732666,0.9327256083488464,0.9791259169578552,0.9795757532119752,0.9881798028945924,0.9977757334709167,0.9999298453330994,0.0507085733115673,0.9899606108665466,0.1126436367630958,0.9703329801559448,0.1261641830205917,0.9499034285545348,0.133782222867012,0.9476081728935242,0.1320037096738815,0.9186445474624634,0.9975358843803406,0.9982141852378844,0.6296461224555969,0.9598385095596312,0.7984555959701538,0.9651334881782532,0.8085154891014099,0.8840320110321045,0.8807541131973267,0.960844099521637,0.3196412026882171,0.316782683134079,0.3167535662651062,0.3166429102420807,0.3141416013240814,0.3120642006397247,0.3095817863941192,0.3084009289741516,0.2990782558917999,0.3185198307037353,0.315282791852951,0.3073218762874603,0.2788980603218078,0.3073819875717163,0.2723176777362823,0.322522222995758,0.2820061147212982,0.3268869817256927,0.2836535274982452,0.3292233347892761,0.2900514602661133,0.3268295228481293,0.2900627553462982,0.314737856388092,0.3039504885673523,0.315905749797821,0.319574236869812,0.3072581589221954,0.3101031184196472,0.2947734296321869,0.2984700500965118,0.3322232663631439,0.3348295092582702,0.3497471213340759,0.3398563265800476,0.3394103646278381,0.3389477729797363,0.3407392203807831,0.341023176908493,0.3413428366184234,0.3427053391933441,0.345962792634964,0.3581970334053039,0.3593918085098266,0.3918680846691131,0.3942902684211731,0.4591303765773773,0.4700617790222168,0.5066732168197632,0.5359880328178406,0.5189430713653564,0.5526584982872009,0.5172914862632751,0.5523985028266907,0.5132099390029907,0.5462941527366638,0.5193572640419006,0.5240978002548218,0.6102809906005859,0.6112961173057556,0.6946653127670288,0.6998360753059387,0.7094846367835999,0.7161481976509094,0.713180661201477,0.7210824489593506,-0.1416307389736175,-0.1290730088949203,-0.1290893405675888,-0.1290743052959442,-0.1542636752128601,-0.1542899310588836,-0.1543644964694976,-0.0596247985959053,-0.1738796830177307,-0.1126505732536315,-0.1455279439687729,0.0316090062260627,-0.1985412389039993,0.0813782215118408,-0.2209994345903396,0.0384576097130775,-0.2347082197666168,0.0366275198757648,-0.2593379616737366,0.0157552864402532,-0.2614434659481048,0.0277079548686742,-0.2351259738206863,0.0745448917150497,-0.0745815858244896,0.1245481744408607,-0.0276798103004694,0.2162308692932129,0.0659194141626358,0.2215645313262939,0.0723526924848556,0.1750479489564895,0.0117821954190731,Walk-From-Chair
141,0.9884158372879028,0.9740069508552552,0.972110152244568,0.971338391304016,0.9806367754936218,0.9815390110015868,0.9819457530975342,0.9364811182022096,0.9809241890907288,0.9807944297790528,0.989069402217865,0.9976335167884828,0.9999288320541382,0.0475657321512699,0.990419864654541,0.1058184504508972,0.9717622995376588,0.1198024079203605,0.952032744884491,0.1267427802085876,0.9498330354690552,0.1254697293043136,0.9216668009757996,0.997124969959259,0.997855544090271,0.6101915240287781,0.9508274793624878,0.7730622887611389,0.9549477100372314,0.79408198595047,0.8764890432357788,0.863149881362915,0.9509012699127196,0.3209490180015564,0.3177045881748199,0.3177106082439422,0.3176272511482239,0.3148313164710998,0.3126018047332763,0.3099563419818878,0.3091837763786316,0.2995454668998718,0.3198665976524353,0.3163836598396301,0.3090198636054992,0.279662162065506,0.3079906404018402,0.2731935083866119,0.3220151364803314,0.2819091081619262,0.3262346982955932,0.2834881544113159,0.3281321823596954,0.2899574935436249,0.3257359862327575,0.2899191975593567,0.3163652122020721,0.3045435547828674,0.3182076811790466,0.3209915459156036,0.3092832565307617,0.3128222525119781,0.2977187037467956,0.3002256453037262,0.3346741497516632,0.3397900462150574,0.3498747050762176,0.3399209082126617,0.3394924998283386,0.3390581011772156,0.3408093452453613,0.3411128222942352,0.3414463996887207,0.3428283035755157,0.346038281917572,0.358279824256897,0.359465092420578,0.391680359840393,0.3940381109714508,0.4590671360492706,0.4701212346553802,0.5077801942825317,0.5360038876533508,0.5199995040893555,0.5527294278144836,0.5185333490371704,0.5525735020637512,0.5147536396980286,0.5464912056922913,0.5198620557785034,0.5244415998458862,0.6101798415184021,0.6113773584365845,0.6946669816970825,0.7000353932380676,0.70969158411026,0.7166880965232849,0.7151311635971069,0.7211287617683411,-0.1492290794849395,-0.1365429162979126,-0.1365576833486557,-0.1365400403738021,-0.1611964404582977,-0.1612255722284317,-0.1613042652606964,-0.0646255984902381,-0.1760698854923248,-0.119153544306755,-0.1512546241283416,0.028777539730072,-0.1986469775438308,0.0760062634944915,-0.2213470488786697,0.0288391206413507,-0.2374217063188552,0.0251340959221124,-0.2628269791603088,0.0041616922244429,-0.2653710842132568,0.0178921036422252,-0.2379771023988723,0.0717555955052375,-0.0717718228697776,0.122462972998619,-0.0203592106699943,0.2188328057527542,0.0761289820075035,0.2247801125049591,0.0826585665345192,0.1782157123088836,0.0178774688392877,Walk-From-Chair
142,0.98921799659729,0.9759320616722108,0.9739304780960084,0.9732308983802797,0.9822434186935424,0.98307204246521,0.98349928855896,0.9400237798690796,0.982626736164093,0.9819822907447816,0.9899088740348816,0.9973505139350892,0.9999284148216248,0.0446094200015068,0.9907287359237672,0.1001252979040145,0.9727973341941832,0.1144790276885032,0.953489363193512,0.1209069490432739,0.9514032006263732,0.1201245263218879,0.9239566922187804,0.9965369701385498,0.9974994659423828,0.5875508785247803,0.934770166873932,0.7459729909896851,0.9372692704200744,0.7772519588470459,0.8607679605484009,0.8432316184043884,0.9347801208496094,0.3214406967163086,0.3182958960533142,0.3183616101741791,0.318327397108078,0.3152239918708801,0.3129125237464905,0.3101533055305481,0.3104042410850525,0.2997629344463348,0.3205226957798004,0.3167366683483124,0.3116224706172943,0.2794100046157837,0.3103036880493164,0.2750669419765472,0.3245905935764313,0.2824199497699737,0.3262506425380707,0.2832662463188171,0.329991340637207,0.2899160981178283,0.325929582118988,0.2898308038711548,0.3192141950130462,0.305822491645813,0.3189638257026672,0.3218978643417358,0.3098466992378235,0.3189259767532348,0.2996974587440491,0.3037211000919342,0.3381939828395843,0.3466999530792236,0.350069910287857,0.3402521014213562,0.33985236287117,0.3394283950328827,0.3410193026065826,0.3412601351737976,0.3415496945381164,0.3431483805179596,0.3461119830608368,0.3583869040012359,0.3594905138015747,0.391833484172821,0.3941027820110321,0.4591046571731567,0.4704500734806061,0.5078139901161194,0.5360686779022217,0.5208804607391357,0.552764356136322,0.5192835330963135,0.5526998043060303,0.5155079960823059,0.5466540455818176,0.5200424194335938,0.5246285796165466,0.6102238297462463,0.6120869517326355,0.6946666240692139,0.7073795199394226,0.7101594805717468,0.7177675366401672,0.7147422432899475,0.7208922505378723,-0.1552061736583709,-0.1422426402568817,-0.1422571241855621,-0.1422399133443832,-0.1659546196460724,-0.1659830510616302,-0.1660604625940323,-0.0674299746751785,-0.1718216389417648,-0.1245144382119178,-0.1553076803684234,0.0275883562862873,-0.1896794140338897,0.0764447301626205,-0.2110874652862548,0.0304482094943523,-0.2333652973175048,0.0266312155872583,-0.2579362988471985,0.0068237734958529,-0.2626654505729675,0.0198425166308879,-0.2348186671733856,0.0654930621385574,-0.0655090510845184,0.1189397573471069,-0.0145165920257568,0.2131930291652679,0.0813446342945098,0.2191389352083206,0.0876649171113967,0.1744560599327087,0.0222294237464666,Walk-From-Chair
143,0.98984956741333,0.9774888157844543,0.9755155444145204,0.974904716014862,0.9835845232009888,0.984370231628418,0.9848188161849976,0.9435393810272216,0.9841042757034302,0.9831676483154296,0.9907166957855223,0.997206687927246,0.999930202960968,0.0426132082939147,0.9911693334579468,0.095264159142971,0.9739389419555664,0.1103970855474472,0.9553276300430298,0.1163060367107391,0.9533247351646424,0.115908071398735,0.9265363216400146,0.9959352016448976,0.9973892569541932,0.584601879119873,0.9346584677696228,0.7468167543411255,0.9377242922782898,0.7796751856803894,0.8638238906860352,0.8425352573394775,0.9334930777549744,0.3234593570232391,0.3204399943351745,0.3204310536384582,0.3203142881393432,0.317608505487442,0.3154909312725067,0.3129506707191467,0.3120669722557068,0.3024318218231201,0.3223122954368591,0.3187508583068847,0.3131825029850006,0.2806945741176605,0.3137270510196686,0.2758176028728485,0.3275361955165863,0.2830125689506531,0.3294807374477386,0.2835771441459656,0.3309852480888366,0.2899534404277801,0.3308481574058532,0.2901864349842071,0.3198959231376648,0.3071695566177368,0.3183659017086029,0.326657235622406,0.3106321692466736,0.330486923456192,0.3001845777034759,0.3259424269199371,0.3381134867668152,0.3589624166488647,0.3505858182907104,0.3406008183956146,0.3401621282100677,0.3396807610988617,0.3413165211677551,0.3414626121520996,0.3416556715965271,0.3432340621948242,0.3461568653583526,0.358656108379364,0.3597039580345154,0.3918160200119018,0.3941822648048401,0.4574807286262512,0.470771849155426,0.504642903804779,0.5364659428596497,0.5178268551826477,0.5528352856636047,0.5172924995422363,0.5526872277259827,0.5117027163505554,0.5467023253440857,0.5203127264976501,0.5247901082038879,0.6103293895721436,0.6122696995735168,0.6945940852165222,0.7063109278678894,0.7101667523384094,0.7247775197029114,0.7145175933837891,0.7208989858627319,-0.1519038677215576,-0.1401495784521103,-0.1401613801717758,-0.1401358544826507,-0.1644311100244522,-0.1644536405801773,-0.1645268052816391,-0.0695379227399826,-0.1723333895206451,-0.123048149049282,-0.1546663343906402,0.0227181948721408,-0.1905509382486343,0.0696545168757438,-0.2197216302156448,0.026849502697587,-0.2393799722194671,0.0258704926818609,-0.262906014919281,0.0057359999045729,-0.267531156539917,0.0169457383453845,-0.2408285140991211,0.0656034797430038,-0.0656198114156723,0.1359698474407196,-0.0182077083736658,0.239763468503952,0.0517769753932952,0.24685600399971,0.0556428954005241,0.2044084519147873,-0.0138477031141519,Walk-From-Chair
144,0.990755558013916,0.979541540145874,0.9776764512062072,0.97710382938385,0.985130250453949,0.9858377575874328,0.9862632155418396,0.9482404589653016,0.985628306865692,0.9845445156097412,0.991552233695984,0.9970414638519288,0.999934196472168,0.039849579334259,0.9913474917411804,0.0900559797883033,0.974374771118164,0.1055885776877403,0.9559723734855652,0.1109123900532722,0.9540501832962036,0.1108202040195465,0.9277313947677612,0.995523989200592,0.997411847114563,0.5707412958145142,0.9353613257408142,0.7401611804962158,0.9375653266906738,0.7787300944328308,0.8665919303894043,0.8365861773490906,0.931357443332672,0.3238459825515747,0.3211137652397156,0.3212617039680481,0.3213051259517669,0.3180378973484039,0.315852016210556,0.3132062554359436,0.3138417303562164,0.3030110001564026,0.3231894671916961,0.3194008767604828,0.3133484125137329,0.2840987145900726,0.3120255768299103,0.2770750224590301,0.325296550989151,0.2840593755245209,0.3274222612380981,0.283929169178009,0.3299553096294403,0.289914608001709,0.3291550278663635,0.290492445230484,0.3184567987918854,0.3090272545814514,0.3173996806144714,0.3316568732261657,0.3105724453926086,0.3440667688846588,0.300078272819519,0.3360567092895508,0.3354623317718506,0.3680630028247833,0.3505395352840423,0.340610921382904,0.3401906192302704,0.3397319614887237,0.3413080871105194,0.3414593636989593,0.3416664004325866,0.3432461619377136,0.34601491689682,0.358673483133316,0.3596830070018768,0.3919296860694885,0.3924444019794464,0.4583690464496612,0.4698954820632934,0.5080386400222778,0.5364747643470764,0.5180875062942505,0.5528646111488342,0.5182151198387146,0.5526859760284424,0.5169723033905029,0.5467330813407898,0.5211007595062256,0.524945855140686,0.6109224557876587,0.6143749356269836,0.6946646571159363,0.7055519223213196,0.7096707224845886,0.7256036400794983,0.7108036875724792,0.7197589874267578,-0.1449344605207443,-0.1309474408626556,-0.1309445053339004,-0.1309084892272949,-0.1528873443603515,-0.1529021710157394,-0.1529563963413238,-0.056408442556858,-0.1541454046964645,-0.1147412657737732,-0.143258661031723,0.0364121980965137,-0.1804272234439849,0.073227472603321,-0.2101917564868927,0.0278769079595804,-0.2279097586870193,0.025751058012247,-0.2520339488983154,0.0072319568134844,-0.2543013393878937,0.0181486401706933,-0.2284072935581207,0.066766045987606,-0.066804364323616,0.1500450521707534,-0.026852861046791,0.2511174380779266,0.0309921950101852,0.258243978023529,0.0339980386197567,0.2250026017427444,-0.0274061001837253,Walk-From-Chair
145,0.9915831089019777,0.981397807598114,0.9796336889266968,0.9791049957275392,0.9865254759788512,0.9871602654457092,0.9875673055648804,0.9525476694107056,0.9870105385780334,0.985887885093689,0.9923369884490968,0.997057855129242,0.9999391436576844,0.037530668079853,0.9916723966598512,0.08576550334692,0.9749910831451416,0.1018987819552421,0.9569377899169922,0.106669396162033,0.9550833106040956,0.1069312393665313,0.9295995831489564,0.9953390955924988,0.9975237250328064,0.5561679601669312,0.9360342025756836,0.7342986464500427,0.9372720718383788,0.778335452079773,0.8693417906761169,0.8308720588684082,0.928905427455902,0.3256172835826874,0.322556734085083,0.3226929008960724,0.3227206468582153,0.3193706572055816,0.3170478343963623,0.3142810463905334,0.3149715960025787,0.3037236928939819,0.3249329328536987,0.3210269808769226,0.3141301870346069,0.2848791182041168,0.3114795684814453,0.2774797081947326,0.3242603540420532,0.2853150963783264,0.3262616097927093,0.2845962643623352,0.3290614485740661,0.2902916669845581,0.3278173506259918,0.2916052639484405,0.3189605474472046,0.3099223673343658,0.3169615864753723,0.3346840739250183,0.3100592792034149,0.3504720330238342,0.300152450799942,0.345854103565216,0.3354566693305969,0.3749658465385437,0.3505210876464844,0.3406506776809692,0.3402371108531952,0.3397888839244842,0.3413487076759338,0.3415077924728393,0.3417237102985382,0.3432923257350921,0.3460425138473511,0.3587371706962585,0.3597301244735718,0.3920131921768188,0.3925741314888,0.4584652185440063,0.4699015617370605,0.5082195997238159,0.5369623899459839,0.519710123538971,0.5534108281135559,0.5189073085784912,0.553108811378479,0.5175305008888245,0.5470936298370361,0.522113561630249,0.5253366231918335,0.6120975017547607,0.6164456605911255,0.6947476267814636,0.7051742672920227,0.7095518708229065,0.7278411388397217,0.7100868821144104,0.7188479900360107,-0.1370525360107422,-0.1237415224313736,-0.1237391456961631,-0.1237027868628501,-0.1450024843215942,-0.1450160443782806,-0.1450662314891815,-0.0516576394438743,-0.1478749811649322,-0.1076263412833213,-0.1352823078632354,0.0383565016090869,-0.1745119988918304,0.0734075382351875,-0.2038382589817047,0.0264362897723913,-0.2194209396839141,0.0235328208655118,-0.2433357536792755,0.0052812499925494,-0.2451150119304657,0.0166638866066932,-0.2197049856185913,0.0667837709188461,-0.0668240934610366,0.1558358818292617,-0.0287393890321254,0.2552964389324188,0.0277939196676015,0.2625405788421631,0.0306077152490615,0.2315697222948074,-0.0298898480832576,Walk-From-Chair
146,0.9923389554023744,0.9830930829048156,0.981432557106018,0.9809266924858092,0.9877867102622986,0.9883608222007751,0.9887456893920898,0.9564857482910156,0.9882534742355348,0.9870339632034302,0.9930179119110109,0.9968901872634888,0.9999424815177916,0.0352081842720508,0.9918776154518129,0.081815592944622,0.9750161170959472,0.098243236541748,0.9567855000495912,0.1026132553815841,0.955040454864502,0.103000022470951,0.9301242232322692,0.9948673248291016,0.9975302815437316,0.5466421246528625,0.938076913356781,0.7302684783935547,0.9377400875091552,0.7753926515579224,0.872634768486023,0.8251569867134094,0.927922785282135,0.3258899450302124,0.3231849372386932,0.3235299587249756,0.3237649798393249,0.3196210265159607,0.3171722292900085,0.3143005669116974,0.3171059787273407,0.3044037222862243,0.3257966339588165,0.3214489817619324,0.3150593936443329,0.2873119413852691,0.311748743057251,0.2790942192077636,0.3236631453037262,0.2866589426994324,0.3257278501987457,0.2854474782943725,0.3282905519008636,0.2909786701202392,0.3266216218471527,0.2924313545227051,0.3200368881225586,0.3113051950931549,0.3174611330032348,0.3368979096412658,0.3090314865112304,0.3523961901664734,0.3000426888465881,0.3475905358791351,0.3352136015892029,0.3828412890434265,0.3505431711673736,0.3406962156295776,0.3402848839759826,0.3398382067680359,0.341361790895462,0.3415661752223968,0.3418528437614441,0.3433079123497009,0.3461558222770691,0.3587644398212433,0.3597589135169983,0.3920815587043762,0.3917268514633178,0.4585688710212707,0.4692592322826385,0.5099537372589111,0.5369651317596436,0.5226672291755676,0.5534347891807556,0.5224640965461731,0.5531655550003052,0.5193578004837036,0.5472773909568787,0.522148847579956,0.5254083871841431,0.6124998331069946,0.6164376735687256,0.6947879195213318,0.7050521373748779,0.7098502516746521,0.7254598736763,0.7093037962913513,0.7164129614830017,-0.1302301883697509,-0.1165906563401222,-0.1165912896394729,-0.1165595054626464,-0.135891392827034,-0.1359031498432159,-0.1359447687864303,-0.0438273660838604,-0.1304740011692047,-0.1005824580788612,-0.1255275756120681,0.0474813394248485,-0.1574672162532806,0.0788304284214973,-0.1845368295907974,0.0331520475447177,-0.2031464278697967,0.0308584719896316,-0.2260743081569671,0.0138988178223371,-0.2275983542203903,0.0239078942686319,-0.2033261954784393,0.0663806945085525,-0.0664165616035461,0.1461558490991592,-0.0393507108092308,0.2252130806446075,0.0014350271085277,0.2306584566831588,0.0024117620196193,0.2018891870975494,-0.0570412054657936,Walk-From-Chair
147,0.993056297302246,0.984693706035614,0.9831505417823792,0.9826810956001282,0.9889609813690186,0.9894750714302064,0.989833652973175,0.960342526435852,0.9893965721130372,0.988175630569458,0.9936665296554564,0.9968799948692322,0.9999454021453856,0.0335383564233779,0.9920368790626526,0.0798664316534996,0.9748698472976683,0.0966903939843177,0.9562632441520692,0.100661464035511,0.9546169638633728,0.1010907888412475,0.9302458167076112,0.9946013689041138,0.9975503087043762,0.5375525951385498,0.9376011490821838,0.7267902493476868,0.935410499572754,0.7733682990074158,0.872148871421814,0.8190832138061523,0.923659324645996,0.3262422680854797,0.3236944079399109,0.3241563737392425,0.324505478143692,0.3198426365852356,0.3173063397407532,0.3143945336341858,0.3184662461280823,0.3051367402076721,0.3267063796520233,0.3220196366310119,0.3167961537837982,0.2884616255760193,0.3129011690616607,0.2805359363555908,0.323606014251709,0.2879362404346466,0.3266767561435699,0.2868348062038421,0.3278585076332092,0.292395144701004,0.3261725306510925,0.2938316166400909,0.3216781914234161,0.3125524520874023,0.3171643912792206,0.3379493653774261,0.3078072667121887,0.3567543625831604,0.2997285425662994,0.3520228862762451,0.3351990282535553,0.3889423310756683,0.3505692183971405,0.3407282531261444,0.3403092920780182,0.3398541212081909,0.3413758277893066,0.3416356146335602,0.3420155346393585,0.3432199656963348,0.3462992906570434,0.3588134050369262,0.3598058819770813,0.3922640681266784,0.3918702006340027,0.4586443901062011,0.4692788422107696,0.5101830363273621,0.5370484590530396,0.5246116518974304,0.5536333322525024,0.5242690443992615,0.5533811450004578,0.520298421382904,0.5474317073822021,0.5235387086868286,0.5263453722000122,0.6131157279014587,0.6166970133781433,0.6949260830879211,0.7048994898796082,0.7100265026092529,0.7232910990715027,0.7090098261833191,0.7142353057861328,-0.1382334232330322,-0.1248983591794967,-0.124902069568634,-0.1248739138245582,-0.1451181024312973,-0.1451319903135299,-0.1451771557331085,-0.0499909594655036,-0.1355690211057663,-0.1082929149270057,-0.1342921704053878,0.0438141301274299,-0.1591810286045074,0.0771389454603195,-0.1846697032451629,0.0306239183992147,-0.2039904296398162,0.0277167651802301,-0.2274995148181915,0.0099798152223229,-0.2300760746002197,0.0211198069155216,-0.2046359479427337,0.0658996626734733,-0.0659472718834877,0.143816128373146,-0.0378344021737575,0.2280979454517364,0.0204408429563045,0.2340287715196609,0.0231794156134128,0.2043763846158981,-0.0362829715013504,Walk-From-Chair
148,0.9937084317207336,0.9861427545547484,0.9847148060798644,0.9842820763587952,0.9900208115577698,0.9904829263687134,0.9908166527748108,0.9638744592666626,0.990427553653717,0.9892331957817078,0.9942600131034852,0.996882438659668,0.9999482035636902,0.0320322625339031,0.992207407951355,0.0775584653019905,0.9743479490280152,0.0945994704961776,0.9551093578338624,0.0982920974493026,0.9535454511642456,0.0987567752599716,0.9295127987861632,0.9944536685943604,0.997624695301056,0.539202094078064,0.9398784041404724,0.7328421473503113,0.936876118183136,0.7772480845451355,0.8754161596298218,0.8204004168510437,0.9240095019340516,0.3273501694202423,0.324849784374237,0.3253417611122131,0.3257195353507995,0.3209617733955383,0.3184361755847931,0.3155009150505066,0.3197973072528839,0.3065535724163055,0.3278473019599914,0.3232757151126861,0.3183820843696594,0.2896811068058014,0.3148896396160126,0.2819889485836029,0.3263106048107147,0.2902119159698486,0.3299464583396911,0.2891308665275574,0.3316685557365417,0.2948732078075409,0.3295113444328308,0.2967424988746643,0.3242106139659881,0.3135479986667633,0.3170312345027923,0.3394551873207092,0.3058721721172333,0.3597884476184845,0.2983212172985077,0.354278564453125,0.3346969485282898,0.3921848237514496,0.3503883481025696,0.3405773937702179,0.3401304483413696,0.339652806520462,0.3413636982440948,0.3416527211666107,0.3420445024967193,0.3431098163127899,0.3463114798069,0.3587691187858581,0.3598416745662689,0.3922868371009826,0.3919442594051361,0.4584986865520477,0.4689438939094543,0.5096251964569092,0.5370513796806335,0.5228995680809021,0.5536407232284546,0.5239852070808411,0.5533654689788818,0.51972895860672,0.5474414229393005,0.5234968662261963,0.5263702869415283,0.6133055090904236,0.6166496872901917,0.6951501369476318,0.7038896083831787,0.7119665145874023,0.7219660878181458,0.7092770934104919,0.7132270336151123,-0.1399824768304824,-0.1260418593883514,-0.1260447353124618,-0.1260202527046203,-0.1451161950826645,-0.1451271772384643,-0.1451637893915176,-0.050132930278778,-0.1337893307209015,-0.1094361916184425,-0.1340048313140869,0.0436465144157409,-0.1553333103656768,0.0765668451786041,-0.1797206550836563,0.0295705255120992,-0.2000892162322998,0.0274186823517084,-0.2232069224119186,0.0081697385758161,-0.2259161919355392,0.0197299197316169,-0.2007748335599899,0.0648746415972709,-0.0649124532938003,0.1402622014284134,-0.0400749519467353,0.2243959158658981,0.0043935598805546,0.230184718966484,0.0054879556410014,0.1968812793493271,-0.0557915866374969,Walk-From-Chair
149,0.9942768216133118,0.9874065518379213,0.986067831516266,0.9856751561164856,0.9909550547599792,0.9913706183433532,0.9916868805885316,0.9668792486190796,0.9913390874862672,0.9901591539382936,0.9947874546051024,0.9969188570976256,0.9999508261680604,0.0307796709239482,0.9923396706581116,0.0755201950669288,0.973885715007782,0.09286729991436,0.9541754722595216,0.0962774232029914,0.9526036977767944,0.0967556685209274,0.928514301776886,0.9943272471427916,0.9977099299430848,0.5379093289375305,0.9419010281562804,0.7368647456169128,0.9382905960083008,0.7793070077896118,0.8792052268981934,0.8214331269264221,0.924701988697052,0.3290107250213623,0.3262855410575866,0.3266941010951996,0.3269863426685333,0.3225095570087433,0.3199878633022308,0.3170498609542846,0.320486307144165,0.3078111708164215,0.3293210864067077,0.3248639702796936,0.3197757005691528,0.2909773886203766,0.3171018660068512,0.2834805846214294,0.3287083506584167,0.2926760017871856,0.3335247039794922,0.2917307317256927,0.3342849612236023,0.298995167016983,0.3327324688434601,0.3002494573593139,0.3273883461952209,0.3154884576797485,0.3196952641010284,0.3398700356483459,0.3050200939178467,0.3616785109043121,0.2971377670764923,0.3563790917396545,0.3345178663730621,0.3949738442897796,0.3502998054027557,0.3404454588890075,0.3400034010410309,0.3395318984985351,0.341258555650711,0.3415628969669342,0.3419705331325531,0.3429571986198425,0.3462427854537964,0.3587519228458404,0.3597775101661682,0.3923342525959015,0.3920179307460785,0.4583750367164612,0.4687459766864776,0.509497344493866,0.5368956923484802,0.522979199886322,0.5536502599716187,0.5239542722702026,0.5532554984092712,0.5197176337242126,0.5472624897956848,0.5234385132789612,0.5263940691947937,0.6132600903511047,0.616634726524353,0.6951379179954529,0.7031592726707458,0.7121796011924744,0.7214053273200989,0.7092869281768799,0.7123842239379883,-0.1405064463615417,-0.1267959624528885,-0.1267986595630645,-0.126770332455635,-0.1468864381313324,-0.1469000279903412,-0.1469447463750839,-0.0518681295216083,-0.141931876540184,-0.1101131439208984,-0.1361090093851089,0.0414851680397987,-0.1643974184989929,0.0759802982211113,-0.1887263506650924,0.0282772574573755,-0.2078039646148681,0.0239922869950532,-0.2318377792835235,0.0060991393402218,-0.2341380417346954,0.0185849945992231,-0.2083441466093063,0.0649552717804908,-0.0649931952357292,0.1458092331886291,-0.0442419871687889,0.2414542138576507,-0.0036956104449927,0.2481878250837326,-0.0031604294199496,0.2125347405672073,-0.0688008069992065,Walk-From-Chair
150,0.9947630167007446,0.9885029196739196,0.987230658531189,0.986878514289856,0.9917721152305604,0.9921436309814452,0.9924526810646056,0.9694092273712158,0.992145299911499,0.990939736366272,0.9952479004859924,0.9968628883361816,0.9999523162841796,0.0294381324201822,0.9923593401908876,0.0732337981462478,0.973252534866333,0.0910093858838081,0.9531251788139344,0.0940857827663421,0.95151549577713,0.0946070700883865,0.9272268414497375,0.994224488735199,0.9977623224258424,0.5415698885917664,0.943917989730835,0.7445911765098572,0.9397848844528198,0.7857257723808289,0.8830336928367615,0.8251070380210876,0.9253114461898804,0.3308555483818054,0.3279377222061157,0.328257292509079,0.3284578621387481,0.3244880139827728,0.3221001923084259,0.3192555904388428,0.3217750191688537,0.3098592460155487,0.3310468196868896,0.3268852829933166,0.3210364580154419,0.2934670746326446,0.3172221779823303,0.285433828830719,0.3292523026466369,0.2958268225193023,0.3334435522556305,0.2961626946926117,0.3342691957950592,0.303179919719696,0.3326304256916046,0.3040662407875061,0.3276942372322082,0.317018449306488,0.3195152878761291,0.3420888781547546,0.3048709630966186,0.3645906448364258,0.2965721487998962,0.3590375185012817,0.3332701921463012,0.3974628746509552,0.3500393033027649,0.3402206301689148,0.3397805094718933,0.3393144607543945,0.3411144912242889,0.341468870639801,0.341911107301712,0.3428220748901367,0.346245676279068,0.3586656153202057,0.3597330749034881,0.3925457000732422,0.3920753598213196,0.4590640068054199,0.4687924981117248,0.5113034844398499,0.5370867252349854,0.5254281163215637,0.553889274597168,0.5256548523902893,0.5532688498497009,0.5237182974815369,0.5472791194915771,0.5241097211837769,0.5264944434165955,0.6133758425712585,0.616590142250061,0.695339560508728,0.702896237373352,0.7130028605461121,0.721213698387146,0.7093496322631836,0.7117138504981995,-0.1387930661439895,-0.1250136494636535,-0.1250130832195282,-0.1249807924032211,-0.1456810086965561,-0.1456945836544037,-0.1457446366548538,-0.0513103790581226,-0.1442294865846634,-0.1087941974401474,-0.1355436593294143,0.0408290177583694,-0.1680529713630676,0.0744421184062957,-0.191019982099533,0.0241648219525814,-0.2116944342851638,0.0187562964856624,-0.2358580827713012,0.0021687836851924,-0.2382751256227493,0.0148008717224001,-0.212261289358139,0.0656146630644798,-0.0656559020280838,0.1491040289402008,-0.0423595197498798,0.2470918893814087,0.0068338080309331,0.2539921998977661,0.0084562031552195,0.2183989286422729,-0.054995559155941,Walk-From-Chair
151,0.9951980113983154,0.9894728064537048,0.988251805305481,0.987931787967682,0.9924989938735962,0.9928329586982728,0.9931360483169556,0.9715983867645264,0.9928627014160156,0.9916242957115172,0.9956555366516112,0.996819019317627,0.9999534487724304,0.0283790789544582,0.9923630356788636,0.0712018758058548,0.9727348685264589,0.0891440957784652,0.9522409439086914,0.0919616967439651,0.950688898563385,0.0925421342253685,0.9262964129447936,0.9939611554145812,0.9977803826332092,0.5450104475021362,0.9452536702156068,0.7500815391540527,0.940640151500702,0.789913535118103,0.8858497738838196,0.8264592289924622,0.9251998662948608,0.332362949848175,0.3295871615409851,0.3298715353012085,0.3300407528877258,0.3262289762496948,0.3238738775253296,0.3210777640342712,0.3231166303157806,0.3114814758300781,0.332363098859787,0.3282611072063446,0.3230516314506531,0.2940558195114136,0.3199471831321716,0.2873500287532806,0.3324638903141022,0.2991628646850586,0.3370387852191925,0.2997657358646393,0.3378192484378814,0.3063984513282776,0.3365587890148163,0.3070379793643951,0.3292566239833832,0.3183837532997131,0.3196311593055725,0.343574583530426,0.3047477304935455,0.3651421666145324,0.2963584065437317,0.3595024943351745,0.3330247402191162,0.397672027349472,0.3500474989414215,0.3402332365512848,0.3397930562496185,0.3393263220787048,0.3411251902580261,0.34147909283638,0.3419231474399566,0.3428252339363098,0.3462514579296112,0.3586728870868683,0.3597440719604492,0.3926783502101898,0.392846405506134,0.4591644704341888,0.4694443047046661,0.5121666193008423,0.5376161336898804,0.5259765982627869,0.5543763041496277,0.5258952975273132,0.5534272789955139,0.5246017575263977,0.5474587678909302,0.524398684501648,0.527079164981842,0.614183247089386,0.616543710231781,0.6955769658088684,0.7023116946220398,0.713088870048523,0.7205453515052795,0.7094060182571411,0.7119483351707458,-0.1401516944169998,-0.1263477653264999,-0.1263491809368133,-0.1263181418180465,-0.1472073793411255,-0.1472226232290268,-0.1472740769386291,-0.0516690015792846,-0.1460623294115066,-0.1099392995238304,-0.1369583755731582,0.0406758561730384,-0.1697906404733657,0.0727754086256027,-0.1938815712928772,0.022724462673068,-0.2134344577789306,0.0174451638013124,-0.2374022454023361,0.0008595153922215,-0.2397621124982834,0.0134054673835635,-0.2139237374067306,0.0655254274606704,-0.0655632466077804,0.1471691280603408,-0.043355468660593,0.2446239292621612,0.0026749861426651,0.251374751329422,0.0040919873863458,0.2150388211011886,-0.0589954182505607,Walk-From-Chair
152,0.9955568313598632,0.9902843236923218,0.9890867471694946,0.9888081550598145,0.9931275248527528,0.9934285283088684,0.9937359094619752,0.9733713269233704,0.99349182844162,0.9921903014183044,0.996009349822998,0.9966713786125184,0.9999538064002992,0.0272913817316293,0.9923548698425292,0.0688840001821518,0.9718983769416808,0.0869779139757156,0.9507635235786438,0.0895380303263664,0.9491212964057922,0.0901982486248016,0.92427259683609,0.9936885237693788,0.997789204120636,0.5476126074790955,0.9462321400642396,0.7556411027908325,0.9411369562149048,0.7939088344573975,0.8880156874656677,0.8287259936332703,0.9248219728469848,0.3347151279449463,0.3315085768699646,0.3316836953163147,0.3317593336105346,0.3284628093242645,0.3262859582901001,0.3236563801765442,0.324718177318573,0.3141312003135681,0.3343827128410339,0.3307294845581054,0.324865460395813,0.2969272434711456,0.3233329653739929,0.2894572615623474,0.337551862001419,0.302709549665451,0.3403041362762451,0.3033067882061004,0.3436190485954284,0.3097422122955322,0.341223657131195,0.3101606965065002,0.3311817049980163,0.3206664323806762,0.319830060005188,0.3451516926288605,0.3045896887779236,0.3665714859962463,0.2961942553520202,0.3604901432991028,0.3324020504951477,0.3989616632461548,0.3495012819766998,0.3398512601852417,0.3394060730934143,0.338946521282196,0.3408801853656769,0.3412937223911285,0.3417887091636657,0.34275683760643,0.3462485671043396,0.3582755029201507,0.3594986200332641,0.3929809927940368,0.393694669008255,0.4592683613300323,0.4701487123966217,0.5123337507247925,0.5383630990982056,0.5260716080665588,0.5549371242523193,0.5264751315116882,0.5535142421722412,0.5243651270866394,0.5476909875869751,0.5246870517730713,0.5276538133621216,0.6144689917564392,0.6166297793388367,0.6955404877662659,0.702242910861969,0.7130144238471985,0.7204001545906067,0.7094169855117798,0.7119823694229126,-0.1363730132579803,-0.1232754364609718,-0.1232752576470375,-0.1232452616095542,-0.1444388329982757,-0.1444541364908218,-0.1445116102695465,-0.0518794432282447,-0.1468491405248642,-0.1073456034064292,-0.1347182691097259,0.0398751385509967,-0.1700150668621063,0.0728957504034042,-0.1984179317951202,0.0252940170466899,-0.2138108760118484,0.020709415897727,-0.2384238541126251,0.0045677875168621,-0.2408423423767089,0.0161728933453559,-0.2145126760005951,0.0654783472418785,-0.0655149742960929,0.1476884931325912,-0.0425422638654708,0.245931938290596,0.0076613039709627,0.2528309226036072,0.0093680517747998,0.2175236940383911,-0.05362219363451,Walk-From-Chair
153,0.995936930179596,0.9911286234855652,0.989982545375824,0.9897260665893556,0.993752658367157,0.9940216541290284,0.9943161010742188,0.9753281474113464,0.9940946698188782,0.9927754402160645,0.9963509440422058,0.99651300907135,0.9999533891677856,0.0264253746718168,0.9923055768013,0.0679119601845741,0.9712629914283752,0.0860969796776771,0.9494824409484864,0.0884546563029289,0.947800874710083,0.0890823155641555,0.922656238079071,0.99345862865448,0.9977921843528748,0.550503671169281,0.9467734098434448,0.7605920433998108,0.9413133263587952,0.7966546416282654,0.8892537951469421,0.8299224376678467,0.9242504835128784,0.3359901309013366,0.3328514099121094,0.3330616056919098,0.3331748247146606,0.3296858072280884,0.3274439871311188,0.3247624039649963,0.3262616395950317,0.3152487874031067,0.3359656035900116,0.3322906792163849,0.3270811438560486,0.2998638451099396,0.3262332081794739,0.2928898334503174,0.3407052755355835,0.3061632812023163,0.3455827534198761,0.3059256970882416,0.3466699719429016,0.3123697638511657,0.3439897298812866,0.3128232955932617,0.3326227068901062,0.3227264285087585,0.3204278349876404,0.3466170132160187,0.3045707643032074,0.3675072789192199,0.2961781620979309,0.3608597815036773,0.3324453234672546,0.3993106484413147,0.3492389917373657,0.3396020531654358,0.3391686379909515,0.3387365043163299,0.3406853377819061,0.3411290049552917,0.3416537046432495,0.3427278697490692,0.346229076385498,0.3580920100212097,0.3594091236591339,0.3932828605175018,0.394690603017807,0.4600457549095154,0.4705635905265808,0.5134829878807068,0.5387812852859497,0.5260705351829529,0.5550803542137146,0.5285250544548035,0.5538858771324158,0.5249808430671692,0.5480653643608093,0.525116503238678,0.5281575322151184,0.6148117184638977,0.6166402101516724,0.6955552697181702,0.702183723449707,0.7129685282707214,0.720206081867218,0.7095717787742615,0.7133675813674927,-0.1460171788930893,-0.1314104497432708,-0.1314053386449813,-0.1313766092061996,-0.1518496125936508,-0.1518609672784805,-0.1519148349761963,-0.055344171822071,-0.1474034786224365,-0.1152127534151077,-0.141548603773117,0.0395444966852664,-0.1715547293424606,0.0728846117854118,-0.2015839368104934,0.0254895836114883,-0.2181794941425323,0.0207340382039546,-0.2421101778745651,0.0044980570673942,-0.2453313320875167,0.0163213461637496,-0.2189827412366867,0.0653944686055183,-0.0654356479644775,0.1489489674568176,-0.0398704931139946,0.251432716846466,0.0079194791615009,0.2587939202785492,0.0097878789529204,0.223670408129692,-0.0531146936118602,Walk-From-Chair
154,0.99624365568161,0.99182391166687,0.9906909465789796,0.9904509782791138,0.9942848086357116,0.9945234060287476,0.9948147535324096,0.9768401980400084,0.994617223739624,0.993209421634674,0.9966262578964232,0.9962195754051208,0.99995094537735,0.0254204403609037,0.9919682145118712,0.0661234855651855,0.969796657562256,0.0843910947442054,0.9472308158874512,0.0865666270256042,0.9455628395080566,0.0872351452708244,0.9200977087020874,0.9930895566940308,0.9977207183837892,0.554243803024292,0.9452812075614928,0.7663794159889221,0.939997375011444,0.8011159300804138,0.8887665271759033,0.8314300179481506,0.921692669391632,0.338681548833847,0.3353475928306579,0.3355039060115814,0.3355835080146789,0.3323277831077575,0.3300777375698089,0.3273879885673523,0.3284268677234649,0.31756192445755,0.3387459814548492,0.335136741399765,0.3291767835617065,0.3027703464031219,0.3291912674903869,0.2970220446586609,0.3443510234355926,0.3093848824501037,0.3483323454856872,0.3079172968864441,0.3489785194396972,0.3148345947265625,0.3479147851467132,0.3153869211673736,0.3353006541728973,0.3262177109718323,0.3211154639720917,0.3476968109607696,0.3047505617141723,0.3665187656879425,0.2961919903755188,0.3602603673934936,0.3324837982654571,0.3988224864006042,0.3492472469806671,0.3396084010601043,0.3391742408275604,0.3387418687343597,0.3406947255134582,0.3411496877670288,0.3416933715343475,0.342771977186203,0.3464086353778839,0.3581190705299377,0.3594765961170196,0.3936706185340881,0.3959283828735351,0.4601586759090423,0.471672385931015,0.5134508609771729,0.5387549996376038,0.5258495211601257,0.5549274682998657,0.5267816781997681,0.553878664970398,0.5248366594314575,0.5480654835700989,0.5258213877677917,0.5284057259559631,0.6150384545326233,0.6171415448188782,0.6954067945480347,0.7022603154182434,0.7128170728683472,0.7202256321907043,0.7096400856971741,0.7154995203018188,-0.144856795668602,-0.1299618631601333,-0.1299552619457245,-0.1299295574426651,-0.1502115875482559,-0.1502197086811065,-0.1502700299024582,-0.0541997253894805,-0.1453158557415008,-0.1141670197248458,-0.1401460617780685,0.039406806230545,-0.171344369649887,0.0739127099514007,-0.20061556994915,0.0315077230334281,-0.2136697024106979,0.0276203509420156,-0.2359826117753982,0.0122499894350767,-0.24006088078022,0.0227833278477191,-0.2146820127964019,0.0651724860072135,-0.0652230829000473,0.1484417617321014,-0.0307862423360347,0.2491235435009002,0.0311247613281011,0.2562644779682159,0.0346863530576229,0.2222938239574432,-0.0229533985257148,Walk-From-Chair
155,0.9963730573654176,0.9921616911888124,0.990944802761078,0.9907768964767456,0.994603991508484,0.99480938911438,0.9951461553573608,0.97731614112854,0.9949660301208496,0.9934081435203552,0.9967924356460572,0.9959422945976256,0.999947428703308,0.0247204024344682,0.9915068745613098,0.0645767450332641,0.9685825109481812,0.0829927027225494,0.945645272731781,0.0850287452340126,0.943986475467682,0.0857863128185272,0.918067991733551,0.9924628138542176,0.99749356508255,0.5523881316184998,0.9420716762542723,0.766261875629425,0.93677818775177,0.8025386333465576,0.8877789974212646,0.8287896513938904,0.9167386293411256,0.3414041399955749,0.3381758034229278,0.338217943906784,0.3381651937961578,0.3355304002761841,0.3334561288356781,0.3309112191200256,0.3305314183235168,0.3208313584327698,0.3411545753479004,0.3377517461776733,0.3308649659156799,0.3062742352485657,0.3325116038322449,0.3007024824619293,0.3467792868614197,0.31281778216362,0.3517550230026245,0.3115113377571106,0.352036714553833,0.3187279403209686,0.3497613370418548,0.319093644618988,0.3364373743534088,0.3285233378410339,0.3223791420459747,0.3489613234996795,0.3048461973667145,0.3673420250415802,0.2961980104446411,0.3605404496192932,0.3324939608573913,0.4000406861305237,0.3492603003978729,0.339654803276062,0.3392314016819,0.3388106226921081,0.3407246768474579,0.3411761224269867,0.341713935136795,0.3428451120853424,0.3464130163192749,0.3581300973892212,0.3594839870929718,0.3937254548072815,0.3958707153797149,0.4605837166309356,0.4716874361038208,0.5155476331710815,0.5395606160163879,0.5274168252944946,0.5556550621986389,0.5305935740470886,0.5550009608268738,0.5266512632369995,0.5489300489425659,0.5259137749671936,0.5285364985466003,0.6150258183479309,0.6173542737960815,0.6954168081283569,0.7022419571876526,0.7126064300537109,0.7201358079910278,0.7096893787384033,0.7176503539085388,-0.1236361041665077,-0.1103045344352722,-0.1103061288595199,-0.1102829724550247,-0.1317014992237091,-0.1317071914672851,-0.1317700892686844,-0.0418957099318504,-0.1375501304864883,-0.0955871567130088,-0.1230779513716697,0.0453817211091518,-0.1684015542268753,0.0783687382936477,-0.1981942802667617,0.0347957201302051,-0.2113925516605377,0.0309247337281703,-0.2339115589857101,0.0151990875601768,-0.2373683750629425,0.0259232111275196,-0.2121341228485107,0.0652536898851394,-0.0653048306703567,0.1429127901792526,-0.0316290855407714,0.2374019175767898,0.0286449138075113,0.2439770698547363,0.0318371392786502,0.2099998891353607,-0.0276591833680868,Walk-From-Chair
156,0.9964078068733216,0.9923304915428162,0.9910488724708556,0.9910011291503906,0.9948076605796814,0.994991660118103,0.99538654088974,0.9777772426605223,0.9952064752578736,0.993507444858551,0.996882975101471,0.9956321120262146,0.9999395608901978,0.0247741788625717,0.9906548857688904,0.0652878955006599,0.9666528701782228,0.0844754725694656,0.9434727430343628,0.0863855704665184,0.941663146018982,0.0871906131505966,0.9150750637054444,0.9915916919708252,0.997019112110138,0.5455430746078491,0.9357966184616088,0.7586544752120972,0.9305776953697203,0.7990562319755554,0.8833469748497009,0.8203269839286804,0.906979501247406,0.3446536660194397,0.3407540023326874,0.340579628944397,0.3403037190437317,0.3385292887687683,0.3366320133209228,0.3343398571014404,0.3323005139827728,0.3240439593791961,0.3438568115234375,0.340919941663742,0.3332258760929107,0.308783620595932,0.3379945755004883,0.304518848657608,0.3551824688911438,0.3167567849159241,0.3596169352531433,0.3163967728614807,0.3599659502506256,0.3220663666725158,0.3589729070663452,0.3219327330589294,0.3363096714019775,0.3311022222042084,0.323428213596344,0.3502640128135681,0.3048066198825836,0.3668141365051269,0.2957532107830047,0.3591108918190002,0.3305134177207947,0.3992632925510406,0.3488818705081939,0.3393172025680542,0.3389644622802734,0.3386103212833404,0.3402251899242401,0.3406429290771484,0.3411805927753448,0.3428464531898498,0.3463707566261291,0.3580071032047272,0.3592968881130218,0.393736332654953,0.395834743976593,0.4605663120746612,0.4716781079769134,0.5154100656509399,0.5399503707885742,0.5253856778144836,0.555694043636322,0.5264729857444763,0.5549834370613098,0.5240143537521362,0.5489280819892883,0.5259223580360413,0.5287041068077087,0.6141471862792969,0.6171127557754517,0.6953888535499573,0.7020465731620789,0.7123491168022156,0.7200384736061096,0.7095852494239807,0.7199701070785522,-0.0962927639484405,-0.0847958773374557,-0.0848012790083885,-0.0847819820046424,-0.1061599254608154,-0.1061640605330467,-0.1062270030379295,-0.0261416137218475,-0.121977187693119,-0.0717993825674057,-0.0993160009384155,0.0504710189998149,-0.1562149822711944,0.0830149874091148,-0.188199758529663,0.0485480055212974,-0.1998233497142791,0.0480844676494598,-0.2205781638622284,0.032169871032238,-0.2227925807237625,0.0401485301554203,-0.2001095116138458,0.0635135918855667,-0.0635493099689483,0.1246774941682815,-0.0283640287816524,0.2037531584501266,0.0328566320240497,0.2091897428035736,0.0363166145980358,0.1799372285604477,-0.0172685887664556,Walk-From-Chair
157,0.996134877204895,0.9918173551559448,0.9902541041374208,0.9904494285583496,0.9946147203445436,0.9947584867477416,0.9953345060348512,0.9763014316558838,0.9951581954956056,0.9932398200035096,0.9968443512916564,0.9953011870384216,0.999933123588562,0.0242909844964742,0.9899452328681946,0.0637199357151985,0.9651815891265868,0.083167940378189,0.941806435585022,0.0849084109067916,0.939887523651123,0.0858597382903099,0.9129077196121216,0.9909231662750244,0.9967408180236816,0.5368648767471313,0.9304748773574828,0.7543347477912903,0.926734209060669,0.7993969917297363,0.8816851377487183,0.8156031370162964,0.900824248790741,0.3469257354736328,0.3431334793567657,0.3429775536060333,0.3427122235298157,0.3409434854984283,0.3390549719333648,0.3367510437965393,0.3348754048347473,0.326494425535202,0.3463448882102966,0.3434637784957886,0.3357592225074768,0.3112686276435852,0.3384708762168884,0.3068318665027618,0.3546105921268463,0.319932073354721,0.3579517602920532,0.3204116225242615,0.3602665066719055,0.3256890773773193,0.3579624593257904,0.326555073261261,0.3383017182350158,0.333434522151947,0.3252929151058197,0.3517132699489593,0.3051906228065491,0.3669996857643127,0.2957446575164795,0.360049158334732,0.3306698501110077,0.4002645909786224,0.3489079773426056,0.339335560798645,0.3389910161495209,0.3386389911174774,0.3402346968650818,0.3406525254249573,0.3411882519721985,0.3429400324821472,0.3464668393135071,0.358095109462738,0.3593437373638153,0.3938063979148865,0.3960331678390503,0.4605851769447326,0.4725718200206756,0.5158374309539795,0.5411278605461121,0.5275514125823975,0.556592583656311,0.5292078256607056,0.5553939342498779,0.5255264639854431,0.5492014288902283,0.5290778875350952,0.5316352248191833,0.6141351461410522,0.6176497936248779,0.69538414478302,0.7020283937454224,0.7123281359672546,0.7200185656547546,0.7095428705215454,0.7208549380302429,-0.0991201549768447,-0.0883966833353042,-0.0884037166833877,-0.0883858129382133,-0.109876200556755,-0.1098827570676803,-0.1099488958716392,-0.0303707979619503,-0.1266198754310608,-0.0746558085083961,-0.102333202958107,0.048070304095745,-0.1600126028060913,0.0815590023994445,-0.190493494272232,0.0478692799806594,-0.1979162693023681,0.0465253852307796,-0.2187043130397796,0.0311745516955852,-0.220953032374382,0.0396813787519931,-0.1981658786535263,0.0636126324534416,-0.0636481791734695,0.1306775361299514,-0.0223746206611394,0.2045598775148391,0.0495659485459327,0.2115158289670944,0.0546396486461162,0.1978211998939514,0.0033068999182432,Walk-From-Chair
158,0.9957928657531738,0.991156816482544,0.989317774772644,0.9896165728569032,0.994352638721466,0.9945021271705629,0.9952279329299928,0.9740959405899048,0.9950843453407288,0.9925427436828612,0.9966477155685424,0.9947685599327089,0.999926209449768,0.0232155304402112,0.9894528388977052,0.0609298646450042,0.9640690088272096,0.0802244246006012,0.9403589367866516,0.0818104445934295,0.9383445382118224,0.0827673897147178,0.9107890129089355,0.9901764988899232,0.996454119682312,0.5308775305747986,0.9293687343597412,0.752177357673645,0.9263126850128174,0.8005921244621277,0.8821832537651062,0.8138446807861328,0.8993654251098633,0.3494037687778473,0.3454896509647369,0.3453866839408874,0.3451791405677795,0.3431189656257629,0.3411554098129272,0.3388063013553619,0.3375220894813537,0.3287184834480285,0.34902423620224,0.3459354937076568,0.3386022746562958,0.3140845596790313,0.3388600647449493,0.3103340268135071,0.3538041710853576,0.3231560587882995,0.3581830263137817,0.3245959281921386,0.3593425452709198,0.3301300406455993,0.3570118248462677,0.3301679491996765,0.3426196277141571,0.3376155197620392,0.3283844590187073,0.3518382310867309,0.3057140111923218,0.3663769960403442,0.2957450747489929,0.3592243790626526,0.3319578468799591,0.3995756506919861,0.3489249050617218,0.3393439054489136,0.3389972150325775,0.3386442363262176,0.3402445912361145,0.3406584858894348,0.3412031829357147,0.3429829180240631,0.3466866612434387,0.3581759631633758,0.3594406247138977,0.3939684629440307,0.3964518010616302,0.4610967636108398,0.4726331532001495,0.5179093480110168,0.5415729880332947,0.5322983860969543,0.557092547416687,0.532655656337738,0.555622398853302,0.5283330082893372,0.5493837594985962,0.5294371843338013,0.5319420099258423,0.6141554117202759,0.6176350116729736,0.6951984763145447,0.7021220326423645,0.7123230695724487,0.7199824452400208,0.7097315192222595,0.7212988138198853,-0.111323669552803,-0.0992948412895202,-0.0992993712425232,-0.0992777496576309,-0.1204259395599365,-0.1204346865415573,-0.120493933558464,-0.0344030335545539,-0.129887506365776,-0.0846215710043907,-0.1118919104337692,0.0477590635418891,-0.1691534519195556,0.0796171650290489,-0.2021898031234741,0.0460103899240493,-0.2076461762189865,0.043167345225811,-0.2298435270786285,0.0270039979368448,-0.2296012938022613,0.0372643545269966,-0.2070746719837188,0.0657562166452407,-0.06581811606884,0.1480949074029922,-0.0182034932076931,0.2493694126605987,0.0627886429429054,0.2574345171451568,0.0688462406396865,0.2297520190477371,0.0163161270320415,Walk-From-Chair
159,0.99482399225235,0.9892046451568604,0.9867183566093444,0.9873272180557252,0.9933214783668518,0.9934324622154236,0.9945576190948486,0.968990683555603,0.9944394826889038,0.990896224975586,0.9960222244262696,0.9937626123428344,0.9999114274978638,0.0220885854214429,0.9888643026351928,0.0582888983190059,0.9630153775215148,0.0774781852960586,0.9390531182289124,0.0789228528738021,0.9369858503341676,0.079970397055149,0.909102201461792,0.9885507822036744,0.9957127571105956,0.5150514841079712,0.9208543300628662,0.7385934591293335,0.920097589492798,0.7955994009971619,0.8789254426956177,0.8029903769493103,0.8908930420875549,0.3518332839012146,0.3479165732860565,0.3478290438652038,0.3476548194885254,0.3455153703689575,0.3435356914997101,0.3412186503410339,0.340290367603302,0.3315388560295105,0.3514769673347473,0.3482875823974609,0.3398444056510925,0.317276656627655,0.3393946290016174,0.3128834068775177,0.3550329208374023,0.3262647092342376,0.3601892292499542,0.3272225558757782,0.3610073029994964,0.3328891396522522,0.3585257828235626,0.3338289260864258,0.3453015685081482,0.3401689529418945,0.329379677772522,0.3538554608821869,0.3058174550533294,0.3668341636657715,0.2957239151000976,0.3598732650279999,0.3322293162345886,0.3989490866661072,0.348853200674057,0.3392588198184967,0.3389156758785248,0.3385661840438843,0.3401612937450409,0.3405904769897461,0.3411512374877929,0.3429650366306305,0.34668830037117,0.3581454157829284,0.3594215512275696,0.3940804898738861,0.3965597152709961,0.4614030718803406,0.4726155400276184,0.5189256072044373,0.5417153835296631,0.5340269804000854,0.5573780536651611,0.5341368913650513,0.5557529926300049,0.5296840071678162,0.5494838953018188,0.5299443006515503,0.5328124165534973,0.6142842769622803,0.6182129979133606,0.6951948404312134,0.7021282911300659,0.7124456763267517,0.7196980714797974,0.7097780108451843,0.7216845750808716,-0.1114310473203659,-0.0998347476124763,-0.0998399034142494,-0.0998208075761795,-0.1212524622678756,-0.1212626248598098,-0.1213303357362747,-0.0370707139372825,-0.1328555643558502,-0.0854608491063118,-0.1130594462156295,0.0470139421522617,-0.1694094240665435,0.0761546641588211,-0.2026888132095337,0.04276904463768,-0.2081741392612457,0.0395350977778434,-0.2303672283887863,0.0234549809247255,-0.2303362339735031,0.0337299071252346,-0.2077141553163528,0.0657544061541557,-0.0658159404993057,0.1474349796772003,-0.0094126109033823,0.2481465339660644,0.0792320668697357,0.255413681268692,0.0863479077816009,0.2232821732759475,0.0373223610222339,Walk-From-Chair
160,0.9940530061721802,0.9876627922058104,0.9846861362457277,0.9855969548225404,0.9924942851066588,0.9925682544708252,0.9940127730369568,0.9652721881866456,0.9938918948173524,0.98961341381073,0.9954904913902284,0.992922306060791,0.999895453453064,0.021201429888606,0.988065779209137,0.0561151057481765,0.9616712331771852,0.0753675103187561,0.9375582337379456,0.0766634345054626,0.9353775382041932,0.0778111070394516,0.9069817066192628,0.9869176149368286,0.9948421120643616,0.4969149827957153,0.910320520401001,0.7212839722633362,0.9122385382652284,0.7885800004005432,0.8747145533561707,0.788838803768158,0.8797366619110107,0.3547964990139007,0.3509702384471893,0.350877583026886,0.3506931364536285,0.3486908376216888,0.3467650413513183,0.3444969058036804,0.3431546688079834,0.3348962664604187,0.35427987575531,0.3513148427009582,0.3413346409797668,0.320521742105484,0.3422790169715881,0.3175304532051086,0.3589326739311218,0.3303821682929992,0.3643331527709961,0.3316795229911804,0.3649685084819793,0.3374190032482147,0.362443596124649,0.337510198354721,0.3467981219291687,0.3433340787887573,0.3320513665676117,0.3553811013698578,0.3076936304569244,0.3679189682006836,0.2968344688415527,0.360971599817276,0.3333889245986938,0.3994883000850677,0.3488504588603973,0.3392634987831116,0.3389207124710083,0.3385719060897827,0.3401671051979065,0.3405965268611908,0.3411579430103302,0.3429669737815857,0.34668630361557,0.3581485450267792,0.3594209849834442,0.3941059708595276,0.396544486284256,0.4616154730319977,0.472865879535675,0.5193994641304016,0.5418428182601929,0.5348061323165894,0.557515561580658,0.5348146557807922,0.5557727217674255,0.5303581953048706,0.5495468378067017,0.5307915210723877,0.5335775017738342,0.6139081716537476,0.6181859970092773,0.693989098072052,0.7022202610969543,0.7102661728858948,0.7195723652839661,0.709293007850647,0.7219043970108032,-0.1027544364333152,-0.0911521092057228,-0.091161698102951,-0.0911447778344154,-0.1128455251455307,-0.1128525957465171,-0.1129209026694297,-0.0309765096753835,-0.1281403005123138,-0.07748843729496,-0.1053999662399292,0.0480450615286827,-0.165644109249115,0.0772966369986534,-0.2007043361663818,0.0442450568079948,-0.2062428444623947,0.0424740463495254,-0.2285161465406417,0.0272061023861169,-0.2284061908721923,0.0358377136290073,-0.2057888060808181,0.0657302811741828,-0.0657909885048866,0.1445958316326141,-0.0062768654897809,0.2415542900562286,0.084461860358715,0.2489681243896484,0.0917763411998748,0.2221105545759201,0.0443491525948047,Walk-From-Chair
161,0.9943770170211792,0.9883179664611816,0.985432267189026,0.9862658977508544,0.99294513463974,0.9930126667022704,0.9943810105323792,0.9666954874992372,0.9942415952682496,0.9898756146430968,0.9956143498420716,0.9927955269813538,0.9998908638954164,0.0210124086588621,0.987633228302002,0.05680688098073,0.9600980281829834,0.0762359127402305,0.935296893119812,0.0775933563709259,0.9332745671272278,0.0785421207547187,0.90431946516037,0.9862765669822692,0.994651734828949,0.4988383054733276,0.9111001491546632,0.721670389175415,0.9127827286720276,0.7894400954246521,0.8758041858673096,0.787939190864563,0.8798266649246216,0.3571357429027557,0.3538098931312561,0.3538712859153747,0.3538397848606109,0.351122111082077,0.3489808142185211,0.3464435338973999,0.3464822769165039,0.336841881275177,0.3568933308124542,0.3535661399364471,0.3447896242141723,0.3229691684246063,0.3461162447929382,0.3202571272850036,0.3640814423561096,0.3326972723007202,0.3698461651802063,0.33421191573143,0.3709067404270172,0.3401511013507843,0.3680923581123352,0.3399688005447387,0.350471019744873,0.3466267585754394,0.3345230221748352,0.3568799793720245,0.3084865510463714,0.3686317801475525,0.2969182729721069,0.3611158728599548,0.3338273465633392,0.4004468023777008,0.3488913178443908,0.3393656015396118,0.3389975130558014,0.3386208713054657,0.3403601348400116,0.3408370316028595,0.3414281010627746,0.342922031879425,0.3466871082782745,0.3581522703170776,0.3594296872615814,0.3937559425830841,0.3964287340641022,0.4611636400222778,0.4729351997375488,0.5193451046943665,0.5418223142623901,0.5342723727226257,0.5575758218765259,0.5344339609146118,0.5558326840400696,0.5301747918128967,0.5495738983154297,0.5305721163749695,0.5330228805541992,0.6134588718414307,0.6175697445869446,0.6931089162826538,0.7022184729576111,0.709426999092102,0.7195636034011841,0.7094074487686157,0.72184157371521,-0.1282166987657547,-0.1147087588906288,-0.1147076860070228,-0.1146924123167991,-0.1355928927659988,-0.135604977607727,-0.1356571018695831,-0.0444120317697525,-0.1378934830427169,-0.0989984571933746,-0.1257601231336593,0.045912280678749,-0.1698334068059921,0.0768084973096847,-0.2021745890378952,0.0415694899857044,-0.2132567912340164,0.0402614139020442,-0.2358580529689788,0.0236447639763355,-0.2366873025894165,0.03257767111063,-0.2131340205669403,0.0657708123326301,-0.0658295154571533,0.1443381607532501,-0.0099169146269559,0.2421975135803222,0.0663059055805206,0.2496339827775955,0.0717252045869827,0.2206788063049316,0.024978507310152,Walk-From-Chair
162,0.994890034198761,0.989382803440094,0.9867427349090576,0.9874746799468994,0.9936001896858216,0.9936652183532716,0.9949054718017578,0.9695160388946532,0.9947786927223206,0.990717887878418,0.9959937334060668,0.9929935932159424,0.9998964071273804,0.0209095440804958,0.988281786441803,0.057563055306673,0.9618380069732666,0.0770352110266685,0.9375701546669006,0.0783347934484481,0.9357041716575624,0.0791626125574112,0.9076472520828248,0.98638916015625,0.9948630332946776,0.5135741829872131,0.916381061077118,0.7313440442085266,0.9176727533340454,0.7952876687049866,0.8816832900047302,0.7939054369926453,0.8861480951309204,0.3591564893722534,0.3560545742511749,0.3562544882297516,0.3563618659973144,0.3529610931873321,0.3506073355674743,0.3478030264377594,0.3497050404548645,0.3385186791419983,0.3593523800373077,0.3556720614433288,0.3484505116939544,0.324976772069931,0.3490931987762451,0.3226246237754822,0.3634690046310425,0.3355341851711273,0.3687893152236938,0.3363802134990692,0.3698182702064514,0.3417614102363586,0.3670530319213867,0.3415478765964508,0.3535934388637543,0.3486523330211639,0.3383499085903168,0.3587736487388611,0.3091312348842621,0.3689687848091125,0.2985251545906067,0.3605994284152984,0.3384526073932647,0.4005149900913238,0.3485227227210998,0.3390688598155975,0.338632732629776,0.3381803333759308,0.3402752876281738,0.3408197164535522,0.3414354622364044,0.3423307538032532,0.3466516137123108,0.3577103614807129,0.359221488237381,0.3924644291400909,0.3959493041038513,0.4609661400318146,0.4729091823101043,0.5184109807014465,0.5417671799659729,0.5339691638946533,0.557807981967926,0.5341375470161438,0.5558955073356628,0.529071033000946,0.5497713088989258,0.5266801714897156,0.5278759598731995,0.6112789511680603,0.6131483316421509,0.6902869343757629,0.7014824748039246,0.7056774497032166,0.7195413708686829,0.7094166874885559,0.7225188612937927,-0.1537248492240905,-0.138543888926506,-0.1385397017002105,-0.1385116577148437,-0.1590507924556732,-0.1590720415115356,-0.159116044640541,-0.0602187998592853,-0.1518217772245407,-0.1219365447759628,-0.148186907172203,0.0432900711894035,-0.1777192205190658,0.0767787471413612,-0.2039024084806442,0.0345841869711875,-0.223359540104866,0.0318020805716514,-0.2478809058666229,0.013557736761868,-0.2493966519832611,0.0246225912123918,-0.2233988493680954,0.0666633993387222,-0.0667131394147872,0.1427144557237625,-0.0533819422125816,0.2413491904735565,-0.009804056957364,0.2483043670654297,-0.0084928898140788,0.2151076346635818,-0.0716102048754692,Walk-From-Chair
163,0.9953297972679138,0.990285575389862,0.9878440499305724,0.9884912371635436,0.9941665530204772,0.9942314624786376,0.9953604936599731,0.9717566967010498,0.9952417016029358,0.9914593696594238,0.9963297247886658,0.9932347536087036,0.9999018311500548,0.0211364552378654,0.9888941645622252,0.0585416220128536,0.963526487350464,0.0781283676624298,0.9398577213287354,0.0793028473854065,0.9380410313606262,0.0799634158611297,0.9106459021568298,0.9866154193878174,0.9950768947601318,0.525966227054596,0.9203223586082458,0.7394132614135742,0.9218288660049438,0.800212025642395,0.8871488571166992,0.7999528050422668,0.892322301864624,0.3618480861186981,0.3587705492973327,0.3589522242546081,0.359043151140213,0.3556789755821228,0.3532803654670715,0.3503729701042175,0.3522117137908935,0.3407049775123596,0.3619247078895569,0.3582338690757751,0.3517888188362121,0.327238529920578,0.3538058400154114,0.3248419761657715,0.3666839301586151,0.3393717408180237,0.372002899646759,0.339761883020401,0.3724624514579773,0.3450925052165985,0.3696584403514862,0.3459957242012024,0.3593737483024597,0.3529261946678161,0.3443381488323211,0.3615707457065582,0.3127034306526184,0.3694579005241394,0.3015117049217224,0.36069455742836,0.3415832817554474,0.4007869660854339,0.3478983342647552,0.3385499715805053,0.3380703628063202,0.3375619947910309,0.3399042785167694,0.3405284881591797,0.3412042558193207,0.3414217829704284,0.3460888564586639,0.3570223152637481,0.3586005866527557,0.3908327519893646,0.3958102166652679,0.4600509107112884,0.4729490280151367,0.517362654209137,0.5419086217880249,0.5318490266799927,0.5585377812385559,0.5309578776359558,0.557471513748169,0.5281350016593933,0.550570547580719,0.5228930711746216,0.5253276228904724,0.6097184419631958,0.6109365820884705,0.6884719729423523,0.7014837861061096,0.701678454875946,0.7194703221321106,0.710209846496582,0.7223981618881226,-0.1637057512998581,-0.1487212479114532,-0.1487229764461517,-0.1486902087926864,-0.1702827662229538,-0.1703111976385116,-0.1703739464282989,-0.0695858746767044,-0.1661763042211532,-0.1316650956869125,-0.1594078838825225,0.0363105796277523,-0.1903655081987381,0.075260192155838,-0.2127972096204757,0.0294858552515506,-0.2342235296964645,0.0258195288479328,-0.2596352398395538,0.0071444944478571,-0.2622292637825012,0.0192970894277095,-0.234673336148262,0.0673731639981269,-0.0674080401659011,0.1414089500904083,-0.0632814019918441,0.2411895543336868,-0.0201523527503013,0.2481192052364349,-0.019215315580368,0.2116570919752121,-0.0907898172736167,Walk-From-Chair
164,0.995772898197174,0.9911974668502808,0.9889805316925048,0.9895495772361756,0.9947221875190736,0.9947847723960876,0.9958031177520752,0.9743058681488036,0.9957027435302734,0.9922468662261964,0.9966753125190736,0.9937750697135924,0.9999096989631652,0.0222744550555944,0.9897260665893556,0.0615037530660629,0.9656203985214232,0.0811474993824958,0.9427546858787536,0.0823072791099548,0.9410635232925416,0.082861453294754,0.9146697521209716,0.9877349138259888,0.995488703250885,0.5434427857398987,0.9266515970230104,0.7543298006057739,0.9279735088348388,0.8109949231147766,0.8944079875946045,0.8120115995407104,0.9010463953018188,0.3645849227905273,0.3615190386772156,0.3616860210895538,0.3617588877677917,0.3585019707679748,0.3561730086803436,0.3532996475696563,0.3544785976409912,0.3431760370731354,0.364575445652008,0.3608703017234802,0.3549502491950989,0.3294989168643951,0.3574307858943939,0.3273436427116394,0.3679825961589813,0.3410617709159851,0.3725706934928894,0.3426533341407776,0.3731555938720703,0.3480463325977325,0.3706404566764831,0.3477635979652405,0.3652797341346741,0.3545909821987152,0.3522917330265045,0.3635899722576141,0.3171613216400146,0.3687557876110077,0.3081470131874084,0.3583292663097381,0.343970388174057,0.4000583589076996,0.3467951714992523,0.3375950157642364,0.3371064066886902,0.3365904688835144,0.3389974236488342,0.3396728634834289,0.3404115438461303,0.3404164314270019,0.3451899588108063,0.3561097085475921,0.3577087521553039,0.3900829255580902,0.3956171870231628,0.4587872624397278,0.4729863405227661,0.516382098197937,0.5416802167892456,0.5313918590545654,0.5585249662399292,0.5299786925315857,0.557430624961853,0.5263774991035461,0.5504828691482544,0.5196488499641418,0.5232954621315002,0.6084804534912109,0.6079719066619873,0.6858490109443665,0.7006388306617737,0.6986353397369385,0.7181955575942993,0.7110320925712585,0.7222679853439331,-0.1849407106637954,-0.1690707504749298,-0.1690766960382461,-0.1690509021282196,-0.1909183710813522,-0.1909561306238174,-0.1910121738910675,-0.0841289386153221,-0.1826627999544143,-0.1507016718387603,-0.1790047436952591,0.0288879517465829,-0.2025459110736847,0.0723632872104644,-0.2225548774003982,0.0204560551792383,-0.2444366663694381,0.0148148611187934,-0.2713906168937683,-0.0052950968965888,-0.2742004990577698,0.0094630746170878,-0.2451034784317016,0.0716700702905654,-0.0716977566480636,0.1422082781791687,-0.0735801979899406,0.2482296973466873,-0.0125744473189115,0.2552116811275482,-0.0096658822149038,0.2122915238142013,-0.0786706432700157,Walk-From-Chair
165,0.9961530566215516,0.9919791221618652,0.9899491667747498,0.990442991256714,0.9952085614204408,0.9952709674835204,0.9961915612220764,0.9764060378074646,0.9961087107658386,0.9929267168045044,0.9969778656959534,0.9942004680633544,0.9999160170555116,0.0231525134295225,0.9904487133026124,0.0632758066058158,0.9675070643424988,0.0830741077661514,0.9453969597816468,0.0841475799679756,0.9437947869300842,0.084500715136528,0.9181789755821228,0.9886132478713988,0.9958271980285645,0.5629926919937134,0.9317312836647034,0.7671831846237183,0.9333899617195128,0.8206135630607605,0.9011133909225464,0.8227414488792419,0.90891832113266,0.3675009608268738,0.3641522526741028,0.3642220497131347,0.3642137944698334,0.3613411784172058,0.3590855300426483,0.3562453687191009,0.3566266298294067,0.3459341824054718,0.3673816323280334,0.3638968467712402,0.3581480383872986,0.3318774104118347,0.3603778779506683,0.3293474018573761,0.3699802756309509,0.3424213528633117,0.3721290230751037,0.3436915278434753,0.3756007552146911,0.349529504776001,0.3725687265396118,0.3498294949531555,0.3707973062992096,0.3572967648506164,0.3572977781295776,0.365358293056488,0.3224571347236633,0.3663622736930847,0.3098033368587494,0.3562130331993103,0.3447664678096771,0.3990828394889831,0.3463294208049774,0.3371616899967193,0.3366694152355194,0.3361433446407318,0.3385183215141296,0.3391492068767547,0.3398661315441131,0.3398236632347107,0.3445598483085632,0.3558111488819122,0.3572928011417389,0.3886518180370331,0.3955747783184051,0.4580837488174438,0.4729113578796386,0.5131869912147522,0.541027843952179,0.5312557816505432,0.5584217309951782,0.5291405916213989,0.5574037432670593,0.5222784280776978,0.5504190325737,0.5175901651382446,0.5220333337783813,0.6065546274185181,0.6075314283370972,0.6833177208900452,0.6994993090629578,0.6934216618537903,0.7179269194602966,0.7100265026092529,0.7220374941825867,-0.1869818568229675,-0.1706151068210601,-0.1706229299306869,-0.170591801404953,-0.1932560801506042,-0.1932986974716186,-0.1933682858943939,-0.0847596824169159,-0.1867012679576873,-0.152533009648323,-0.1818552017211914,0.0266563184559345,-0.2067679911851883,0.0714523196220398,-0.2284858524799347,0.0202325135469436,-0.2509303987026214,0.0150698479264974,-0.2780987918376922,-0.0046181664802134,-0.2810091376304626,0.0094562768936157,-0.2517136633396148,0.073276400566101,-0.0733109265565872,0.1465598046779632,-0.0745792984962463,0.2584302723407745,-0.0122304260730743,0.2658956348896026,-0.0094530042260885,0.2211687266826629,-0.0828654319047927,Walk-From-Chair
166,0.9965088367462158,0.9927119612693788,0.990848422050476,0.9912762641906738,0.9956588745117188,0.995718479156494,0.9965490102767944,0.9782677292823792,0.996483325958252,0.9935068488121032,0.9972426891326904,0.99462628364563,0.9999207258224488,0.0233286898583173,0.9911633729934692,0.0656552389264106,0.9696466326713562,0.085685446858406,0.9483928084373474,0.0869556590914726,0.9469196200370787,0.0873520672321319,0.9222842454910278,0.989644169807434,0.996147871017456,0.5812693238258362,0.9372187256813048,0.7805860638618469,0.9385144114494324,0.8283348679542542,0.9062851071357728,0.8340160846710205,0.9163707494735718,0.3708675503730774,0.3672956228256225,0.3674422800540924,0.3675098419189453,0.3642172813415527,0.3618702888488769,0.3589475750923157,0.3603425621986389,0.3485763669013977,0.371044784784317,0.3673179745674133,0.3606542348861694,0.334993839263916,0.3623220324516296,0.3325181603431701,0.373378187417984,0.3457297384738922,0.3745881915092468,0.3464202284812927,0.3794086575508117,0.3522926867008209,0.3765827715396881,0.3529163897037506,0.374307781457901,0.3609145581722259,0.3652626872062683,0.367851197719574,0.350210040807724,0.3418801426887512,0.3400781750679016,0.3226662278175354,0.380059540271759,0.3506372570991516,0.3455182313919067,0.3360769152641296,0.3355874121189117,0.3350752592086792,0.3376030623912811,0.3383571207523346,0.3392076790332794,0.3390229344367981,0.3442803919315338,0.3551531732082367,0.3568195402622223,0.3882288932800293,0.3955861032009125,0.4582573175430298,0.4727138578891754,0.512843668460846,0.540655255317688,0.5302140712738037,0.5583174824714661,0.5281031727790833,0.5574228167533875,0.5216172933578491,0.5504343509674072,0.5179640054702759,0.5219171047210693,0.6068734526634216,0.6081463694572449,0.6842848062515259,0.6929172277450562,0.7048960328102112,0.6899551153182983,0.7119271159172058,0.7157584428787231,-0.2227782309055328,-0.2046568393707275,-0.2046637088060379,-0.2046445161104202,-0.2274588793516159,-0.227515622973442,-0.2275819033384323,-0.1084992662072181,-0.2114991396665573,-0.1844863891601562,-0.2141194343566894,0.0136609775945544,-0.2275383919477462,0.0619220621883869,-0.2489433288574218,0.0099710989743471,-0.2695651650428772,0.0049379849806427,-0.2979437112808227,-0.0169406570494174,-0.2998824715614319,-0.0017779724439606,-0.269988477230072,0.0750573277473449,-0.0751079022884368,0.1388761550188064,-0.0632776319980621,0.2570097148418426,0.0510147586464881,0.2642556428909302,0.0603747181594371,0.2131824195384979,0.003955153748393,Walk-From-Chair
167,0.99636048078537,0.9923509955406188,0.9904620051383972,0.9910889863967896,0.9955348372459412,0.9956276416778564,0.9964544773101808,0.9775046706199646,0.99644672870636,0.9935644865036012,0.9972813725471495,0.9948034286499025,0.999918520450592,0.0242722295224666,0.991188943386078,0.0659844353795051,0.9698956608772278,0.0863451808691024,0.9487910270690918,0.0874517261981964,0.947088360786438,0.0879501551389694,0.9212860465049744,0.9902359843254088,0.9962744116783142,0.5731573104858398,0.9363116025924684,0.7733567357063293,0.9393068552017212,0.8259732723236084,0.9074474573135376,0.8345770239830017,0.918848156929016,0.3737296462059021,0.3698907792568207,0.369811087846756,0.3696411252021789,0.3675921261310577,0.3657081127166748,0.3633908331394195,0.3615655303001404,0.3528689444065094,0.3736722767353058,0.370800256729126,0.3616430163383484,0.3388231098651886,0.3634173274040222,0.3361928761005401,0.3728230595588684,0.3500869870185852,0.3757685422897339,0.3500631153583526,0.3775214254856109,0.3576022386550903,0.3751054406166076,0.3571093678474426,0.37453693151474,0.363995760679245,0.3669930100440979,0.3702895939350128,0.3442822396755218,0.3500805795192718,0.3308831453323364,0.3405872285366058,0.367334634065628,0.3746512532234192,0.3438356518745422,0.3347596526145935,0.3343949615955353,0.3340210020542145,0.3361144959926605,0.3368538618087768,0.3377039134502411,0.3384120762348175,0.3433398008346557,0.353738009929657,0.3553967475891113,0.388357937335968,0.3955115675926208,0.4619893431663513,0.4727113544940948,0.5224702954292297,0.5414465665817261,0.5415022373199463,0.5585404634475708,0.53953617811203,0.5577389001846313,0.5324410796165466,0.551044762134552,0.5182613730430603,0.5229074954986572,0.6070181727409363,0.6082283854484558,0.6849327087402344,0.6933010220527649,0.6907291412353516,0.7016504406929016,0.7081872820854187,0.7169434428215027,-0.1894623935222625,-0.1747117936611175,-0.174723595380783,-0.1747004836797714,-0.1996375620365142,-0.1996748596429824,-0.1997620910406112,-0.0967169404029846,-0.2154802829027176,-0.1569774448871612,-0.1896025389432907,0.0071311676874756,-0.2441074401140213,0.0515277758240699,-0.2747042775154114,0.0068978988565504,-0.2876896560192108,0.0016306294128298,-0.3168950378894806,-0.0182359684258699,-0.318281352519989,-0.0038986287545412,-0.2879396378993988,0.0770699232816696,-0.0771204233169555,0.1807773560285568,-0.0222597457468509,0.3235376477241516,0.0869189649820327,0.3348385989665985,0.0943767130374908,0.2951304912567138,0.0255147870630025,Walk-From-Chair
168,0.9964835047721864,0.9924808144569396,0.9906211495399476,0.991263508796692,0.995716154575348,0.9958201050758362,0.9965976476669312,0.9777243733406068,0.9965566396713256,0.993732213973999,0.9973881244659424,0.9948959946632384,0.9999189376831056,0.0260649379342794,0.9911242127418518,0.0691319033503532,0.9702310562133788,0.090325079858303,0.949371576309204,0.0914694592356681,0.9475723505020142,0.091613233089447,0.9211663603782654,0.9904788732528688,0.9963887333869934,0.5804225206375122,0.936539351940155,0.7724155783653259,0.9415900707244872,0.8267368078231812,0.910458207130432,0.8383340835571289,0.92246276140213,0.376377522945404,0.3727063536643982,0.3726568818092346,0.3725034296512604,0.3702105581760406,0.3682447075843811,0.3657713532447815,0.3644182085990906,0.3550294935703277,0.3761661350727081,0.3730410933494568,0.3623183965682983,0.3412914872169494,0.370107889175415,0.3412977457046509,0.3839731812477112,0.3556030392646789,0.3886886239051819,0.3575955033302307,0.3893778026103973,0.36354660987854,0.3867673575878143,0.363021582365036,0.3749103546142578,0.3669294416904449,0.3705429434776306,0.375194251537323,0.3393490016460418,0.3595351278781891,0.3276014924049377,0.3519768416881561,0.3606490790843963,0.3895959854125976,0.3438166975975036,0.3346829116344452,0.3343152999877929,0.3339406549930572,0.3360700905323028,0.3368324637413025,0.3377180695533752,0.338416039943695,0.3433457016944885,0.3537394106388092,0.3554405272006988,0.3884926736354828,0.3961838483810425,0.4633869230747223,0.4737767279148102,0.5219884514808655,0.5420688390731812,0.5390670299530029,0.558677613735199,0.5367792248725891,0.5577179789543152,0.5317333936691284,0.5512436032295227,0.5219734311103821,0.5280151963233948,0.6070584058761597,0.6109421849250793,0.6738113164901733,0.6988843083381653,0.6788928508758545,0.7123792767524719,0.6956253051757812,0.7188559174537659,-0.1818848252296447,-0.1677986234426498,-0.1678109019994735,-0.1677855104207992,-0.1929430663585662,-0.1929775476455688,-0.1930660307407379,-0.0904555767774581,-0.2052688598632812,-0.1498891562223434,-0.1825123727321624,0.0117140207439661,-0.2321536540985107,0.0572647042572498,-0.2608337998390198,0.0108646275475621,-0.2770316302776336,0.0057883653789758,-0.3045495152473449,-0.0128085073083639,-0.3079189360141754,0.0003884993202518,-0.2778300344944,0.075972206890583,-0.0760203227400779,0.1900991648435592,-0.0084003387019038,0.3314895629882812,0.0991503223776817,0.3434558510780334,0.1063857525587081,0.3128529191017151,0.0391785055398941,Walk-From-Chair
169,0.9961662888526917,0.9912346601486206,0.9892500042915344,0.9902271628379822,0.995148241519928,0.9953372478485109,0.9961864948272704,0.9754942655563354,0.9961054921150208,0.9934197068214417,0.9972871541976928,0.9949815273284912,0.9999175071716307,0.0263004247099161,0.991259515285492,0.0687295347452163,0.97112375497818,0.0904683321714401,0.9506366848945618,0.0916579291224479,0.9486957788467408,0.0917858630418777,0.9220149517059326,0.9908955097198486,0.996468424797058,0.5754055380821228,0.9372441172599792,0.7644175887107849,0.9444625377655028,0.8217921257019043,0.913950741291046,0.840940535068512,0.926706314086914,0.378784716129303,0.3752683699131012,0.3751584589481354,0.3749489188194275,0.3730899691581726,0.3712697923183441,0.368938148021698,0.3666980564594269,0.3578105568885803,0.3784770965576172,0.3756809830665588,0.3637818396091461,0.3441786468029022,0.3697659969329834,0.3441775441169739,0.3836391568183899,0.361304372549057,0.3884090185165405,0.3633903861045837,0.3881711363792419,0.3705258667469024,0.3857931196689605,0.3694530725479126,0.376902163028717,0.368918776512146,0.3770843148231506,0.3755624294281006,0.3489248752593994,0.3635872006416321,0.3383370339870453,0.3560715019702911,0.3677653670310974,0.3929397165775299,0.3439367711544037,0.3347854316234588,0.3344120681285858,0.3340315818786621,0.3361600041389465,0.3369006514549255,0.3377567529678345,0.3384753167629242,0.3433395326137543,0.3538148999214172,0.355506420135498,0.3886255025863647,0.3956710398197174,0.4645854234695434,0.4740535318851471,0.5246378779411316,0.542249321937561,0.5424462556838989,0.5588127374649048,0.5402840375900269,0.5577048659324646,0.5346739888191223,0.55123370885849,0.5269597768783569,0.5308152437210083,0.607282817363739,0.6153414249420166,0.6751755475997925,0.7022116184234619,0.6844395995140076,0.7170283198356628,0.6983708143234253,0.7189865708351135,-0.1556993871927261,-0.1449064314365387,-0.1449393928050995,-0.1449202001094818,-0.1723920553922653,-0.1724267899990081,-0.1725306957960128,-0.0833265259861946,-0.195654958486557,-0.1281604170799255,-0.16394904255867,0.014496493153274,-0.2268659323453903,0.0574028491973876,-0.2600001692771911,0.0121474144980311,-0.2744426131248474,0.0065512889996171,-0.3036006093025207,-0.0119433496147394,-0.3048943281173706,0.0018163792556151,-0.2747780978679657,0.0753564685583114,-0.0754040852189064,0.185802012681961,0.0210722535848617,0.3242695033550262,0.1528003513813018,0.335901528596878,0.1627528965473175,0.3024330735206604,0.0998084768652916,Walk-From-Chair
170,0.995607852935791,0.9895192980766296,0.9874111413955688,0.9887480735778807,0.9940983653068542,0.994435489177704,0.9954372644424438,0.9722946882247924,0.9952673316001892,0.9926022291183472,0.9969538450241088,0.9950224161148072,0.999912440776825,0.0257379822432994,0.991226315498352,0.0660545825958252,0.9718023538589478,0.0876794606447219,0.951530694961548,0.0889098569750785,0.9493844509124756,0.0891955345869064,0.9221470355987548,0.9912015795707704,0.9964695572853088,0.5527883172035217,0.9352535009384156,0.7428781390190125,0.945324957370758,0.8045624494552612,0.9135512113571168,0.8356250524520874,0.9282716512680054,0.3809204995632171,0.3771094083786011,0.3768845498561859,0.3765884935855865,0.3753267526626587,0.3737344443798065,0.3717834651470184,0.3681299090385437,0.3608711361885071,0.380403459072113,0.3782004714012146,0.3648409843444824,0.3473474383354187,0.3706027865409851,0.3463570475578308,0.3880603909492492,0.3646897673606872,0.3884760439395904,0.3687211871147156,0.3921786248683929,0.3741856515407562,0.3898717761039734,0.3729524910449981,0.3789168298244476,0.3718895316123962,0.3811930119991302,0.3787799775600433,0.3622494637966156,0.3667172789573669,0.3526104092597961,0.3580977320671081,0.3845221698284149,0.3958521783351898,0.3438020944595337,0.3345458805561065,0.3341539800167084,0.3337506353855133,0.3357675969600677,0.3363533616065979,0.3370392918586731,0.338312953710556,0.3429277837276459,0.3536261618137359,0.3552519083023071,0.388669341802597,0.395462155342102,0.4649743139743805,0.4750382304191589,0.5252432227134705,0.5428306460380554,0.5408852100372314,0.5591202974319458,0.5405140519142151,0.557693600654602,0.5355249047279358,0.5512349009513855,0.5287905335426331,0.5328639149665833,0.6079478859901428,0.6187502145767212,0.6772165298461914,0.7026202082633972,0.6884589791297913,0.7179133892059326,0.6998475193977356,0.7188959121704102,-0.1354183554649353,-0.1251244246959686,-0.1251657456159591,-0.1251587271690368,-0.1513301581144333,-0.1513601988554,-0.1514508575201034,-0.0684443786740303,-0.18743397295475,-0.1101001352071762,-0.1440748125314712,0.013945534825325,-0.2210979759693145,0.050067264586687,-0.2516550719738006,0.0029795276932418,-0.2661003172397613,-0.0045080725103616,-0.2943387031555176,-0.0212689712643623,-0.2957763969898224,-0.0068380907177925,-0.2665067315101623,0.0714373514056205,-0.0714949890971183,0.1792543828487396,0.0329956226050853,0.3157545924186706,0.1694248467683792,0.3269153237342834,0.1801750361919403,0.2917890250682831,0.1216746717691421,Walk-From-Chair
171,0.9948106408119202,0.9867032170295716,0.9845137596130372,0.9860443472862244,0.9923288226127625,0.9930343627929688,0.9941561818122864,0.9650070071220398,0.9937694668769836,0.9910584688186646,0.9963011145591736,0.9950871467590332,0.999907612800598,0.0261389464139938,0.991183340549469,0.0647565647959709,0.972314178943634,0.085676409304142,0.951903522014618,0.087269440293312,0.9496407508850098,0.0876084268093109,0.921537697315216,0.9914740920066832,0.9963877201080322,0.5281593799591064,0.9250588417053224,0.7173346281051636,0.9408344626426696,0.7813937664031982,0.9044849276542664,0.8269943594932556,0.9257026314735411,0.3836187124252319,0.3797569572925567,0.3795093297958374,0.3791773319244385,0.3780440986156463,0.376505047082901,0.3745961785316467,0.3707537949085235,0.363723486661911,0.383036732673645,0.3809700310230255,0.3690369129180908,0.3488638401031494,0.3755121827125549,0.348167210817337,0.3957502245903015,0.3704677224159241,0.3968329727649688,0.3724748492240906,0.3984243273735046,0.3774669766426086,0.3977058231830597,0.3765378594398498,0.3827322721481323,0.3734786808490753,0.3890525698661804,0.3803458213806152,0.3763406574726105,0.3701405227184295,0.3669147193431854,0.36174476146698,0.3966933488845825,0.397431343793869,0.3435376584529876,0.334357738494873,0.3339918553829193,0.3336147964000702,0.335454910993576,0.3359636962413788,0.3365774750709533,0.3382123410701751,0.3425552248954773,0.3532187044620514,0.3548122644424438,0.3887523412704468,0.3950577676296234,0.4643958508968353,0.4751462936401367,0.522707462310791,0.5429830551147461,0.5329282283782959,0.5591731667518616,0.5322104692459106,0.5576547384262085,0.5329318642616272,0.5512310266494751,0.5293503999710083,0.5334381461143494,0.6077972054481506,0.6184147000312805,0.6820814609527588,0.7025404572486877,0.6989882588386536,0.7178621292114258,0.7019526958465576,0.7187954783439636,-0.140374019742012,-0.1297567784786224,-0.1297997385263443,-0.1297972053289413,-0.1554383039474487,-0.1554729342460632,-0.1555685102939605,-0.0690754577517509,-0.1863602697849273,-0.1139014214277267,-0.1472301930189132,0.0103355711326003,-0.2182059735059738,0.0468711853027343,-0.2513182759284973,-0.0028636087663471,-0.2677353918552398,-0.0115468157455325,-0.2970249652862549,-0.02882806584239,-0.2996596693992615,-0.0130547434091568,-0.2687273323535919,0.0659814029932022,-0.0659963190555572,0.1582630723714828,0.0340686291456222,0.3039717674255371,0.1831783354282379,0.3173633813858032,0.1943771988153457,0.2597421407699585,0.1298565566539764,Walk-From-Chair
172,0.9950266480445862,0.9871299862861632,0.9850215315818788,0.9863357543945312,0.9925994277000428,0.993322253227234,0.9943622350692748,0.965274691581726,0.9939285516738892,0.99085932970047,0.996244490146637,0.9950721263885498,0.9999014735221864,0.0259094405919313,0.9912472367286682,0.062770240008831,0.9728197455406188,0.0830163806676864,0.9521483182907104,0.084802508354187,0.949828326702118,0.0851325616240501,0.9209845662117004,0.9918098449707032,0.9963645935058594,0.5104666948318481,0.9183446168899536,0.6996323466300964,0.9380835890769958,0.7657612562179565,0.8979128003120422,0.8213930726051331,0.923791766166687,0.3858737647533417,0.3820544779300689,0.3819865584373474,0.381818413734436,0.3796414136886596,0.3776266574859619,0.375217467546463,0.3734033405780792,0.3645455539226532,0.3860880732536316,0.3832443952560425,0.3708521723747253,0.3516335785388946,0.3751277327537536,0.3520427048206329,0.3932226598262787,0.3745848536491394,0.3974925875663757,0.3756552338600158,0.3976117670536041,0.3800117373466491,0.395585834980011,0.3790938258171081,0.3881238996982574,0.3764392137527466,0.3916437029838562,0.3864924311637878,0.3805800974369049,0.3758608698844909,0.3776818811893463,0.3658773005008697,0.4022718071937561,0.4027730524539947,0.3428555428981781,0.3336940407752991,0.3332895040512085,0.3328619599342346,0.3350119590759277,0.3356637954711914,0.3364017903804779,0.3374066054821014,0.3424342274665832,0.352767139673233,0.3545635938644409,0.3882972002029419,0.3951982855796814,0.4639117419719696,0.4762181937694549,0.5214456915855408,0.543444812297821,0.5329936742782593,0.5593255758285522,0.5322319865226746,0.557697594165802,0.5320582985877991,0.5513955950737,0.5288184285163879,0.533199667930603,0.6065758466720581,0.6153305768966675,0.6833256483078003,0.700745165348053,0.7067146897315979,0.7172878384590149,0.7023355960845947,0.7162119150161743,-0.1908840090036392,-0.1780390739440918,-0.1780699342489242,-0.1780714243650436,-0.2024206668138504,-0.2024703025817871,-0.2025515139102935,-0.1029022708535194,-0.2123729735612869,-0.1589223146438598,-0.1905214935541153,-0.011946503072977,-0.2310667932033538,0.0296630058437585,-0.261280357837677,-0.0201707258820533,-0.2809745669364929,-0.0287074707448482,-0.3101903796195984,-0.046368982642889,-0.3139243423938751,-0.0303240902721881,-0.2822782397270202,0.0610589385032653,-0.061081625521183,0.1334005296230316,0.0417279973626136,0.2594408392906189,0.1923534721136093,0.2691557109355926,0.2039088010787964,0.22048220038414,0.1438416540622711,Walk-From-Chair
173,0.9949716329574584,0.9871140122413636,0.9849902391433716,0.9864059686660768,0.9924874305725098,0.9932124018669128,0.9943274855613708,0.9657405614852904,0.9937642216682434,0.9907671809196472,0.9961714148521424,0.9952333569526672,0.9998961091041564,0.0267048981040716,0.9905279278755188,0.0621901601552963,0.9716170430183412,0.0819311812520027,0.9500682353973388,0.0836951583623886,0.9474701881408693,0.0838663056492805,0.9167786836624146,0.9922562837600708,0.996343731880188,0.498744934797287,0.9145714044570924,0.687181830406189,0.9307577610015868,0.7524562478065491,0.8825727701187134,0.8153613805770874,0.9163768887519836,0.3876048922538757,0.383690744638443,0.3834399878978729,0.3830820620059967,0.3818475604057312,0.3801348805427551,0.3781010508537292,0.3740310072898865,0.3675333559513092,0.3874667584896087,0.3851539194583893,0.3698692321777344,0.3545302748680115,0.3759315311908722,0.3546396791934967,0.3918630182743072,0.3749436736106872,0.3960847556591034,0.3771379590034485,0.396321952342987,0.3820964694023132,0.3942789435386657,0.3808522820472717,0.3863149583339691,0.3780209720134735,0.3916974365711212,0.3918947279453277,0.3833597302436828,0.3835292160511017,0.3753725886344909,0.3741433918476105,0.4070596694946289,0.4113790094852447,0.3428393006324768,0.3336002230644226,0.3331895768642425,0.3327465355396271,0.3348335027694702,0.3354124426841736,0.3360444605350494,0.3370369970798492,0.3417859077453613,0.3527795672416687,0.3545092642307281,0.3883418142795563,0.3946970403194427,0.4642783105373382,0.4766315221786499,0.5213654637336731,0.543624758720398,0.534692108631134,0.5596376061439514,0.5332019329071045,0.5579131841659546,0.5317725539207458,0.5515232682228088,0.5287359952926636,0.5329675078392029,0.6057443618774414,0.6073404550552368,0.6852337121963501,0.6977078914642334,0.7060155868530273,0.714128315448761,0.7025865316390991,0.7134164571762085,-0.1482197046279907,-0.1399512141942978,-0.1399801075458526,-0.1399728506803512,-0.1656280159950256,-0.1656648963689804,-0.1657450199127197,-0.0924210399389267,-0.2048505097627639,-0.1245002374053001,-0.1580308973789215,-0.0022694591898471,-0.2253927290439605,0.0367996208369731,-0.2565043568611145,-0.00820520427078,-0.2734697163105011,-0.0155276227742433,-0.3004620373249054,-0.033438142389059,-0.3008099198341369,-0.0183677244931459,-0.2732720375061035,0.0612763278186321,-0.0613051056861877,0.1206277012825012,0.0211066640913486,0.2241415232419967,0.1459622383117675,0.2313650101423263,0.155253529548645,0.1880619078874588,0.0982563719153404,Walk-From-Chair
174,0.9949976205825806,0.9869409203529358,0.984874665737152,0.9862395524978638,0.9922897815704346,0.9930155873298644,0.994117796421051,0.9651995301246644,0.9936224222183228,0.9908357858657836,0.9961809515953064,0.9954904913902284,0.9998982548713684,0.0276227071881294,0.990623950958252,0.0635084956884384,0.97197425365448,0.082444243133068,0.950087308883667,0.0846430957317352,0.947457492351532,0.0846278741955757,0.9165969491004944,0.9928120374679564,0.9965243935585022,0.4891642332077026,0.908290147781372,0.6755087971687317,0.9246178269386292,0.7402884364128113,0.8655799031257629,0.812710702419281,0.9116896986961364,0.3892268538475036,0.3854568600654602,0.3851881623268127,0.384828120470047,0.3837448954582214,0.3821189105510711,0.3801578283309936,0.3761800527572632,0.369549959897995,0.3888773620128631,0.3867844641208648,0.373335063457489,0.3559842705726623,0.3795263171195984,0.3547474145889282,0.3946811556816101,0.3753071129322052,0.3992769420146942,0.3780388236045837,0.3983948230743408,0.3837843239307403,0.3961254060268402,0.3829131722450256,0.389434665441513,0.3793953061103821,0.3985175788402557,0.3867027163505554,0.3954018056392669,0.3797019124031067,0.3944147229194641,0.3706250190734863,0.4258365035057068,0.4082322120666504,0.3427174389362335,0.3334929347038269,0.3330885469913482,0.3326476514339447,0.3346240222454071,0.3351376950740814,0.3356986045837402,0.3367524147033691,0.3413063883781433,0.352570503950119,0.3541411459445953,0.3883099853992462,0.3932969272136688,0.463800311088562,0.4763038456439972,0.5208435654640198,0.5436123013496399,0.5347312688827515,0.5596579909324646,0.5333425998687744,0.5579080581665039,0.5316718816757202,0.5515207648277283,0.5303093194961548,0.5333912968635559,0.6058939695358276,0.6100735068321228,0.68643718957901,0.6979337930679321,0.7056195735931396,0.7141056060791016,0.7026995420455933,0.7148973345756531,-0.138067215681076,-0.1295037269592285,-0.1295405924320221,-0.1295413672924041,-0.1534050554037094,-0.153434932231903,-0.1535177528858184,-0.0778957083821296,-0.1848215162754058,-0.1137448921799659,-0.1450202018022537,0.001507693552412,-0.2118977606296539,0.0389344282448291,-0.2388446778059005,-0.0036428472958505,-0.243718221783638,-0.011252349242568,-0.2702885270118713,-0.0283187143504619,-0.2732299268245697,-0.0136318374425172,-0.2448275834321975,0.0598088726401329,-0.059812556952238,0.1327154636383056,0.0556614026427269,0.243614986538887,0.2246091365814209,0.2509862184524536,0.238500714302063,0.2151999920606613,0.1801822632551193,Walk-From-Chair
175,0.9947782754898072,0.9863335490226746,0.9841166734695436,0.985736072063446,0.9919416904449464,0.992630898952484,0.9938729405403136,0.9635996222496032,0.9932637214660645,0.9905152320861816,0.9960607290267944,0.9954829216003418,0.999894082546234,0.0273046307265758,0.9900667071342468,0.0616834051907062,0.970925271511078,0.0804889872670173,0.9485161304473876,0.0826257169246673,0.9455570578575134,0.0826713964343071,0.9134512543678284,0.9931267499923706,0.996529459953308,0.4753543436527252,0.8972477316856384,0.6630169153213501,0.9149008989334106,0.7307425737380981,0.8513290286064148,0.8056615591049194,0.9016409516334534,0.3916557133197784,0.3876585364341736,0.3873186707496643,0.3868596255779266,0.386141300201416,0.3846115171909332,0.3827527165412903,0.3779732584953308,0.3722163736820221,0.3913059830665588,0.3893361687660217,0.3745920062065124,0.3582045435905456,0.3838453888893127,0.358281135559082,0.4018373489379883,0.3804120421409607,0.4067414700984955,0.3816105723381042,0.407048761844635,0.3869379460811615,0.4047114253044128,0.3859457373619079,0.3924249410629272,0.385319322347641,0.3971369862556457,0.3945227563381195,0.3865476250648498,0.3840335607528686,0.3804267346858978,0.3769369721412658,0.4143482744693756,0.4124481678009033,0.3421489000320434,0.3331793248653412,0.3328196704387665,0.332417219877243,0.334174782037735,0.3346376717090606,0.3351260721683502,0.3365375399589538,0.3407332301139831,0.3519040644168854,0.3533549904823303,0.3882822096347809,0.3929384648799896,0.4630709290504455,0.4763277769088745,0.5168039798736572,0.5438805222511292,0.5309737324714661,0.5598233938217163,0.5294851660728455,0.5582382678985596,0.5264879465103149,0.5517132878303528,0.5300957560539246,0.5335149765014648,0.6059654951095581,0.6133286952972412,0.6910104155540466,0.6975557208061218,0.7075762152671814,0.7130758166313171,0.706699550151825,0.7141283750534058,-0.1260656714439392,-0.1177325025200843,-0.1177631765604019,-0.1177617534995079,-0.1425656676292419,-0.1425890922546386,-0.1426707506179809,-0.0661688968539238,-0.1773732900619506,-0.1023933514952659,-0.1346296966075897,0.0041695809923112,-0.2067431658506393,0.0401050746440887,-0.2376814633607864,0.0011892535258084,-0.2440718412399292,-0.0052463272586464,-0.2701613306999206,-0.0215077027678489,-0.2722877860069275,-0.0081543996930122,-0.2446564733982086,0.0593456402420997,-0.0593447014689445,0.1246762424707412,0.0415803901851177,0.2251815497875213,0.1898456066846847,0.232257530093193,0.2016390264034271,0.1884569823741912,0.1461695730686187,Walk-From-Chair
176,0.9949579834938048,0.9866716861724854,0.9845693707466124,0.9860690832138062,0.9921189546585084,0.9928263425827026,0.9939934015274048,0.963916540145874,0.993444323539734,0.990687131881714,0.9961353540420532,0.9957002401351928,0.9998998045921326,0.0276908297091722,0.9903485178947448,0.0621474422514438,0.9720442295074464,0.0801737457513809,0.950065553188324,0.082704022526741,0.9471778273582458,0.0827947035431861,0.9154490232467652,0.99365496635437,0.9967474937438964,0.487563818693161,0.9030895233154296,0.6761792302131653,0.9201053977012634,0.7367233037948608,0.8527472615242004,0.8163194060325623,0.907609760761261,0.3937187790870666,0.3898682594299316,0.3895286023616791,0.3890618681907654,0.3883424997329712,0.3868399262428283,0.3850236535072326,0.3803348541259765,0.3746313154697418,0.3934249877929687,0.3914080262184143,0.3791654407978058,0.3594080209732055,0.3861654996871948,0.3588438630104065,0.400435596704483,0.3784838616847992,0.4049880504608154,0.3802172541618347,0.4051514267921448,0.3865407109260559,0.4028224050998688,0.3857008814811706,0.3964012265205383,0.3838733434677124,0.4058417379856109,0.3922843933105469,0.4211684167385101,0.3792099952697754,0.4171133935451507,0.3689666390419006,0.451159656047821,0.4111495912075043,0.3421899676322937,0.3331965804100036,0.3328321874141693,0.3324259519577026,0.3342061340808868,0.3346762955188751,0.3351720869541168,0.3365811109542846,0.3407497704029083,0.3519354164600372,0.353361427783966,0.388266772031784,0.3929079473018646,0.4621396362781524,0.4762301743030548,0.5168554186820984,0.5438672304153442,0.531302273273468,0.559960126876831,0.5296846628189087,0.5584425330162048,0.5265711545944214,0.551773726940155,0.5311121344566345,0.5346133708953857,0.6059526205062866,0.6146002411842346,0.6906147003173828,0.6986626386642456,0.7070547342300415,0.71590256690979,0.7009865641593933,0.7153803110122681,-0.1328088492155075,-0.1236265525221824,-0.1236591339111328,-0.1236530765891075,-0.1487733423709869,-0.1488078236579895,-0.1488954275846481,-0.0671734437346458,-0.1783578991889953,-0.1076910942792892,-0.1405200064182281,0.0064778104424476,-0.2113673388957977,0.0484781041741371,-0.2424612045288086,0.0123204737901687,-0.2446372807025909,0.0061861672438681,-0.2740035653114319,-0.0115158017724752,-0.2751491963863373,0.0023448825813829,-0.2451222836971283,0.0600201562047004,-0.0600159280002117,0.1413959711790084,0.0409581027925014,0.259775161743164,0.1973002552986145,0.2688108384609222,0.2093889415264129,0.2199299782514572,0.146242618560791,Walk-From-Chair
177,0.9950727224349976,0.9869649410247804,0.9848805665969848,0.9863478541374208,0.99222332239151,0.9929112792015076,0.9940441250801086,0.9642413854599,0.9935978651046752,0.9908472299575806,0.9961791038513184,0.9959257245063782,0.9999037384986876,0.0284507311880588,0.9903658628463744,0.0642435178160667,0.9721817374229432,0.0818370282649993,0.950041115283966,0.0846816599369049,0.947136402130127,0.084737405180931,0.9152382016181946,0.9940885305404664,0.9969090819358826,0.4894405901432037,0.9064933061599731,0.678245484828949,0.9216243028640748,0.7354739904403687,0.8461711406707764,0.8196730017662048,0.90949809551239,0.3959226310253143,0.3920380473136902,0.3918648362159729,0.3915820717811584,0.3900157213211059,0.388261616230011,0.3861811459064483,0.3834662437438965,0.3759880363941192,0.3960969150066376,0.3934916853904724,0.3827709257602691,0.3614219129085541,0.3881744742393493,0.3611010313034057,0.4037606120109558,0.3808725476264953,0.4083704352378845,0.3838097155094147,0.4088382124900818,0.3892200291156769,0.4062861800193786,0.3883914351463318,0.3985961973667145,0.3859884142875671,0.4091195166110992,0.3891653716564178,0.4217440187931061,0.3765778243541717,0.4246523976325989,0.3638486564159393,0.4569098055362701,0.4091133177280426,0.3422231674194336,0.3332745134830475,0.332928866147995,0.332533061504364,0.3343300819396972,0.334861159324646,0.3354063630104065,0.3367995321750641,0.3409968018531799,0.3520818948745727,0.353533536195755,0.3885203599929809,0.3930468261241913,0.4622781872749328,0.4762843549251556,0.5168395638465881,0.5439674854278564,0.5314465165138245,0.5600467920303345,0.5298270583152771,0.5584316849708557,0.5265951752662659,0.5517981648445129,0.5341889262199402,0.5375029444694519,0.6060243844985962,0.6182880997657776,0.6912895441055298,0.7000574469566345,0.7073442935943604,0.7193871140480042,0.6965128183364868,0.7164608240127563,-0.1377416849136352,-0.1276395618915558,-0.1276673972606659,-0.1276558488607406,-0.1525980234146118,-0.1526313871145248,-0.1527164727449417,-0.0684325769543647,-0.1794073283672332,-0.1116764917969703,-0.1441059708595276,0.0100555149838328,-0.2114627659320831,0.0565360784530639,-0.2413940876722335,0.0200435537844896,-0.2470670491456985,0.0138123463839292,-0.2757586538791656,-0.0047126398421823,-0.2774422466754913,0.0099024018272757,-0.2477158010005951,0.0610510222613811,-0.0610512271523475,0.1490380614995956,0.0352379381656646,0.2688772678375244,0.1890341192483902,0.2779269814491272,0.2011935263872146,0.2311123311519622,0.1375479996204376,Walk-From-Chair
178,0.9950855374336244,0.986996293067932,0.9848901033401488,0.9863634705543518,0.9921605587005616,0.9928327202796936,0.9939730167388916,0.9638072848320008,0.9935840368270874,0.9907373189926147,0.9961060881614684,0.9960545897483826,0.9999070167541504,0.0283808764070272,0.9901899099349976,0.0639772117137909,0.9721273183822632,0.0812275633215904,0.9497132301330566,0.0841271132230758,0.9467170238494872,0.0841558203101158,0.914406955242157,0.9944685697555542,0.9970589876174928,0.490016758441925,0.9091063737869264,0.6814457774162292,0.9237245321273804,0.7353256940841675,0.842229425907135,0.822891891002655,0.911380171775818,0.3987127244472503,0.3946108222007751,0.3944422900676727,0.3941747546195984,0.3925735056400299,0.3908423781394958,0.3887544274330139,0.3861329853534698,0.3787168264389038,0.3988767564296722,0.3961630463600158,0.3841269612312317,0.3649169206619262,0.3874443173408508,0.3638477623462677,0.402444452047348,0.3827161192893982,0.4065801501274109,0.3849058747291565,0.4072671830654144,0.3909787237644195,0.405057281255722,0.3901302814483642,0.3997968435287475,0.3886294960975647,0.4096479415893554,0.3873565196990967,0.4316242337226867,0.3750084638595581,0.4292648732662201,0.3619376122951507,0.4600121974945068,0.4069470763206482,0.3427380323410034,0.3336952030658722,0.3333579301834106,0.3329546153545379,0.3348371684551239,0.3354220390319824,0.3360206186771393,0.3372974693775177,0.341500848531723,0.3527591526508331,0.3542365729808807,0.3891123533248901,0.3930607438087463,0.4634185433387756,0.4753547608852386,0.5186364054679871,0.5440804958343506,0.5343305468559265,0.5600520968437195,0.5325462222099304,0.5584699511528015,0.5283711552619934,0.5518617033958435,0.5345047116279602,0.5377916693687439,0.6062623262405396,0.6193730235099792,0.6911421418190002,0.7016665935516357,0.709311842918396,0.7214411497116089,0.6952245831489563,0.7181910276412964,-0.1376703828573227,-0.1281408816576004,-0.1281702667474746,-0.1281637847423553,-0.1530062407255172,-0.1530419290065765,-0.1531269252300262,-0.0686785280704498,-0.1800035536289215,-0.1116077750921249,-0.1441297382116317,0.0114349406212568,-0.2125298678874969,0.0558744184672832,-0.2441629618406295,0.0179800875484943,-0.2478350847959518,0.0121726980432868,-0.2759817540645599,-0.0060361120849847,-0.2786320745944977,0.0079929986968636,-0.2489032745361328,0.0623994059860706,-0.0624287612736225,0.1508494764566421,0.0353958122432231,0.2692975401878357,0.1917754411697387,0.2782801985740661,0.2043750286102295,0.2336146831512451,0.1443050950765609,Walk-From-Chair
179,0.9954732060432434,0.9880471229553224,0.9860684871673584,0.9873826503753662,0.9927951693534852,0.9934052228927612,0.9944502115249634,0.9663164615631104,0.9941021203994752,0.9913023114204408,0.9963490962982178,0.996205985546112,0.999910056591034,0.0287743769586086,0.9900429844856262,0.066913366317749,0.9716875553131104,0.0840260758996009,0.9486277103424072,0.0871257930994033,0.9456339478492736,0.0868359357118606,0.9130558371543884,0.994823157787323,0.9972161650657654,0.4988812506198883,0.9134417772293092,0.6931592226028442,0.9272388219833374,0.7418593764305115,0.8414124250411987,0.8294009566307068,0.9147124886512756,0.4002749323844909,0.3963598608970642,0.3964627683162689,0.3964870572090149,0.3936002552509308,0.3915466368198395,0.3890241980552673,0.3895754814147949,0.3794396519660949,0.4010657668113708,0.3976370990276336,0.3879919052124023,0.3677522242069244,0.3919408619403839,0.3658655881881714,0.4043134152889251,0.3833629190921783,0.4083832800388336,0.3840319514274597,0.4090810716152191,0.3902822434902191,0.4069498181343078,0.3895502388477325,0.4021363854408264,0.390085756778717,0.41115403175354,0.3869649171829223,0.4267815947532654,0.3741050362586975,0.4322071969509125,0.3612754046916961,0.4631622433662414,0.4068064093589782,0.3431184887886047,0.334006667137146,0.3336515128612518,0.3332245945930481,0.3353341817855835,0.3360318839550018,0.3367937505245209,0.3375521600246429,0.3420394361019134,0.3532213866710663,0.3549126386642456,0.38951575756073,0.3933462798595428,0.4634966552257538,0.4753355681896209,0.5187516212463379,0.5440699458122253,0.5349229574203491,0.5599045157432556,0.5332099199295044,0.5584276914596558,0.5287005305290222,0.5518556833267212,0.535024881362915,0.5396446585655212,0.6068904995918274,0.6202622056007385,0.6910302639007568,0.7019200921058655,0.7102051973342896,0.7212854027748108,0.6949232816696167,0.7186020612716675,-0.1733951568603515,-0.1607460379600525,-0.1607592403888702,-0.16074900329113,-0.1828594505786895,-0.1828963309526443,-0.1829586774110794,-0.0848947018384933,-0.1853004246950149,-0.1416557133197784,-0.1705575287342071,0.0089757945388555,-0.2125362902879715,0.0544518642127513,-0.2428371161222458,0.0156483389437198,-0.2485861331224441,0.0096447123214602,-0.2766124010086059,-0.0091969827190041,-0.280007392168045,0.0056521683000028,-0.2499218434095382,0.062493722885847,-0.0625453740358352,0.1505558043718338,0.0333200767636299,0.2683008909225464,0.1836233437061309,0.276915580034256,0.1955995410680771,0.2331962287425995,0.1363467127084732,Walk-From-Chair
180,0.9958361983299256,0.98902690410614,0.9871957898139954,0.9883941411972046,0.9933705925941468,0.9939249753952026,0.9948814511299132,0.9689441919326782,0.9945703744888306,0.99197918176651,0.9966228008270264,0.9964554905891418,0.9999144673347472,0.0292286723852157,0.990046203136444,0.0687096118927002,0.9713222980499268,0.0858804509043693,0.9475685954093932,0.0891220197081565,0.9443354606628418,0.0887215510010719,0.9111353158950806,0.9952365756034852,0.9974195957183838,0.505404531955719,0.9188239574432372,0.7076349854469299,0.9325410723686218,0.7524793148040771,0.847520649433136,0.8390946984291077,0.920294463634491,0.4046149849891662,0.399931252002716,0.399881511926651,0.3997467756271362,0.3974731564521789,0.3955572247505188,0.3932752013206482,0.3928695321083069,0.3842760026454925,0.405255377292633,0.4024306237697601,0.3916246294975281,0.3716867566108703,0.3951711058616638,0.3680860996246338,0.4075441360473633,0.3843784630298614,0.4111059308052063,0.3848673403263092,0.4115803837776184,0.3909948766231537,0.4097393453121185,0.3902140855789184,0.4045960009098053,0.3933181464672088,0.4115963876247406,0.3881013393402099,0.4343232214450836,0.3738509714603424,0.432971715927124,0.3613010346889496,0.4651365280151367,0.4059728980064392,0.3422776758670807,0.3334349989891052,0.3331409394741058,0.3328047692775726,0.3348534703254699,0.335666298866272,0.3365591764450073,0.337603747844696,0.3420911729335785,0.3525675535202026,0.3545365631580353,0.3900797069072723,0.3937456905841827,0.4637614488601684,0.4744647741317749,0.519212007522583,0.5440651178359985,0.5353627800941467,0.5599343776702881,0.533711314201355,0.5586274266242981,0.5291627645492554,0.5520404577255249,0.5358529686927795,0.5404404997825623,0.6082850694656372,0.6201443076133728,0.6910707950592041,0.7019500136375427,0.7107141613960266,0.7210251092910767,0.6951999664306641,0.7192233204841614,-0.168363407254219,-0.1573332548141479,-0.1573510766029358,-0.1573406606912613,-0.1806676238775253,-0.1807017475366592,-0.180762305855751,-0.0875938013195991,-0.1928576380014419,-0.1388467997312545,-0.1693609058856964,0.0022727122996002,-0.2208960354328155,0.0492948368191719,-0.2532727122306824,0.0117459250614047,-0.2619473338127136,0.0049274982884526,-0.2913642227649688,-0.0140055362135171,-0.2935872673988342,0.0016661720583215,-0.2630836367607116,0.0642367154359817,-0.0643326118588447,0.171542152762413,0.0524068586528301,0.3034387826919555,0.2226338386535644,0.3139459490776062,0.2369861602783203,0.2713953852653503,0.178395003080368,Walk-From-Chair
181,0.996014416217804,0.9895290732383728,0.9877724051475524,0.9889420866966248,0.9936083555221558,0.9941162467002868,0.9950319528579712,0.970139980316162,0.9947627782821656,0.9923138618469238,0.9967203140258788,0.9966422319412231,0.9999173879623412,0.0292373578995466,0.9896135926246644,0.0697539821267128,0.9711487889289856,0.0867781192064285,0.9472245573997498,0.090151622891426,0.9438433647155762,0.089708499610424,0.9101147651672364,0.9956235289573668,0.9975953102111816,0.5137735605239868,0.9233326315879822,0.7198330760002136,0.9362791180610656,0.7605453729629517,0.8485345840454102,0.8471609950065613,0.9243053793907166,0.4086120724678039,0.4039420485496521,0.4036753177642822,0.4033114910125732,0.402193933725357,0.4006150662899017,0.3987696766853332,0.395675390958786,0.3894896209239959,0.4087046682834625,0.4065956473350525,0.3934970498085022,0.3766784071922302,0.3982946574687958,0.3716229200363159,0.4089370369911194,0.3845232129096985,0.4120000302791595,0.3853371143341064,0.4124504029750824,0.3911827504634857,0.4107686579227447,0.3904985189437866,0.4077647626399994,0.3952935636043548,0.4152178764343261,0.3888182342052459,0.4373592436313629,0.372946172952652,0.4340970516204834,0.3609800934791565,0.4717651009559631,0.4044917523860931,0.3423038423061371,0.3334479629993438,0.3331575691699981,0.3328573405742645,0.3348506093025207,0.3356285989284515,0.3364857733249664,0.3379010558128357,0.3420979678630829,0.3526109755039215,0.3545462787151336,0.3905374109745025,0.3933531641960144,0.4651622176170349,0.4734623730182647,0.5225515961647034,0.5440900921821594,0.5395326614379883,0.5599254965782166,0.5374753475189209,0.5587049126625061,0.5322943329811096,0.5521901845932007,0.5361564755439758,0.5401465892791748,0.609596848487854,0.6199742555618286,0.6917898654937744,0.7019550204277039,0.711617112159729,0.7208173871040344,0.695569634437561,0.7195165157318115,-0.1399643272161483,-0.1308748573064804,-0.1309057474136352,-0.1308952122926712,-0.1556955277919769,-0.1557283103466034,-0.1558106839656829,-0.0726600438356399,-0.1850847005844116,-0.1146915405988693,-0.1473943889141082,0.0097894333302974,-0.2202661335468292,0.0539821684360504,-0.2521520256996155,0.017515517771244,-0.2519625425338745,0.0117893470451235,-0.2818030416965484,-0.0077654742635786,-0.2818331718444824,0.007128951139748,-0.2523111402988434,0.0657081082463264,-0.0658012479543685,0.1705692708492279,0.0465775467455387,0.2988182306289673,0.2120041400194168,0.3089178502559662,0.225674957036972,0.2666496336460113,0.1662966907024383,Walk-From-Chair
182,0.99621319770813,0.9901094436645508,0.9884315133094788,0.9895723462104796,0.9939316511154176,0.9943879246711732,0.995265007019043,0.9717131853103638,0.9950183629989624,0.9927098751068116,0.9968625903129578,0.9968244433403016,0.9999191761016846,0.0297187827527523,0.9889925718307496,0.0716699808835983,0.9701324701309204,0.0884804278612136,0.9455554485321044,0.0920103415846824,0.9419888257980348,0.0915053039789199,0.90739244222641,0.9959412217140198,0.9977333545684814,0.5193794965744019,0.9262757301330566,0.7304282188415527,0.9392203092575072,0.7678868174552917,0.8495450615882874,0.8537777662277222,0.9275521636009216,0.4125762581825256,0.4079619348049164,0.4076457023620605,0.4072086215019226,0.4064430296421051,0.404980719089508,0.4032765328884125,0.3992770612239837,0.3940199017524719,0.4123870432376861,0.4105464816093445,0.3981068432331085,0.3797354698181152,0.4043397903442383,0.3746387660503387,0.4155064225196838,0.3861611485481262,0.4188173711299896,0.3875223994255066,0.4193174839019775,0.3932368457317352,0.4175006449222564,0.3924210667610168,0.4108807444572449,0.3982121348381042,0.4174863696098327,0.391003668308258,0.4363297820091247,0.3725539445877075,0.4330415725708008,0.3608308136463165,0.4609755873680115,0.4042672514915466,0.3424386084079742,0.3336240351200104,0.3333902955055237,0.3331599533557892,0.3349029421806335,0.3356505930423736,0.3364895582199096,0.3384162187576294,0.3421104848384857,0.3527625203132629,0.3545964062213897,0.3913791477680206,0.3936522603034973,0.4654455482959747,0.4734748601913452,0.522844672203064,0.5444295406341553,0.5397073030471802,0.5600917935371399,0.5378254055976868,0.5590606927871704,0.5326413512229919,0.552612841129303,0.5363025665283203,0.5399369597434998,0.6099532842636108,0.6198487877845764,0.6927036046981812,0.7020902633666992,0.713024377822876,0.720962643623352,0.6966593861579895,0.7206209301948547,-0.1350800842046737,-0.1259606927633285,-0.1259881854057312,-0.1259752064943313,-0.1511015444993972,-0.1511329412460327,-0.1512176394462585,-0.068403922021389,-0.1828075647354126,-0.1099872216582298,-0.1430505067110061,0.0116592803969979,-0.2189684361219406,0.0547661408782005,-0.2497308701276779,0.0179674830287694,-0.24614317715168,0.0122851599007844,-0.2743310928344726,-0.0069510238245129,-0.2756074070930481,0.0076441122218966,-0.2467540800571441,0.0661197230219841,-0.0662158504128456,0.1710064113140106,0.042599469423294,0.2971625626087188,0.1998924314975738,0.3069841265678406,0.2125711888074875,0.2652786672115326,0.1528177708387375,Walk-From-Chair
183,0.9964295029640198,0.9907112121582032,0.9891224503517152,0.9902058243751526,0.994276523590088,0.9946978092193604,0.995524287223816,0.9732608795166016,0.9953067898750304,0.9931161999702454,0.997020184993744,0.9969922304153442,0.999922215938568,0.0296074617654085,0.988909900188446,0.0708386376500129,0.9699971675872804,0.0875505656003952,0.9451605081558228,0.0911766588687896,0.9414612054824828,0.0908170565962791,0.9063158631324768,0.9962419271469116,0.9978761672973632,0.5213260650634766,0.9296590089797974,0.7399881482124329,0.942880392074585,0.7747389078140259,0.8529719710350037,0.860357940196991,0.9313746690750122,0.4163483679294586,0.411944568157196,0.4116292893886566,0.4111912846565246,0.4103110730648041,0.4088356494903564,0.4071769714355469,0.4029111862182617,0.3979316651821136,0.4161193966865539,0.4141716361045837,0.4018940329551697,0.3826904296875,0.4062073230743408,0.37726029753685,0.4187084138393402,0.3902527093887329,0.4219923019409179,0.3917543292045593,0.4225181043148041,0.3972773849964142,0.4207701086997986,0.3962505459785461,0.4136144518852234,0.4009391367435455,0.4199097752571106,0.3923116624355316,0.4366622567176819,0.3725391030311584,0.4335541725158691,0.3608612418174743,0.4710153639316559,0.4032116532325744,0.3432892560958862,0.334571897983551,0.3344034850597381,0.3342359960079193,0.3355968594551086,0.3362270295619964,0.3369335234165191,0.3392808735370636,0.342411994934082,0.3535450100898742,0.3551349639892578,0.3922749161720276,0.394827276468277,0.465937465429306,0.4756273329257965,0.5228773355484009,0.5452585220336914,0.5394664406776428,0.5612706542015076,0.5376477837562561,0.5600568056106567,0.5325679183006287,0.5538505911827087,0.5364504456520081,0.5405816435813904,0.6102485656738281,0.6197365522384644,0.6944571137428284,0.7020843625068665,0.7147676944732666,0.7208382487297058,0.7026020884513855,0.7212681174278259,-0.1386411041021347,-0.1290736347436905,-0.1291012465953827,-0.1290911585092544,-0.1539507210254669,-0.1539834439754486,-0.1540638357400894,-0.0694733336567878,-0.1829178184270858,-0.1127540841698646,-0.1454180032014846,0.0112465396523475,-0.2183077782392501,0.0546364895999431,-0.2489887773990631,0.0171888470649719,-0.2470204383134842,0.0114486068487167,-0.2749149799346924,-0.0075553143396973,-0.2768088579177856,0.0069398642517626,-0.2477304488420486,0.0664832442998886,-0.0665769875049591,0.168550819158554,0.0429187789559364,0.293280690908432,0.205066367983818,0.3029394149780273,0.2183908522129058,0.2604216933250427,0.1592447459697723,Walk-From-Chair
184,0.996594488620758,0.9912078976631165,0.9896805882453918,0.9907256364822388,0.9945585131645204,0.9949416518211364,0.995747447013855,0.9746124744415284,0.9955819845199584,0.993517279624939,0.9971856474876404,0.9971171617507936,0.99992573261261,0.0287533830851316,0.9885799884796144,0.0688092038035392,0.9683715105056764,0.0857405364513397,0.9427403211593628,0.0891839116811752,0.9387653470039368,0.0888737365603447,0.9032991528511048,0.9964885115623474,0.9980031251907348,0.5233587622642517,0.9306151270866394,0.7504168152809143,0.9449663162231444,0.7845027446746826,0.8572288751602173,0.8657791018486023,0.933581531047821,0.4190559983253479,0.4146768152713775,0.414556086063385,0.4143564105033874,0.4126307070255279,0.4109971523284912,0.4091302454471588,0.4072310328483581,0.4001041948795318,0.4193361401557922,0.4170446991920471,0.4044058918952942,0.3876379132270813,0.4077609181404114,0.3821708559989929,0.41941899061203,0.3945390284061432,0.4226872026920318,0.395115464925766,0.4232152998447418,0.4008965492248535,0.4215348362922668,0.400245726108551,0.4153670370578766,0.4068721830844879,0.4163354933261871,0.4008923172950744,0.4176995754241943,0.399000883102417,0.409945398569107,0.3919438421726227,0.446439653635025,0.4072570204734802,0.3439985811710357,0.3353187143802643,0.3351700007915497,0.3350113928318023,0.3363842666149139,0.3370771706104278,0.3378490805625915,0.3400417864322662,0.3433967232704162,0.3542212247848511,0.3558084368705749,0.3931275904178619,0.3946796655654907,0.4670765101909637,0.4754696786403656,0.5234577655792236,0.544860303401947,0.540040910243988,0.5613135695457458,0.5383377075195312,0.5601450800895691,0.5331664681434631,0.5538569092750549,0.5367546677589417,0.5404815077781677,0.6120122075080872,0.6193082332611084,0.6959884762763977,0.7059431076049805,0.7152078747749329,0.721449077129364,0.704971432685852,0.721828043460846,-0.1209661960601806,-0.1113007888197898,-0.1113158911466598,-0.1112944036722183,-0.1347957551479339,-0.134824052453041,-0.1348952949047088,-0.0525045320391655,-0.1588770598173141,-0.0954991206526756,-0.1261578947305679,0.0282638184726238,-0.1950392872095108,0.0643708258867263,-0.2233550101518631,0.0266214814037084,-0.2199697196483612,0.0210770070552825,-0.2451103627681732,0.0041563427075743,-0.2459050714969635,0.0172201991081237,-0.2198630571365356,0.0665263831615448,-0.0666177719831466,0.1663691103458404,0.042203065007925,0.2764477133750915,0.1907418668270111,0.2850074470043182,0.2031282484531402,0.2460096627473831,0.1542780846357345,Walk-From-Chair
185,0.9965136647224426,0.9911023378372192,0.9895458817481996,0.9907453656196594,0.9944964647293092,0.9948418140411376,0.9957442283630372,0.9744513630867004,0.9955494403839112,0.993546724319458,0.9971877932548524,0.9970003366470336,0.99992436170578,0.027315717190504,0.9883683323860168,0.0655353218317031,0.9672681093215942,0.0824363157153129,0.9413555860519408,0.0856467708945274,0.9371395111083984,0.085438422858715,0.9014161229133606,0.9965998530387878,0.9980420470237732,0.5206198692321777,0.9317294359207152,0.7595592141151428,0.9472823143005372,0.7942602634429932,0.8638065457344055,0.8699881434440613,0.935857117176056,0.4220507144927978,0.4176416397094726,0.4173208177089691,0.416931688785553,0.4162580966949463,0.4149619936943054,0.4134886264801025,0.4092206358909607,0.4044482111930847,0.4218031466007232,0.4200854301452636,0.4060491621494293,0.3916257917881012,0.4103084206581116,0.3855437040328979,0.423881471157074,0.3976522982120514,0.4276788234710693,0.3986968100070953,0.4281021952629089,0.4045545160770416,0.4263754785060882,0.4038850665092468,0.4155089855194092,0.4111343920230865,0.4107180535793304,0.4122536778450012,0.3775270581245422,0.4354076385498047,0.3682677149772644,0.4323533177375793,0.4066402018070221,0.4685241281986236,0.3448343575000763,0.3361468017101288,0.3360060453414917,0.3358563482761383,0.3369601666927337,0.3374909162521362,0.3381057679653168,0.3405047059059143,0.3434224426746368,0.3548497259616852,0.3561278283596039,0.3937582373619079,0.3944957852363586,0.4671124219894409,0.4754348993301391,0.5233701467514038,0.5448534488677979,0.5399636626243591,0.5614574551582336,0.5382110476493835,0.5602359771728516,0.5330747961997986,0.5538633465766907,0.536629319190979,0.5400059223175049,0.6126204133033752,0.6165028214454651,0.6984480023384094,0.702438473701477,0.716269314289093,0.7197316884994507,0.71686190366745,0.7167302370071411,-0.0979039743542671,-0.0884074792265892,-0.0884231030941009,-0.0883978232741355,-0.1129178255796432,-0.1129390224814415,-0.1130154281854629,-0.0350767001509666,-0.1457003653049469,-0.0745780616998672,-0.1064564138650894,0.040981151163578,-0.1840226501226425,0.0718598365783691,-0.2150386273860931,0.0320864841341972,-0.2137924879789352,0.0275417231023311,-0.2392826378345489,0.0108191166073083,-0.238384410738945,0.0226562712341547,-0.2131721526384353,0.0667980313301086,-0.0668758302927017,0.1521273702383041,0.0329076126217842,0.2519759237766266,0.1603130847215652,0.2596299946308136,0.1705973744392395,0.2202653437852859,0.1202904134988784,Walk-From-Chair
186,0.996176540851593,0.9907341599464417,0.9891149401664734,0.9904847145080566,0.99421489238739,0.9945484399795532,0.9955790638923644,0.9736671447753906,0.9953733682632446,0.9932276010513306,0.9970334768295288,0.9967557191848756,0.9999154806137084,0.0258394423872232,0.9874736070632936,0.0625286325812339,0.9636006951332092,0.0796254202723503,0.9366470575332642,0.0825976654887199,0.932036280632019,0.0823720768094062,0.8949224352836609,0.9966229796409608,0.9979915618896484,0.5299890041351318,0.9341332912445068,0.7722525000572205,0.949910044670105,0.806075930595398,0.871173620223999,0.8747543692588806,0.9383259415626526,0.425659716129303,0.4214549958705902,0.4212391376495361,0.4209260046482086,0.4198038578033447,0.4183358550071716,0.4166537821292877,0.4132184088230133,0.4073459208011627,0.4256667196750641,0.4237546920776367,0.4066597819328308,0.3965717554092407,0.4097284376621246,0.3899808526039123,0.4217790961265564,0.4026632905006408,0.4252730011940002,0.4033064246177673,0.4244117140769958,0.4100762903690338,0.4230560660362243,0.4094275832176208,0.4150017201900482,0.4161881506443023,0.4059861302375793,0.4220340847969055,0.372874915599823,0.4431184232234955,0.3626188337802887,0.4371688961982727,0.4011074900627136,0.4753063321113586,0.3449627459049225,0.336225152015686,0.3360713720321655,0.3359057307243347,0.337043434381485,0.3375672996044159,0.3381684422492981,0.3405258953571319,0.3434452712535858,0.3549604713916778,0.356235921382904,0.3937117755413055,0.3943394124507904,0.4672545790672302,0.4752244055271148,0.5233843326568604,0.5441164374351501,0.5398350358009338,0.5611029267311096,0.5384397506713867,0.5597273111343384,0.5330222249031067,0.553333580493927,0.5365726947784424,0.5386878848075867,0.6134634613990784,0.6124090552330017,0.6993109583854675,0.69931560754776,0.7162567377090454,0.7189385294914246,0.7213522791862488,0.7153417468070984,-0.0952735692262649,-0.0854649096727371,-0.0854729786515235,-0.0854402557015419,-0.1097397431731224,-0.1097580641508102,-0.1098335236310958,-0.031998224556446,-0.1416080892086029,-0.0719689726829528,-0.1034809350967407,0.0455146692693233,-0.1813963204622268,0.0730441585183143,-0.2147201001644134,0.031878761947155,-0.2138357162475586,0.0278825964778661,-0.2387735843658447,0.0115502281114459,-0.2364650964736938,0.0226780846714973,-0.2124863415956497,0.0678329691290855,-0.0679019019007682,0.1445549875497818,0.0123028680682182,0.2368932217359542,0.1236975789070129,0.2433476895093917,0.1324543356895446,0.2051554471254348,0.0841249972581863,Walk-From-Chair
187,0.9964810609817504,0.9914965033531188,0.9899692535400392,0.9911943078041076,0.9947024583816528,0.9950076937675476,0.995951235294342,0.975471019744873,0.9957754015922546,0.9936583042144777,0.997239112854004,0.9968408942222596,0.999919056892395,0.0247206836938858,0.9875773191452026,0.0607558414340019,0.9629576206207277,0.0778092965483665,0.9350897669792176,0.080772764980793,0.9304558634757996,0.0804611593484878,0.8928302526473999,0.9968299865722656,0.9980892539024352,0.5407540798187256,0.938094198703766,0.7838633060455322,0.9532303810119628,0.8148980140686035,0.8778828382492065,0.8810279965400696,0.9422662258148192,0.4290055334568023,0.4249253273010254,0.424984872341156,0.4249863624572754,0.4224805235862732,0.4206474721431732,0.4184482991695404,0.4184572696685791,0.4090903699398041,0.4296935200691223,0.4269401133060455,0.4140640199184418,0.398633599281311,0.4144123196601867,0.3934696912765503,0.4240135252475738,0.4068390727043152,0.4272733628749847,0.4088204503059387,0.4278976321220398,0.4146316051483154,0.4264908730983734,0.4141727089881897,0.4264160096645355,0.4190583229064941,0.4165546894073486,0.4137719273567199,0.4075532853603363,0.3889684975147247,0.3984726965427398,0.3760981857776642,0.4372966885566711,0.4228048324584961,0.3448534607887268,0.3361251950263977,0.3359292149543762,0.3357120752334595,0.337030291557312,0.3375639915466308,0.3381874859333038,0.3404265940189361,0.3435870409011841,0.3548442423343658,0.3562281429767608,0.3936777710914612,0.3943528831005096,0.4669350385665893,0.4766517281532287,0.5218597054481506,0.5439882874488831,0.5384796261787415,0.5610647201538086,0.5363397598266602,0.5595316290855408,0.5311327576637268,0.5532934069633484,0.5358766317367554,0.5385702252388,0.6134090423583984,0.6127465963363647,0.6996815800666809,0.6993198990821838,0.7181397080421448,0.7176371812820435,0.7211459279060364,0.717451810836792,-0.156535342335701,-0.1420934945344925,-0.1420947909355163,-0.1420645117759704,-0.1652145683765411,-0.1652509719133377,-0.1653181612491607,-0.0615307912230491,-0.1637315452098846,-0.1235727816820144,-0.1534581929445266,0.0370377227663993,-0.1923417001962661,0.0727465376257896,-0.2187206298112869,0.0301926285028457,-0.2316758334636688,0.0275639593601226,-0.2592454552650451,0.0102993668988347,-0.2595869600772857,0.0216882061213254,-0.2309512794017791,0.0703271180391311,-0.0704196840524673,0.1521844863891601,0.0154807809740304,0.2638777196407318,0.1488693654537201,0.271575778722763,0.1595534533262252,0.2312734425067901,0.105104349553585,Walk-From-Chair
188,0.9966732263565063,0.9920153617858888,0.9905458092689514,0.9917020201683044,0.9950191974639891,0.9953110814094543,0.9961941838264464,0.976706087589264,0.9960535764694214,0.9939361214637756,0.9973490238189696,0.9969032406806946,0.9999216198921204,0.023923447355628,0.9874229431152344,0.0590729564428329,0.9626327753067015,0.0758605077862739,0.934149444103241,0.078898400068283,0.9292811751365662,0.078668437898159,0.8904732465744019,0.9970147609710692,0.9981731176376344,0.5480082631111145,0.9420894980430604,0.7934948205947876,0.9563475847244264,0.8203254342079163,0.880046010017395,0.8864263892173767,0.945389449596405,0.4332050681114197,0.4282505512237549,0.4281089901924133,0.4279142320156097,0.426408588886261,0.4248690605163574,0.4231075346469879,0.421105295419693,0.4145480096340179,0.4337914586067199,0.4315496385097503,0.4196543097496032,0.4029248356819153,0.4228546023368835,0.3982739448547363,0.435837835073471,0.4144228100776672,0.4389902651309967,0.4152185022830963,0.4406221508979797,0.4208007454872131,0.4391314089298248,0.4213639199733734,0.429694652557373,0.4209311604499817,0.43125119805336,0.4099941253662109,0.4422146677970886,0.3773688971996307,0.4340361058712005,0.364170491695404,0.4737849831581116,0.4049094617366791,0.3425283133983612,0.3341631293296814,0.3339499533176422,0.3337308764457702,0.3352221548557281,0.335846483707428,0.3365518748760223,0.3393825888633728,0.3427236676216125,0.3523441255092621,0.3539548218250274,0.3933829665184021,0.3941533267498016,0.4647835791110992,0.4768419563770294,0.5144030451774597,0.5433076620101929,0.5291340947151184,0.5601004362106323,0.5256701111793518,0.5583755970001221,0.5211414694786072,0.5521039962768555,0.5353854894638062,0.5370112657546997,0.6123532056808472,0.6129804849624634,0.699591338634491,0.6992740631103516,0.7177607417106628,0.7151033282279968,0.7178816199302673,0.7213684320449829,-0.148025706410408,-0.1362378597259521,-0.1362525671720504,-0.1362359672784805,-0.1605360060930252,-0.1605737060308456,-0.1606454253196716,-0.0677988976240158,-0.1793614476919174,-0.1191862821578979,-0.1509629040956497,0.0259634163230657,-0.2150317728519439,0.0703686997294426,-0.2480830401182174,0.0309104863554239,-0.2586948275566101,0.0276521388441324,-0.2888497710227966,0.0088406978175044,-0.2875749766826629,0.0211281739175319,-0.2583100795745849,0.0702396258711814,-0.0703213289380073,0.1631138026714325,0.0236356388777494,0.2894591689109802,0.1776429265737533,0.2989885210990906,0.1901766508817672,0.258278489112854,0.1316459029912948,Walk-From-Chair
189,0.9963929057121276,0.9914421439170836,0.9897834658622742,0.99107027053833,0.99466210603714,0.9950238466262816,0.9959662556648254,0.974034070968628,0.9959171414375304,0.9932209849357604,0.9970461130142212,0.996780812740326,0.9999231100082396,0.0229792017489671,0.9870473742485046,0.0563998967409133,0.9618403911590576,0.0726103633642196,0.932856023311615,0.0756214559078216,0.9278727173805236,0.0755035206675529,0.8878470063209534,0.9970747232437134,0.998153805732727,0.5450246334075928,0.9441501498222352,0.7925730347633362,0.9574378132820128,0.8176161646842957,0.878139078617096,0.8852438926696777,0.9461746215820312,0.4369030892848968,0.4325551390647888,0.4322778284549713,0.4318982064723968,0.4309633672237396,0.4295424818992615,0.4279018342494964,0.4241548180580139,0.4191185534000397,0.4367100298404693,0.4347879886627197,0.4193853437900543,0.4068605005741119,0.4265553057193756,0.4027260839939117,0.4392734467983246,0.4199558198451996,0.4402768015861511,0.4223952293395996,0.4447317123413086,0.4282163977622986,0.4430100321769714,0.427866518497467,0.4331136643886566,0.4265206456184387,0.433809369802475,0.4119963645935058,0.4461768269538879,0.3771032691001892,0.4373460710048675,0.3635178208351135,0.4786572456359863,0.4025957584381103,0.3425370454788208,0.3341241478919983,0.3339023292064667,0.3336779475212097,0.3351498246192932,0.3357271552085876,0.3363721966743469,0.3389752805233001,0.3420149683952331,0.3522617220878601,0.3537612855434418,0.3919868171215057,0.3906961679458618,0.464307576417923,0.4749804139137268,0.514880895614624,0.5412979125976562,0.52822345495224,0.5581502318382263,0.5267508029937744,0.555351197719574,0.521955132484436,0.5493234395980835,0.5325584411621094,0.5328375697135925,0.6113923788070679,0.6131301522254944,0.6979004740715027,0.6985307931900024,0.7176252007484436,0.711249589920044,0.7164598703384399,0.7219825387001038,-0.1277544796466827,-0.1185015439987182,-0.1185206323862075,-0.1185130029916763,-0.1438593119382858,-0.1439117491245269,-0.144008994102478,-0.0611622333526611,-0.1774339377880096,-0.1029340848326683,-0.136314108967781,0.0288648344576358,-0.2128863334655761,0.0704678446054458,-0.2451725006103515,0.0342181548476219,-0.2539264559745788,0.0321538932621479,-0.2840757071971893,0.0127893909811973,-0.2828228175640106,0.023960206657648,-0.2560436129570007,0.0702736377716064,-0.0703413113951683,0.1458933800458908,0.0010632323101162,0.2548156082630157,0.1299158632755279,0.2623174786567688,0.1396635323762893,0.2218116819858551,0.0814155489206314,Walk-From-Chair
190,0.9962656497955322,0.9911927580833436,0.9894824028015136,0.9908364415168762,0.9944818615913392,0.9949132800102234,0.9958588480949402,0.9726309776306152,0.995897650718689,0.9926201701164246,0.9968034625053406,0.9967378377914428,0.999924659729004,0.0222881473600864,0.9871265888214112,0.0544574819505214,0.961995005607605,0.0701651498675346,0.932955801486969,0.0732180103659629,0.928099811077118,0.0731472671031951,0.8874481320381165,0.9971905946731568,0.9981709122657776,0.5465068817138672,0.9475339651107788,0.7963472604751587,0.9596944451332092,0.8180960416793823,0.8806135654449463,0.8859812617301941,0.948602855205536,0.4398250579833984,0.4355974793434143,0.4351905286312103,0.4346550405025482,0.4343605637550354,0.433060348033905,0.4315577149391174,0.4264495968818664,0.4227194786071777,0.4393218457698822,0.4377630352973938,0.4203416407108307,0.4105659425258636,0.4260318875312805,0.4085950255393982,0.4353507459163666,0.4257872700691223,0.4364063143730163,0.4275833964347839,0.4387515485286712,0.4324914813041687,0.4386496543884277,0.4320318102836609,0.436552345752716,0.4284002184867859,0.4415555596351623,0.4166683256626129,0.4462710320949554,0.3773102164268493,0.4379944801330566,0.3635985255241394,0.4788694381713867,0.3989304006099701,0.3422295749187469,0.3338134586811065,0.3335885405540466,0.3333669006824493,0.33476123213768,0.3352676331996918,0.3358206152915954,0.3382002413272857,0.3410412669181824,0.351554274559021,0.3529106080532074,0.3897150754928589,0.3889069259166717,0.4642615616321563,0.4730885922908783,0.5152806639671326,0.5391966700553894,0.5285558104515076,0.5551086068153381,0.5274927020072937,0.5524698495864868,0.5227735042572021,0.546579122543335,0.5283437371253967,0.5287891626358032,0.6090408563613892,0.6125366687774658,0.6976948976516724,0.6972751617431641,0.7173822522163391,0.7068833708763123,0.7154554724693298,0.7226581573486328,-0.1198887377977371,-0.110524334013462,-0.1105448752641677,-0.1105331629514694,-0.1370873749256134,-0.137141466140747,-0.1372368782758712,-0.0548263192176818,-0.1767975986003875,-0.0956325605511665,-0.1306463629007339,0.0344871543347835,-0.2149718999862671,0.0752125829458236,-0.2454584538936615,0.0425486341118812,-0.2529351711273193,0.0415802896022796,-0.2816493809223175,0.021734420210123,-0.2745040655136108,0.0320513173937797,-0.2509998083114624,0.0731502845883369,-0.0731877610087394,0.1370644271373748,-0.0284721665084362,0.2388446778059005,0.0822880715131759,0.2453109920024871,0.0902669876813888,0.2038541138172149,0.0316124632954597,Walk-From-Chair
191,0.9958339929580688,0.9902951717376708,0.9883373379707336,0.9899531006813048,0.9937388300895692,0.994246244430542,0.9953032732009888,0.9690155386924744,0.9955060482025146,0.9914991855621338,0.996246337890625,0.9967203736305236,0.999923586845398,0.0217075888067483,0.986443281173706,0.0526073463261127,0.9599788188934326,0.067860797047615,0.9299401640892028,0.0709141492843627,0.9251141548156738,0.0709118321537971,0.8829501271247864,0.9973067045211792,0.9981697797775269,0.5380716323852539,0.948390543460846,0.7951733469963074,0.960098922252655,0.8142272233963013,0.8798352479934692,0.8830646872520447,0.949168860912323,0.4431046843528747,0.4390625357627868,0.4387726783752441,0.4383835792541504,0.4375863969326019,0.4361665248870849,0.4344936907291412,0.4302126765251159,0.4253734946250915,0.4429436326026916,0.4411093592643738,0.422175258398056,0.4145008027553558,0.4268758893013,0.4141458570957184,0.4353036284446716,0.4318218231201172,0.4363018870353699,0.4322783350944519,0.438405841588974,0.4381511211395263,0.4382828176021576,0.4381458759307861,0.4383469223976135,0.431959718465805,0.4421822130680084,0.4255890250205993,0.4461813867092132,0.3794298768043518,0.4388325214385986,0.3660963177680969,0.4785966873168945,0.3988611102104187,0.3421386182308197,0.333613246679306,0.3333573937416076,0.3330988585948944,0.3345605432987213,0.3350535631179809,0.3355931639671325,0.3374841809272766,0.3405410051345825,0.3513826727867126,0.3526816368103027,0.3883109390735626,0.3883386850357055,0.4647407233715057,0.4724604785442352,0.5175532102584839,0.5375986695289612,0.5321894288063049,0.5540958642959595,0.5313878655433655,0.5509526133537292,0.5246157050132751,0.5451890826225281,0.527072012424469,0.5278586745262146,0.6090713143348694,0.6121386885643005,0.6975634694099426,0.692062497138977,0.7171926498413086,0.6986473798751831,0.7147786021232605,0.7228057980537415,-0.1212328895926475,-0.1117227301001548,-0.1117464676499366,-0.1117382645606994,-0.1373914182186126,-0.1374412178993225,-0.1375357657670974,-0.0550280138850212,-0.1740631163120269,-0.0965785011649131,-0.1303988248109817,0.0336325243115425,-0.2143231928348541,0.0732296854257583,-0.2415132820606231,0.0391319543123245,-0.2393301725387573,0.0371109470725059,-0.2653980553150177,0.0181421414017677,-0.2615698575973511,0.0289480946958065,-0.2374395579099655,0.0730457454919815,-0.0730878189206123,0.1318907439708709,-0.0257073156535625,0.2326503545045852,0.0909241214394569,0.2389033138751983,0.0996949300169944,0.1967484652996063,0.0432520695030689,Walk-From-Chair
192,0.9959448575973512,0.9904223084449768,0.9883952736854552,0.9900595545768738,0.9938344955444336,0.9943424463272096,0.995380401611328,0.9684165120124816,0.9956284165382384,0.9915298223495485,0.9962766170501708,0.9968629479408264,0.9999276995658876,0.0218878556042909,0.9867154359817504,0.0530486404895782,0.9611350297927856,0.0681509375572204,0.9316988587379456,0.0713398158550262,0.927052676677704,0.0714158490300178,0.8853711485862732,0.9974704384803772,0.9982541799545288,0.5430525541305542,0.9514538049697876,0.8013624548912048,0.9624745845794678,0.8158779740333557,0.8836416602134705,0.8861309885978699,0.9520567655563354,0.4480060636997223,0.4441208243370056,0.4439331889152527,0.4436376690864563,0.4422995448112488,0.4406450390815735,0.4386851191520691,0.4357288479804992,0.4288859367370605,0.4482293128967285,0.4461687207221985,0.4286180138587951,0.4183843731880188,0.4350551068782806,0.4180396199226379,0.4445975422859192,0.4369762539863586,0.4476203322410583,0.4364310204982757,0.4486330449581146,0.4425884187221527,0.4454498887062073,0.4428257346153259,0.4446429312229156,0.4363095760345459,0.4452211856842041,0.4321212768554687,0.4461050927639007,0.3797425627708435,0.4389859139919281,0.3678014874458313,0.4787840843200683,0.4008405804634094,0.3421604037284851,0.3336260616779327,0.3333702385425567,0.3331109881401062,0.3345669507980346,0.3350678384304046,0.3356179893016815,0.3374734222888946,0.3405764698982239,0.3514280319213867,0.3527282476425171,0.3876571953296661,0.3878578245639801,0.4642460942268371,0.4704859852790832,0.5176470875740051,0.5374882221221924,0.5327088832855225,0.5542306900024414,0.5324734449386597,0.5513959527015686,0.5261199474334717,0.5453261137008667,0.52703857421875,0.5278875231742859,0.6106280088424683,0.6147798299789429,0.697468638420105,0.6871392726898193,0.7170880436897278,0.6911242604255676,0.7146480679512024,0.7227566242218018,-0.1378508508205413,-0.1287038028240203,-0.1287237107753753,-0.1287162154912948,-0.1544906497001648,-0.1545458883047104,-0.1546432077884674,-0.0686182454228401,-0.1863882094621658,-0.1116231232881546,-0.1456934660673141,0.0272078327834606,-0.2241559773683548,0.0713678300380706,-0.2532976269721985,0.0380385220050811,-0.2534216344356537,0.0363778099417686,-0.2816051840782165,0.0148426117375493,-0.2785864770412445,0.0267081819474697,-0.2516960203647613,0.0741530209779739,-0.0742086395621299,0.1362803727388382,-0.0179206021130085,0.2514318227767944,0.1095723286271095,0.2589275538921356,0.1195491552352905,0.2153084576129913,0.0626256391406059,Walk-From-Chair
193,0.9960619807243348,0.9906194806098938,0.9885409474372864,0.9902079701423644,0.9939778447151184,0.9944843649864196,0.9954853057861328,0.9677177667617798,0.9957506656646729,0.991430163383484,0.9962589740753174,0.9969840049743652,0.9999299645423888,0.02211919054389,0.98715740442276,0.054188136011362,0.9623671174049376,0.0692098662257194,0.9335451126098632,0.0725624784827232,0.9291455149650574,0.0725309401750564,0.8878956437110901,0.997619092464447,0.9983130693435668,0.5483258962631226,0.9540290832519532,0.8072241544723511,0.9644572734832764,0.8174963593482971,0.8878011703491211,0.8889699578285217,0.9547713398933412,0.4517043530941009,0.4475727081298828,0.4474356174468994,0.4471969604492187,0.4455095827579498,0.4437527060508728,0.4417279660701751,0.4395949244499206,0.432097852230072,0.4521728456020355,0.4499119222164154,0.4322726130485534,0.4217302203178406,0.4387629926204681,0.4204004406929016,0.4486433565616607,0.4404681622982025,0.4500268101692199,0.441107839345932,0.45071941614151,0.4468390941619873,0.4493141174316406,0.4464730620384216,0.4469826817512512,0.4383473992347717,0.4488211572170257,0.4402076303958893,0.4470537602901459,0.3877750337123871,0.4396454691886902,0.3706201016902923,0.479163646697998,0.4032188057899475,0.3421757519245147,0.3336334228515625,0.3333743810653686,0.3331117928028106,0.3345768749713897,0.3350828289985657,0.3356575071811676,0.3374535143375397,0.3406048119068146,0.3514547049999237,0.3527463674545288,0.3867493569850921,0.3874945640563965,0.4636994004249573,0.4689384996891022,0.5173922777175903,0.5368632674217224,0.5330950617790222,0.5536289811134338,0.5312721133232117,0.550899088382721,0.5240544080734253,0.5445631146430969,0.525709867477417,0.5263796448707581,0.6106771230697632,0.6147031784057617,0.6973685622215271,0.6826339364051819,0.7170419692993164,0.683510959148407,0.7154226303100586,0.7220962047576904,-0.1671251952648162,-0.1554775089025497,-0.1554937660694122,-0.1554870903491974,-0.1816529482603073,-0.1817093789577484,-0.1818029433488845,-0.0844205766916275,-0.2033681869506836,-0.1369591206312179,-0.1714494526386261,0.0211760438978672,-0.2366312742233276,0.0709182769060134,-0.2648472487926483,0.0366057157516479,-0.2685069441795349,0.0339819714426994,-0.297732263803482,0.0141186919063329,-0.295607715845108,0.0262120254337787,-0.267015665769577,0.0761114731431007,-0.076169915497303,0.1368095576763153,-0.0188884511590003,0.2615486085414886,0.1143115162849426,0.2695684432983398,0.1248019933700561,0.2229440659284591,0.0677664428949356,Walk-From-Chair
194,0.9956041574478148,0.9890496134757996,0.9866466522216796,0.9887550473213196,0.9929930567741394,0.9936304092407228,0.9947147965431212,0.9617803692817688,0.99491286277771,0.9901712536811828,0.9956681728363036,0.9970614910125732,0.9999300837516784,0.0225966069847345,0.986565351486206,0.0551027692854404,0.9624992609024048,0.0699938237667083,0.9341644048690796,0.0735961496829986,0.9298619627952576,0.0736029669642448,0.8881702423095703,0.9977341294288636,0.998361110687256,0.5409797430038452,0.9546727538108826,0.8053333759307861,0.9657792448997498,0.8145999908447266,0.890475332736969,0.8897669315338135,0.956829309463501,0.4555436670780182,0.4512747228145599,0.4509468674659729,0.4504996240139007,0.4497869610786438,0.4483178555965423,0.44657963514328,0.4425750374794006,0.4373143315315246,0.4555805623531341,0.4538135528564453,0.4358084797859192,0.4252636432647705,0.4457159638404846,0.4260700345039367,0.4576299786567688,0.444695234298706,0.4586248397827148,0.4443465173244476,0.4622199535369873,0.4503318667411804,0.4577960968017578,0.4510373175144195,0.4511986672878265,0.4406425058841705,0.4513490796089172,0.4453016221523285,0.4465236067771911,0.3981468975543976,0.439477264881134,0.3842571377754211,0.4773640632629394,0.4160216748714447,0.3422884345054626,0.3336789011955261,0.3334152996540069,0.3331524431705475,0.3346032202243805,0.3350917994976043,0.3356724381446838,0.3374642729759216,0.3405932188034057,0.3514959514141083,0.3527700304985046,0.3864671289920807,0.3867112696170807,0.4635651409626007,0.4687766432762146,0.5178559422492981,0.5358839631080627,0.5331977605819702,0.5532155632972717,0.5316370725631714,0.5504933595657349,0.5242789387702942,0.5440537333488464,0.5258778929710388,0.5264357924461365,0.6106681227684021,0.6146838068962097,0.6948849558830261,0.6819648146629333,0.7152965068817139,0.6846672892570496,0.7152135372161865,0.7211893200874329,-0.158200591802597,-0.1456287652254104,-0.14563649892807,-0.1456133872270584,-0.1700887531042099,-0.1701410561800003,-0.1702181994915008,-0.0774252489209175,-0.194751039147377,-0.1284825503826141,-0.1606622040271759,0.0211625322699546,-0.2303196936845779,0.0698988735675811,-0.2596225440502167,0.0334895811975002,-0.2629472613334656,0.0299754478037357,-0.2918263077735901,0.0093708615750074,-0.2905899286270141,0.0226060263812541,-0.261959820985794,0.0761989876627922,-0.0762726292014122,0.1595195084810257,-0.0181922651827335,0.2895961999893188,0.1331233084201812,0.2990681231021881,0.1448293328285217,0.2568977475166321,0.0877789407968521,Walk-From-Chair
195,0.995297074317932,0.9878540635108948,0.9851782321929932,0.9876242280006408,0.9922598600387572,0.993009388446808,0.994142472743988,0.957378387451172,0.9942625761032104,0.9895504713058472,0.9953588843345642,0.997160255908966,0.9999308586120604,0.0239349864423275,0.98611181974411,0.0573663413524627,0.9626871943473816,0.0721413344144821,0.9346882104873656,0.0761341676115989,0.9304307699203492,0.0761033222079277,0.8883510231971741,0.9978326559066772,0.998412549495697,0.5304762721061707,0.9543211460113524,0.7982186079025269,0.966359794139862,0.8082472681999207,0.8913452625274658,0.8887631893157959,0.9582096338272096,0.4576963484287262,0.4536378979682922,0.4534119665622711,0.4530784487724304,0.4517788887023926,0.4501323103904724,0.4482263922691345,0.4452382922172546,0.4385570585727691,0.457852303981781,0.4556172788143158,0.4409450590610504,0.4258773326873779,0.453397274017334,0.4261866211891174,0.4664159715175628,0.4473055899143219,0.4695971012115478,0.4472128450870514,0.4713450074195862,0.4547319412231445,0.4678328931331634,0.4544567167758941,0.4565989077091217,0.4421474039554596,0.4562738537788391,0.4487829804420471,0.4462370872497558,0.4063231945037842,0.4384621679782867,0.3947508037090301,0.476342499256134,0.4284288883209228,0.3427923023700714,0.3339322805404663,0.3336444795131683,0.3333601951599121,0.3348328173160553,0.3352813124656677,0.3358165025711059,0.3374694883823395,0.3406103849411011,0.3517889082431793,0.3529799878597259,0.3866003453731537,0.3868497610092163,0.463335782289505,0.4687866568565368,0.5170755982398987,0.5354683995246887,0.5330762267112732,0.5527420043945312,0.5314742922782898,0.5500208139419556,0.5244623422622681,0.5437031388282776,0.5267568230628967,0.5267578363418579,0.6108667850494385,0.6153508424758911,0.693173348903656,0.683641254901886,0.7115839123725891,0.6868075132369995,0.7144245505332947,0.7203428149223328,-0.1506262421607971,-0.1394303441047668,-0.1394478678703308,-0.1394346952438354,-0.1644952148199081,-0.1645414978265762,-0.1646292805671692,-0.0743269547820091,-0.1907669752836227,-0.122561015188694,-0.1553987562656402,0.0216715559363365,-0.2265810966491699,0.0704058483242988,-0.2561280429363251,0.0301305949687957,-0.2637442648410797,0.0237159132957458,-0.2942299842834472,0.0027510612271726,-0.2951156497001648,0.0186997670680284,-0.2638471126556396,0.0759665518999099,-0.0760389789938926,0.1757541000843048,0.0036079208366572,0.3164874017238617,0.1623825281858444,0.3273288607597351,0.1747951358556747,0.2850059270858764,0.1139521449804306,Walk-From-Chair
196,0.995468258857727,0.9880431294441224,0.9853835105895996,0.9877227544784546,0.9924528002738952,0.9932244420051576,0.99428528547287,0.9571499228477478,0.9943814277648926,0.9898438453674316,0.9955047369003296,0.9973034262657166,0.9999345541000366,0.0245224516838789,0.9866408705711364,0.0594292134046554,0.9646121859550476,0.0745539292693138,0.9377538561820984,0.0788148641586303,0.9336293935775756,0.0787496566772461,0.8925740718841553,0.9979528188705444,0.9985024333000184,0.5211004614830017,0.9560026526451112,0.7904106378555298,0.9682087302207948,0.8030333518981934,0.8961471915245056,0.889780580997467,0.9607651233673096,0.459338903427124,0.4556550085544586,0.455738216638565,0.4557423591613769,0.4529162049293518,0.4509286880493164,0.4485475420951843,0.4485146403312683,0.4386172890663147,0.4597707688808441,0.456484317779541,0.4453665316104889,0.4267942309379577,0.4547017514705658,0.4275427758693695,0.4696863293647766,0.449946254491806,0.4732582569122314,0.4513204097747803,0.4737510681152344,0.4577154517173767,0.472059816122055,0.4570958614349365,0.4618988633155823,0.4472879469394684,0.4612875580787658,0.4529651701450348,0.4458645284175873,0.4180017411708832,0.4397924840450287,0.4070177674293518,0.4758597314357757,0.4427787661552429,0.3428098261356354,0.3339361548423767,0.3336488008499145,0.3333651125431061,0.3348422348499298,0.3352942764759063,0.335832417011261,0.3374521434307098,0.3406087756156921,0.3518404364585876,0.3530819714069366,0.386688083410263,0.3869772255420685,0.463104784488678,0.468902975320816,0.5171237587928772,0.5355389714241028,0.5334916710853577,0.5529005527496338,0.5309979319572449,0.5502233505249023,0.5249476432800293,0.5439186096191406,0.5279199481010437,0.5283285975456238,0.6114026308059692,0.618094801902771,0.6904749274253845,0.6848174929618835,0.7050119042396545,0.6887745261192322,0.71368807554245,0.7203103303909302,-0.1690311133861541,-0.1563027948141098,-0.1563388705253601,-0.1563380509614944,-0.1815370023250579,-0.1815787851810455,-0.1816761940717697,-0.0805511251091957,-0.1949950456619262,-0.1369687914848327,-0.1699389815330505,0.0219887271523475,-0.2283234894275665,0.0743766278028488,-0.2603131234645843,0.0277655068784952,-0.2835871279239654,0.0195869542658329,-0.3186692297458648,-0.0027046613395214,-0.3198450207710266,0.0155193228274583,-0.2843919396400451,0.0773984491825103,-0.0774746760725975,0.2032549381256103,0.0317724868655204,0.3665474057197571,0.2032196968793869,0.3799927532672882,0.2170875519514084,0.337755024433136,0.1529553532600402,Walk-From-Chair
197,0.9957281351089478,0.9885968565940856,0.9860498905181884,0.9881637096405028,0.99286288022995,0.9936255216598512,0.9945956468582152,0.9583458304405212,0.994672417640686,0.990225076675415,0.9957183003425598,0.9973981976509094,0.9999374747276306,0.024244362488389,0.98723703622818,0.0587767399847507,0.9663004875183104,0.0738868489861488,0.9402572512626648,0.0781267657876014,0.936215043067932,0.0780997276306152,0.8957530856132507,0.9980218410491944,0.9985587000846864,0.5068601965904236,0.9570600390434264,0.7795337438583374,0.9698020815849304,0.7953214049339294,0.9008712768554688,0.8894496560096741,0.9629778265953064,0.4616608023643493,0.458188384771347,0.458432525396347,0.4586134850978851,0.4550132155418396,0.452873170375824,0.4503487646579742,0.4518510401248932,0.4404114782810211,0.4626155495643616,0.4586852490901947,0.4480303227901459,0.4288287162780761,0.4562319815158844,0.4293359220027923,0.474813163280487,0.4524538516998291,0.4762634634971618,0.4547262191772461,0.4801245331764221,0.4611523151397705,0.4775435328483581,0.4605529904365539,0.4613714218139648,0.4497742056846618,0.4641443789005279,0.458371490240097,0.4471180438995361,0.4348138868808746,0.4401833415031433,0.4231268763542175,0.4751845002174377,0.4598752856254577,0.3428012728691101,0.3338871598243713,0.3335950672626495,0.3333050012588501,0.3348197937011719,0.3352832794189453,0.3358315825462341,0.3373636305332184,0.3405755758285522,0.3518600165843963,0.353098452091217,0.3867321014404297,0.3870502710342407,0.4629239737987518,0.4694771468639374,0.5171344876289368,0.5356664657592773,0.5320894718170166,0.5530136227607727,0.5310461521148682,0.5503557324409485,0.5250311493873596,0.5440777540206909,0.5287765860557556,0.529483437538147,0.6128682494163513,0.6199512481689453,0.6905919909477234,0.693236231803894,0.7051615118980408,0.7006527781486511,0.7141324877738953,0.7207017540931702,-0.192054271697998,-0.1776627600193023,-0.1776966899633407,-0.177700787782669,-0.2023932933807373,-0.2024323642253875,-0.2025188505649566,-0.0942279547452926,-0.2053784877061844,-0.1572812497615814,-0.189474418759346,0.0162691473960876,-0.2338151484727859,0.0731422305107116,-0.2669399678707123,0.0204153638333082,-0.2938539385795593,0.0121787367388606,-0.3290400505065918,-0.009501501917839,-0.3295999765396118,0.0083713363856077,-0.2943814694881439,0.0776833444833755,-0.0777715966105461,0.2082184851169586,0.0441882759332656,0.376355767250061,0.2176607102155685,0.390520840883255,0.232051819562912,0.3494603037834167,0.1699904203414917,Walk-From-Chair
198,0.9957098960876464,0.9885050654411316,0.985850989818573,0.98794287443161,0.9928747415542604,0.9936492443084716,0.994642436504364,0.9576298594474792,0.994554340839386,0.9901885986328124,0.995736837387085,0.997306764125824,0.9999353289604188,0.0243659149855375,0.9875401854515076,0.0577927902340889,0.9676758646965028,0.0730635151267051,0.9424523711204528,0.0771259292960167,0.9384212493896484,0.0772323086857795,0.8986990451812744,0.9978996515274048,0.9984939098358154,0.4836315512657165,0.9531943202018738,0.754876434803009,0.9691653251647948,0.7799549698829651,0.9022489786148072,0.8788036108016968,0.9625340700149536,0.4646839499473572,0.4609861969947815,0.4612045288085937,0.4613770842552185,0.4577926695346832,0.4555298686027527,0.452906459569931,0.4543960690498352,0.4430643916130066,0.4654117524623871,0.4616301953792572,0.449280172586441,0.4316991865634918,0.4567061960697174,0.4310255944728851,0.4787338376045227,0.4549465179443359,0.4837782382965088,0.4570295810699463,0.4836519658565521,0.4630287587642669,0.4811989367008209,0.4626855254173279,0.4607701897621155,0.4525259137153625,0.4665185809135437,0.4651378691196441,0.4492431282997131,0.449866771697998,0.4397409558296203,0.440218448638916,0.4753046929836273,0.4760778546333313,0.3427682816982269,0.3337664902210235,0.3334722220897674,0.3331823050975799,0.334763616323471,0.3352609276771545,0.3358335494995117,0.3373530209064483,0.3406181335449219,0.3518736064434051,0.3531211614608764,0.386760264635086,0.3874887824058532,0.4612663984298706,0.4697365164756775,0.5166738033294678,0.537149965763092,0.5319749116897583,0.5536496639251709,0.5308878421783447,0.5506314039230347,0.5251317620277405,0.5447489023208618,0.5288752913475037,0.5306374430656433,0.6129010319709778,0.6196802854537964,0.6916913390159607,0.6991389393806458,0.7062107920646667,0.7113968133926392,0.7156111598014832,0.7209692001342773,-0.1734726130962371,-0.1610491722822189,-0.1610786616802215,-0.1610784828662872,-0.185923159122467,-0.1859631240367889,-0.1860519349575042,-0.086827166378498,-0.2025312632322311,-0.1422979533672332,-0.1748295128345489,0.0156130939722061,-0.2290219515562057,0.0683246254920959,-0.2656630873680115,0.0185377076268196,-0.2818692624568939,0.0114588635042309,-0.3142964243888855,-0.008532028645277,-0.3153876066207886,0.0075007379055023,-0.2823236584663391,0.07504503428936,-0.0751502364873886,0.1915236711502075,0.0361072570085525,0.3349561393260956,0.1897925734519958,0.3463332951068878,0.2022273242473602,0.3047443032264709,0.141732782125473,Walk-From-Chair
199,0.9957389831542968,0.9886152744293212,0.9859012961387634,0.987884521484375,0.9930595755577089,0.9938076734542848,0.9947925209999084,0.9582111239433287,0.9945838451385498,0.9900431632995604,0.995753288269043,0.9968377351760864,0.9999213814735411,0.0250236727297306,0.9876425862312316,0.0587149411439895,0.9680436849594116,0.0742401406168937,0.9430037140846252,0.0781353116035461,0.9389693140983582,0.0781518518924713,0.8995354175567627,0.997214138507843,0.9981271624565125,0.4776050448417663,0.9503998160362244,0.7424183487892151,0.9678850173950196,0.7739108800888062,0.903163492679596,0.8700276017189026,0.9604851603507996,0.4670127928256988,0.4633764326572418,0.4636469781398773,0.4638720452785492,0.4600340723991394,0.4577178955078125,0.454958438873291,0.4571272432804107,0.4454123377799988,0.4677658677101135,0.463813304901123,0.4514749944210052,0.4345268607139587,0.4589524269104004,0.4331347942352295,0.4802805483341217,0.4555393159389496,0.4855335652828216,0.4554881453514099,0.4854693412780761,0.4627897143363952,0.4829012453556061,0.4624225497245788,0.45896777510643,0.4565854668617248,0.4638957381248474,0.4706067144870758,0.449869155883789,0.4587559700012207,0.4393598437309265,0.4467724859714508,0.474816620349884,0.4858902394771576,0.3428041338920593,0.3337620496749878,0.3334613740444183,0.3331612944602966,0.3347679376602173,0.335279643535614,0.3358899652957916,0.3373505175113678,0.3408592045307159,0.3519720733165741,0.3533939719200134,0.3867851793766022,0.3880531191825866,0.460986465215683,0.470893919467926,0.5167055726051331,0.5387197136878967,0.5320841670036316,0.5545303821563721,0.5309547781944275,0.551497220993042,0.5253959894180298,0.5459205508232117,0.5292874574661255,0.5312657356262207,0.6128789782524109,0.6190213561058044,0.6920940279960632,0.7004430294036865,0.70672208070755,0.7152513861656189,0.7168847918510437,0.7238476276397705,-0.1725485175848007,-0.1598846614360809,-0.1599034667015075,-0.1598952412605285,-0.1846451461315155,-0.1846796721220016,-0.1847661882638931,-0.085630215704441,-0.1985713541507721,-0.1410326659679412,-0.1731186360120773,0.0163286589086055,-0.2286487370729446,0.0669367238879203,-0.263185441493988,0.0177199207246303,-0.2782118916511535,0.0117372209206223,-0.3090724945068359,-0.0084599079564213,-0.3105116486549377,0.006756464485079,-0.2786379158496856,0.0732820481061935,-0.0733738094568252,0.1642920672893524,0.0157910119742155,0.2924278080463409,0.1352322995662689,0.3019464612007141,0.1442622244358062,0.2601840198040008,0.0813849717378616,Walk-From-Chair
200,0.9960901737213136,0.9895731806755066,0.9870516657829284,0.9888235926628112,0.9936684370040894,0.9943464398384094,0.9952452182769777,0.9615460634231568,0.9950348734855652,0.9907331466674804,0.9960743188858032,0.9965759515762328,0.9999152421951294,0.0268113054335117,0.9876418113708496,0.0633887872099876,0.9672902822494508,0.0791397914290428,0.9416346549987792,0.0829010978341102,0.9375112056732178,0.0826404020190239,0.8981238007545471,0.996793270111084,0.9979808330535888,0.4753292202949524,0.9499605298042296,0.7376999258995056,0.9676178097724916,0.7750138640403748,0.9049291610717772,0.8643084764480591,0.959083378314972,0.4688718914985657,0.4653394222259521,0.4657763838768005,0.4661649167537689,0.461479514837265,0.4589222073554992,0.4559419751167297,0.4596733450889587,0.4465917944908142,0.4699678421020508,0.465359628200531,0.4563721120357513,0.4365970194339752,0.4655202031135559,0.4346031248569488,0.4847436547279358,0.4563992917537689,0.4901182651519775,0.4566946625709533,0.4901185631752014,0.4641300141811371,0.4873203635215759,0.463616281747818,0.4612166285514831,0.4594751894474029,0.4634908139705658,0.4785706400871277,0.4508253037929535,0.4705314636230469,0.4403878152370453,0.4622986912727356,0.476658821105957,0.4984794557094574,0.3427349030971527,0.3335441350936889,0.3332489728927612,0.3329567909240722,0.3346424996852875,0.3352197110652923,0.3358821868896484,0.3373485505580902,0.3408840298652649,0.3519793450832367,0.3534919023513794,0.3870028853416443,0.3881512582302093,0.4608832001686096,0.471017986536026,0.5167317390441895,0.5393503904342651,0.5327696800231934,0.5555174350738525,0.5315848588943481,0.5525221228599548,0.5261152982711792,0.5466400980949402,0.5294371843338013,0.5315569639205933,0.6144362688064575,0.6188949942588806,0.69436115026474,0.702638566493988,0.7079638838768005,0.718522846698761,0.7173019051551819,0.7243613004684448,-0.1902121752500534,-0.1754867434501648,-0.1754844784736633,-0.1754609495401382,-0.1975165009498596,-0.1975456178188324,-0.1976074427366256,-0.0916731283068656,-0.1971810758113861,-0.1555336862802505,-0.1839435547590255,0.0168595388531684,-0.2216895520687103,0.0655710771679878,-0.2556538879871368,0.015130003914237,-0.2757658958435058,0.0096473228186368,-0.306443303823471,-0.0110361818224191,-0.3076993227005005,0.0041724075563251,-0.27615886926651,0.0729722380638122,-0.0730531364679336,0.1573497503995895,-0.0042975498363375,0.2741171717643738,0.0954962745308876,0.282508909702301,0.1022937521338462,0.2429791241884231,0.0384392887353897,Walk-From-Chair
201,0.9956867098808287,0.9887602925300598,0.986164689064026,0.9882611632347108,0.9930965304374696,0.9937044382095336,0.9948402643203736,0.9617969989776612,0.9945244789123536,0.9907036423683168,0.9960370659828186,0.9963334202766418,0.9999046325683594,0.0258404500782489,0.9863035678863524,0.0597345121204853,0.9622017741203308,0.075133666396141,0.9351255893707277,0.0785503834486007,0.9303706884384156,0.0784775018692016,0.8892036080360413,0.9966288208961488,0.9978767037391664,0.4612753093242645,0.9462636113166808,0.7316550612449646,0.9654597043991088,0.7761508226394653,0.9046666622161864,0.8586407899856567,0.9555295705795288,0.4727261066436767,0.4684135913848877,0.4683969914913177,0.4683534204959869,0.4657875597476959,0.463730901479721,0.4614817500114441,0.4605855941772461,0.4523113667964935,0.472870409488678,0.4696381986141205,0.4552029967308044,0.4402462840080261,0.4636553227901459,0.4378019869327545,0.4811944961547851,0.4586793482303619,0.4856393337249756,0.4605688452720642,0.4856696724891662,0.4666940569877624,0.4836343824863434,0.4660990238189697,0.4611719250679016,0.4623633325099945,0.4621582925319671,0.48155277967453,0.4500527381896972,0.4846538007259369,0.4398960471153259,0.479915052652359,0.4761855602264404,0.5132675766944885,0.3422632217407226,0.3331398069858551,0.3329200446605682,0.3327002227306366,0.3340675234794616,0.3345979154109955,0.3352136611938476,0.337285965681076,0.3405731916427612,0.3518369495868683,0.3531563878059387,0.3874424695968628,0.3881781995296478,0.4614982903003692,0.4729715287685394,0.5177231431007385,0.5400863289833069,0.5340059995651245,0.5565332770347595,0.532913863658905,0.5529296398162842,0.5276815891265869,0.5471416115760803,0.5337491631507874,0.53559809923172,0.6165878772735596,0.6192289590835571,0.6970548033714294,0.7094200849533081,0.7102556228637695,0.7259276509284973,0.7172573804855347,0.7242810726165771,-0.1066710203886032,-0.0970415100455284,-0.0970669686794281,-0.0970639139413833,-0.1218121275305748,-0.1218217387795448,-0.1218846440315246,-0.043001040816307,-0.1546280682086944,-0.0830729454755783,-0.1151376590132713,0.0338348671793937,-0.1928762644529342,0.0735586658120155,-0.2232647389173507,0.050955444574356,-0.2198381870985031,0.0496905446052551,-0.2451262176036834,0.0339337214827537,-0.2450232952833175,0.0426768139004707,-0.2196567058563232,0.0704105794429779,-0.0704488903284072,0.1592350304126739,0.0136572029441595,0.2769838571548462,0.1111260280013084,0.2861494123935699,0.1213543564081192,0.2510789632797241,0.082011342048645,Walk-From-Chair
202,0.99549800157547,0.988351583480835,0.985716998577118,0.9880854487419128,0.9926769137382508,0.9931638836860656,0.9945478439331056,0.9625078439712524,0.9942139387130736,0.9909605383872986,0.9960985779762268,0.9963791966438292,0.999902367591858,0.0246844142675399,0.9851456880569458,0.056658674031496,0.957311511039734,0.0720017924904823,0.929219365119934,0.0751082748174667,0.923793613910675,0.0753000751137733,0.8818758726119995,0.9965949654579164,0.9978572130203248,0.4315576255321502,0.9380026459693908,0.7038363218307495,0.9580826163291932,0.7646353840827942,0.9005364179611206,0.8407475352287292,0.9468086361885072,0.4753381311893463,0.4705201089382171,0.4704617857933044,0.4703551828861236,0.4678007066249847,0.4657067358493805,0.4634366929531097,0.4619076251983642,0.4544048905372619,0.4753604531288147,0.472266137599945,0.4568977952003479,0.4423290193080902,0.461292415857315,0.4389395117759704,0.4779004454612732,0.4593964219093323,0.4822408556938171,0.4620015025138855,0.4820302128791809,0.4682138860225677,0.4800588488578796,0.4674395024776459,0.4638381898403168,0.4650345742702484,0.4626672863960266,0.4829885065555572,0.4493632316589355,0.4961074292659759,0.4396255910396576,0.4919127523899078,0.476409912109375,0.5276201963424683,0.3400289416313171,0.3314042091369629,0.3312467932701111,0.3310948014259338,0.3324451148509979,0.3331082463264465,0.3338731229305267,0.3369244337081909,0.3402098417282104,0.3506200015544891,0.3520867526531219,0.3876045048236847,0.3882127404212951,0.4624839723110199,0.473782330751419,0.5190199613571167,0.5415013432502747,0.5356517434120178,0.5579624772071838,0.5344957709312439,0.554478645324707,0.5295537710189819,0.548495352268219,0.5404205322265625,0.5421373248100281,0.6188291907310486,0.6212559938430786,0.6982496976852417,0.7084200978279114,0.7117131352424622,0.7265059947967529,0.7164433598518372,0.7221736907958984,-0.0957263112068176,-0.0860206484794616,-0.0860616713762283,-0.0860619395971298,-0.110930249094963,-0.1109427213668823,-0.1110115870833396,-0.0330466963350772,-0.1452678740024566,-0.072651706635952,-0.1049552783370018,0.0409022904932498,-0.1869439780712127,0.0758202746510505,-0.2155012637376785,0.0472171120345592,-0.20871302485466,0.0432321093976497,-0.2350998222827911,0.0278649292886257,-0.235130950808525,0.0386467166244983,-0.2087390720844268,0.0699641481041908,-0.0699754506349563,0.1677048653364181,0.0308039672672748,0.2830897271633148,0.1536532938480377,0.292440265417099,0.1649479269981384,0.2631026208400726,0.1228376179933548,Walk-From-Chair
203,0.9955667853355408,0.988685667514801,0.9862313866615297,0.9885278940200806,0.9928420186042786,0.9933040142059326,0.994692325592041,0.9642513990402222,0.994363009929657,0.9912589192390442,0.996231734752655,0.9963775277137756,0.9999024868011476,0.0239688828587532,0.9834038615226746,0.0543689094483852,0.9520078301429749,0.0698756501078605,0.9229263663291932,0.0726812481880188,0.916965126991272,0.0729926973581314,0.8738964796066284,0.9965940713882446,0.9978995323181152,0.4385528266429901,0.9415951371192932,0.7117038369178772,0.9596732258796692,0.7745797634124756,0.9054733514785768,0.8378708362579346,0.9461584091186525,0.4786133766174316,0.4737327694892883,0.4735236167907715,0.473250150680542,0.4714436531066894,0.469571977853775,0.4674798548221588,0.4645717144012451,0.4581226408481598,0.4782591760158539,0.4755864143371582,0.455579936504364,0.4455462992191314,0.459644466638565,0.4408203065395355,0.4792695939540863,0.4606123566627502,0.4837284684181213,0.4617922902107239,0.4840990900993347,0.4688393473625183,0.4823194444179535,0.4681534171104431,0.4645117223262787,0.4666473865509033,0.4622254967689514,0.4902108311653137,0.4490632116794586,0.5091529488563538,0.4393878877162933,0.5006972551345825,0.4761458337306976,0.5411003232002258,0.3395855128765106,0.3310340940952301,0.3309021294116974,0.3307840228080749,0.3320550620555877,0.3327217400074005,0.3335078060626983,0.3368563055992126,0.3400828540325165,0.3502821624279022,0.3517591059207916,0.387721985578537,0.3882216811180115,0.4628207087516784,0.4737642407417297,0.5209437608718872,0.5421937108039856,0.5371562838554382,0.5591732859611511,0.53623366355896,0.5554378032684326,0.5316897034645081,0.5498892664909363,0.5402976870536804,0.5413718819618225,0.6184561252593994,0.6203395128250122,0.6982414126396179,0.7073673605918884,0.7125809788703918,0.7248189449310303,0.7152864336967468,0.719741940498352,-0.0964775085449218,-0.0865005105733871,-0.0865221470594406,-0.0864996165037155,-0.1119000911712646,-0.1119123250246048,-0.1119786724448204,-0.0312628746032714,-0.1459745317697525,-0.0722401291131973,-0.1053104549646377,0.0464114695787429,-0.1882669925689697,0.0774536877870559,-0.2221507281064987,0.0420016832649707,-0.218445211648941,0.0377622656524181,-0.2454261779785156,0.0206902846693992,-0.2451574057340622,0.0326651968061924,-0.21811144053936,0.0733134970068931,-0.0733613967895507,0.1799569427967071,0.0266567915678024,0.2926276624202728,0.1414431482553482,0.3019566535949707,0.1517019569873809,0.2791422009468078,0.1132466942071914,Walk-From-Chair
204,0.9956695437431335,0.9890385270118712,0.9867203831672668,0.9889858961105348,0.9929877519607544,0.9933948516845704,0.9948117733001708,0.96597421169281,0.9944748878479004,0.9916574358940125,0.9963908791542052,0.996381402015686,0.99990314245224,0.0229317303746938,0.9820070266723632,0.0519834719598293,0.9479922652244568,0.0674321055412292,0.9178969860076904,0.0699423477053642,0.9113715291023254,0.0703140348196029,0.8674798011779785,0.9966994524002076,0.9979783296585084,0.4410362243652344,0.944424331188202,0.7178183197975159,0.9613099694252014,0.7835890054702759,0.9106685519218444,0.8364158272743225,0.9465014934539796,0.4819352030754089,0.4769670367240906,0.4768032431602478,0.4765848219394684,0.4745922088623047,0.4726394712924957,0.470470517873764,0.4678972661495209,0.460507869720459,0.4812414050102234,0.4784924387931824,0.4596467018127441,0.4489979147911072,0.4614684581756592,0.4434196352958679,0.4773784279823303,0.4605821073055267,0.4815240502357483,0.4611606001853943,0.4819135665893554,0.4677834510803222,0.4800124764442444,0.4674957394599914,0.4671393930912018,0.4695512354373932,0.4634157121181488,0.4963838458061218,0.4488390386104584,0.5173018574714661,0.4392097890377044,0.5084633827209473,0.4767759442329407,0.5506536960601807,0.3384348154067993,0.3300057351589203,0.3299270868301391,0.3298802077770233,0.3310465514659881,0.3317702412605285,0.3326300382614136,0.3367349803447723,0.3398860692977905,0.3492895364761352,0.3506856858730316,0.3881196975708008,0.3869086802005768,0.4644361734390259,0.4731679856777191,0.5249714255332947,0.5420987010002136,0.5423656702041626,0.5591356754302979,0.5416311025619507,0.5554053783416748,0.5365892648696899,0.5498910546302795,0.5398601293563843,0.5412697196006775,0.6183933615684509,0.6207420825958252,0.6989678144454956,0.7068444490432739,0.7142720818519592,0.7254642248153687,0.7152555584907532,0.7173465490341187,-0.0888154506683349,-0.078298196196556,-0.0783251002430915,-0.0783012062311172,-0.1037742123007774,-0.1037822738289833,-0.1038485020399093,-0.0223742295056581,-0.1375230699777603,-0.0644912272691726,-0.0977117195725441,0.0537560954689979,-0.1830417215824127,0.0802415460348129,-0.2187413424253463,0.042155273258686,-0.214452177286148,0.0373238399624824,-0.242256686091423,0.0205921940505504,-0.2408270388841629,0.0328502357006073,-0.2137673199176788,0.0746365636587143,-0.074690043926239,0.1827146708965301,0.0261346902698278,0.2983634173870086,0.1439927071332931,0.3080950677394867,0.1542727202177047,0.2821366190910339,0.1137980967760086,Walk-From-Chair
205,0.9958743453025818,0.989695370197296,0.9875051975250244,0.9896711111068726,0.9933508038520812,0.9936935901641846,0.9950950741767884,0.968217670917511,0.9947988986968994,0.9922047853469848,0.9966269731521606,0.9964538812637328,0.9999046325683594,0.0222070682793855,0.9811453223228456,0.0507735274732112,0.9436518549919128,0.0663226023316383,0.911914050579071,0.068601869046688,0.9049150347709656,0.0689516365528106,0.8613895177841187,0.9967437982559204,0.9980292916297911,0.4354675710201263,0.9457162618637084,0.7184267044067383,0.961187481880188,0.7857665419578552,0.9127583503723145,0.834911584854126,0.9458090662956238,0.4833613038063049,0.4786708354949951,0.4786946177482605,0.4786652624607086,0.4757764339447021,0.4736738204956054,0.471313863992691,0.4707158207893371,0.4621787667274475,0.4833586812019348,0.4800423979759216,0.4632745385169983,0.4523140490055084,0.464430034160614,0.4447583556175232,0.4782726168632507,0.4601398408412933,0.4825352728366852,0.4614768028259277,0.4822512567043304,0.4686813354492187,0.4804595410823822,0.4682113230228424,0.4692477285861969,0.471665620803833,0.4637166559696197,0.4955762326717376,0.4485943913459778,0.5213688015937805,0.439067542552948,0.513937771320343,0.4780547022819519,0.5549377202987671,0.3385339379310608,0.3300239741802215,0.3299298882484436,0.3298686444759369,0.331095278263092,0.3318224251270294,0.3326844274997711,0.3366959691047668,0.3398782610893249,0.3493360877037048,0.350747138261795,0.3889269232749939,0.3869422376155853,0.465395838022232,0.4727427065372467,0.5262250304222107,0.5421091318130493,0.5439358353614807,0.5590566992759705,0.5432334542274475,0.5556610226631165,0.5380119681358337,0.5500131845474243,0.5397504568099976,0.5417945981025696,0.6184933185577393,0.6207361817359924,0.6992981433868408,0.7063008546829224,0.7150322198867798,0.7244440317153931,0.715154767036438,0.7151710987091064,-0.0944659411907196,-0.0838956236839294,-0.0839175134897232,-0.0838953107595443,-0.1081945747137069,-0.108209803700447,-0.1082767099142074,-0.0268893148750066,-0.1367247700691223,-0.0699603706598281,-0.101584292948246,0.0520289130508899,-0.1817443966865539,0.0788070261478424,-0.2141400575637817,0.0415937192738056,-0.2017335444688797,0.0352911986410617,-0.2278098315000534,0.0196813382208347,-0.2266266345977783,0.0323781929910182,-0.2009357959032058,0.0746577233076095,-0.0747089236974716,0.1833709329366684,0.0254029724746942,0.2995535433292389,0.1450269222259521,0.3091903328895569,0.1554489284753799,0.2820118069648742,0.1125093922019004,Walk-From-Chair
206,0.996208667755127,0.9905419945716858,0.9885343313217164,0.9905325174331664,0.993890345096588,0.994196593761444,0.9954953789711,0.9708250164985656,0.9952150583267212,0.9928692579269408,0.996911883354187,0.996670663356781,0.9999105930328368,0.0236713327467441,0.9812860488891602,0.0554481893777847,0.944068968296051,0.0715034529566764,0.9123154282569884,0.0738443508744239,0.9054115414619446,0.0739345848560333,0.8626450300216675,0.9969622492790222,0.9981777667999268,0.4615932703018188,0.9499756693840028,0.7361213564872742,0.9640254378318788,0.7986563444137573,0.9185699224472046,0.8424240946769714,0.94897723197937,0.4858792722225189,0.4812513291835785,0.4813633859157562,0.4814147055149078,0.4779882431030273,0.4757072925567627,0.4731046259403229,0.473897784948349,0.4640467762947082,0.4861283302307129,0.4824174046516418,0.4688735604286194,0.4528314173221588,0.4725123345851898,0.4463711678981781,0.4849978387355804,0.4594835638999939,0.4893034100532532,0.4606467187404632,0.4889240860939026,0.4684697985649109,0.4869585633277893,0.4681996703147888,0.4730767607688904,0.473219633102417,0.465721994638443,0.498904138803482,0.4484798312187195,0.5251601934432983,0.4389635026454925,0.518897533416748,0.4787305891513824,0.5604702234268188,0.338596373796463,0.330075204372406,0.3299716413021087,0.3298998773097992,0.3311430513858795,0.331856220960617,0.3327053785324096,0.3366923630237579,0.3399411737918854,0.3493790328502655,0.3507633209228515,0.3894807696342468,0.3869885504245758,0.4654534459114074,0.4720646440982818,0.526035487651825,0.5420679450035095,0.5437586903572083,0.5590159893035889,0.5430576205253601,0.5558445453643799,0.5377936959266663,0.5504045486450195,0.5394270420074463,0.5416971445083618,0.6184573769569397,0.6204084157943726,0.6992247700691223,0.7062280774116516,0.7150648832321167,0.7253827452659607,0.7150946259498596,0.7146849036216736,-0.0992439016699791,-0.0889493376016616,-0.088969849050045,-0.0889443308115005,-0.1134716123342514,-0.113486111164093,-0.1135524362325668,-0.0304946117103099,-0.141390711069107,-0.0739114433526992,-0.1059362068772316,0.0518031530082225,-0.1844101250171661,0.0830748006701469,-0.2199241816997528,0.0407284870743751,-0.21220164000988,0.0346718803048133,-0.235157772898674,0.0176570769399404,-0.2339464724063873,0.0309416707605123,-0.2113272249698639,0.0755003839731216,-0.0755679830908775,0.1905949264764785,0.0240126028656959,0.3158546686172485,0.1406304240226745,0.3265751004219055,0.1502408981323242,0.2960944175720215,0.1003002077341079,Walk-From-Chair
207,0.9964219331741332,0.9911336302757264,0.989247500896454,0.99113792181015,0.994245946407318,0.994509756565094,0.9957642555236816,0.9726766347885132,0.9955043792724608,0.9933554530143738,0.997121512889862,0.996776819229126,0.999914050102234,0.0234289672225713,0.9806281328201294,0.0560654550790786,0.9425867199897766,0.0726300701498985,0.9105322360992432,0.0747927874326706,0.903560221195221,0.0747148469090461,0.8613913059234619,0.9970701336860656,0.9982635974884032,0.4790303111076355,0.9527845978736876,0.7467209696769714,0.9654772877693176,0.8085487484931946,0.9229490756988524,0.8430502414703369,0.9493054747581482,0.487703412771225,0.4832657277584076,0.4833864271640777,0.4834430813789367,0.4801568388938904,0.4779511988162994,0.4754131734371185,0.4759590625762939,0.4664614200592041,0.4882046580314636,0.4844163954257965,0.4698146879673004,0.455918937921524,0.4726026654243469,0.4495023787021637,0.4853142201900482,0.46135014295578,0.4897361695766449,0.4612314105033874,0.4892182946205139,0.4699855446815491,0.4873647689819336,0.4698231816291809,0.4754471182823181,0.4763548970222473,0.4659907221794128,0.5022889375686646,0.4485757350921631,0.5266433954238892,0.4388969838619232,0.5197505950927734,0.4803896844387054,0.5620273351669312,0.33936208486557,0.330406129360199,0.330243319272995,0.3301146626472473,0.3315908014774322,0.3323318362236023,0.3332110345363617,0.3367624282836914,0.340223491191864,0.3502228856086731,0.3516965210437774,0.3904489278793335,0.3871279954910278,0.4657159745693207,0.4717962443828583,0.5262861251831055,0.541500449180603,0.5439656376838684,0.5585008263587952,0.543416440486908,0.555835485458374,0.5382150411605835,0.5503951907157898,0.539608895778656,0.5420939326286316,0.6186210513114929,0.621171772480011,0.6995793581008911,0.7060331702232361,0.7156655192375183,0.7254918217658997,0.7149571180343628,0.7144604325294495,-0.0913813635706901,-0.0808295831084251,-0.08084587007761,-0.0808149576187133,-0.1049462929368019,-0.1049554571509361,-0.1050204634666442,-0.0225689485669136,-0.1318004429340362,-0.0662358999252319,-0.0977507010102272,0.0573291257023811,-0.1771118491888046,0.0841975435614585,-0.2128439396619796,0.0404889620840549,-0.2066383063793182,0.0344364941120147,-0.2328618764877319,0.0173095073550939,-0.2321745157241821,0.0307747386395931,-0.2059592008590698,0.0757490620017051,-0.0758252590894699,0.190665990114212,0.0234817713499069,0.3119353055953979,0.1415719538927078,0.3222752511501312,0.1514831483364105,0.2929299473762512,0.1009235605597496,Walk-From-Chair
208,0.9967268109321594,0.9918987154960632,0.9901589751243592,0.9918763637542723,0.994747519493103,0.9949835538864136,0.9961345791816713,0.974931001663208,0.9958982467651368,0.9939006567001344,0.9973602294921876,0.9968594908714294,0.9999182224273682,0.0230299048125743,0.9806877374649048,0.0565557405352592,0.9413625001907348,0.0735022500157356,0.9086092114448548,0.0755449458956718,0.9015880227088928,0.0753213614225387,0.8600594997406006,0.9971795678138732,0.9983622431755066,0.4918256998062134,0.9554645419120787,0.7567934393882751,0.967291533946991,0.8164301514625549,0.9271203875541688,0.8472412824630737,0.9511095881462096,0.4903876185417175,0.4859924912452698,0.4862256646156311,0.4864163398742676,0.4825673103332519,0.4801228046417236,0.4773191809654236,0.4799156785011291,0.4684788286685943,0.4911530017852783,0.4871086180210113,0.4749738574028015,0.457824558019638,0.4763382077217102,0.4521600604057312,0.4887817800045013,0.4641895294189453,0.4929976463317871,0.464273989200592,0.4922446310520172,0.4728365838527679,0.490447461605072,0.4726290106773376,0.479583203792572,0.4796265959739685,0.4668168127536773,0.5036081075668335,0.4485341012477875,0.5265790820121765,0.4388417303562164,0.5179418921470642,0.4802718758583069,0.5629512071609497,0.3396743834018707,0.33057901263237,0.3303698599338531,0.3302024900913238,0.3319404721260071,0.3327852785587311,0.3338061869144439,0.3368606865406036,0.3407869338989258,0.350460797548294,0.3522194325923919,0.3915196359157562,0.3883371651172638,0.4659747779369354,0.4723738133907318,0.5264033079147339,0.541863739490509,0.5441150069236755,0.5590353608131409,0.5435274243354797,0.5567121505737305,0.5384690761566162,0.551500141620636,0.5410813689231873,0.5439287424087524,0.619394838809967,0.6231586337089539,0.6999446749687195,0.7069222927093506,0.7166246175765991,0.7261784076690674,0.7149296998977661,0.7148176431655884,-0.1133717447519302,-0.0996039360761642,-0.0996015295386314,-0.0995678082108497,-0.120721198618412,-0.1207305639982223,-0.1207633018493652,-0.023052055388689,-0.1386694014072418,-0.0834539756178855,-0.1104568019509315,0.0528856739401817,-0.1811715513467788,0.0828461199998855,-0.2159085273742675,0.0397413372993469,-0.2127105444669723,0.0339745357632637,-0.2399905025959015,0.0165857709944248,-0.2399200648069381,0.0300109945237636,-0.2123903781175613,0.0757173746824264,-0.07578806579113,0.1944778859615326,0.0357660390436649,0.3212579488754272,0.1652502715587616,0.3324306905269623,0.1763032376766204,0.3049387037754059,0.1282632499933242,Walk-From-Chair
209,0.9969057440757751,0.9923376441001892,0.9906851649284364,0.9922893643379213,0.9950515031814576,0.9952719807624816,0.9963669776916504,0.9761406183242798,0.996152937412262,0.9942535161972046,0.9975192546844482,0.996875822544098,0.9999220967292786,0.0223588626831769,0.9807339906692504,0.0555212721228599,0.9414565563201904,0.0726516023278236,0.9086670875549316,0.0745260491967201,0.901616394519806,0.0743513330817222,0.8603724837303162,0.9972985982894896,0.9984580874443054,0.5124272704124451,0.9586173295974731,0.7705259323120117,0.9696078896522522,0.8272863626480103,0.9320970177650452,0.8531840443611145,0.9536728262901306,0.4933434426784515,0.4891523420810699,0.4893586635589599,0.4895196557044983,0.4859135746955871,0.4835585951805115,0.4808807969093323,0.4830145835876465,0.4721301198005676,0.4941630363464355,0.49037966132164,0.4766131937503814,0.4620009362697601,0.4785212576389313,0.4543969631195068,0.4906139373779297,0.4675250649452209,0.4945214688777923,0.4668616354465484,0.4939920902252197,0.4737216532230377,0.4924035966396332,0.4748876690864563,0.4821610450744629,0.4841390252113342,0.4684306681156158,0.506218433380127,0.4484512209892273,0.527014434337616,0.4387864172458648,0.5184276700019836,0.4804849028587341,0.562950074672699,0.3405477702617645,0.3315342366695404,0.331264466047287,0.3310380280017853,0.3329884111881256,0.3338362276554107,0.3348802924156189,0.3374035656452179,0.3416529595851898,0.3510617613792419,0.3530767858028412,0.3920004963874817,0.388752281665802,0.4661912024021148,0.4712338149547577,0.526854395866394,0.5418540835380554,0.544481635093689,0.5590762495994568,0.5439832806587219,0.557313859462738,0.538989782333374,0.5520296096801758,0.5419255495071411,0.5445897579193115,0.6197946667671204,0.6250101923942566,0.7009599804878235,0.7087706923484802,0.7178342938423157,0.7279238104820251,0.7149159908294678,0.7172785997390747,-0.1125830262899398,-0.0997234284877777,-0.0997268632054328,-0.099693439900875,-0.1222096532583236,-0.1222220435738563,-0.1222685128450393,-0.0296293459832668,-0.1421650946140289,-0.0835210382938385,-0.1127266511321067,0.053390759974718,-0.1814641058444976,0.0880744308233261,-0.2210708111524582,0.044989313930273,-0.2159689664840698,0.0393804386258125,-0.2451115548610687,0.021706199273467,-0.244633600115776,0.0350801274180412,-0.2153109014034271,0.0776301994919776,-0.0777386575937271,0.208325907588005,0.038413617759943,0.3459323942661285,0.1756434291601181,0.3581632077693939,0.1873988360166549,0.3291177749633789,0.1360146552324295,Walk-From-Chair
210,0.9966115355491638,0.9918724298477172,0.9901158213615416,0.9919183254241944,0.9947003722190856,0.9948498010635376,0.9961484670639038,0.9755730628967284,0.9959468245506288,0.994055449962616,0.9974194765090942,0.9966399073600768,0.9999181032180786,0.0212940014898777,0.9799825549125672,0.0531022921204566,0.9401124715805054,0.0700615793466568,0.9071316719055176,0.0717345848679542,0.9000353813171387,0.0716410726308822,0.8589205741882324,0.9971500635147096,0.998390018939972,0.5119149088859558,0.9565324783325196,0.7695390582084656,0.9672970771789552,0.8293530344963074,0.9310693740844728,0.8470709919929504,0.9483342170715332,0.4971080720424652,0.4925740659236908,0.4924995303153991,0.492368996143341,0.4901800751686096,0.4882416129112243,0.4859780371189117,0.4848648011684418,0.4766046106815338,0.4973908364772796,0.4944740831851959,0.4785145223140716,0.4667443335056305,0.4794565141201019,0.4587921500205993,0.4906947612762451,0.4710559248924255,0.4943224489688873,0.4703118801116943,0.4937027990818023,0.4765428900718689,0.4923279881477356,0.4770516455173492,0.4866088330745697,0.4890845417976379,0.4713936448097229,0.508727490901947,0.44834965467453,0.5269368886947632,0.4388287961483001,0.5187743902206421,0.4802698493003845,0.5628734827041626,0.3405942320823669,0.3317142128944397,0.3314771950244903,0.3312990069389343,0.3330625891685486,0.3338707089424133,0.3348931074142456,0.3378235697746277,0.3417318761348724,0.3511409163475036,0.353128045797348,0.3920629322528839,0.3896780014038086,0.4673499763011932,0.471716046333313,0.529282808303833,0.5421841740608215,0.5468749403953552,0.5596604943275452,0.5465924739837646,0.5584839582443237,0.5412857532501221,0.553105354309082,0.5422487854957581,0.5448111295700073,0.6196918487548828,0.6256506443023682,0.7008817791938782,0.7100525498390198,0.7177829742431641,0.7282596230506897,0.714984655380249,0.7203359603881836,-0.0849837958812713,-0.0741493180394172,-0.0741681903600692,-0.0741424858570098,-0.099324494600296,-0.0993327870965004,-0.0994003489613533,-0.0172762889415025,-0.1323331892490387,-0.0605595409870147,-0.0932556614279747,0.0591010339558124,-0.1765118390321731,0.0876515656709671,-0.2112386673688888,0.0466456450521945,-0.2011173069477081,0.0415073558688163,-0.2267520129680633,0.025459811091423,-0.225239485502243,0.0374205000698566,-0.2000076323747635,0.0766860619187355,-0.0767830237746238,0.1997465193271637,0.0377590879797935,0.3203441500663757,0.1677875220775604,0.3311872482299804,0.1807371824979782,0.3134769797325134,0.1278350055217743,Walk-From-Chair
211,0.9967800974845886,0.9923453330993652,0.9906543493270874,0.9923266768455504,0.9950228929519652,0.9951468110084534,0.9963884353637696,0.9770447015762328,0.9962114095687866,0.9943218231201172,0.997539758682251,0.99651038646698,0.9999158382415771,0.0203297231346368,0.979257583618164,0.0516565851867198,0.9386860728263856,0.0688102692365646,0.9055354595184326,0.0703385546803474,0.8986583948135376,0.0701572448015213,0.8580750823020935,0.9971247911453248,0.9983888864517212,0.5313917994499207,0.9562709331512452,0.777572512626648,0.9665381908416748,0.836592435836792,0.932076632976532,0.8452975749969482,0.944543957710266,0.5007740259170532,0.4960320889949798,0.4959621429443359,0.4958459436893463,0.4934276044368744,0.4913340508937835,0.4888504147529602,0.4881020188331604,0.4793032705783844,0.5010005235671997,0.4978418350219726,0.4835221171379089,0.4699220657348633,0.4833856523036957,0.4624525606632232,0.4943601191043854,0.4732027947902679,0.498026430606842,0.4735992848873138,0.4971116483211517,0.4795353412628174,0.4958164691925049,0.4795859456062317,0.4909186959266662,0.4925529956817627,0.4717190861701965,0.5128067135810852,0.4481949806213379,0.5277063250541687,0.4387983679771423,0.5198187828063965,0.4784570634365082,0.5630968809127808,0.3406345248222351,0.3318429589271545,0.3316240310668945,0.3314654529094696,0.3331537246704101,0.3339559435844421,0.3349851071834564,0.3381542265415191,0.3420365750789642,0.3512364029884338,0.3532471358776092,0.3926654458045959,0.3914300501346588,0.4684432744979858,0.4730680286884308,0.530245840549469,0.5422278046607971,0.5476531386375427,0.5600643754005432,0.5472844839096069,0.5589617490768433,0.5420587062835693,0.5531723499298096,0.5432666540145874,0.5464147329330444,0.6203662753105164,0.6255342960357666,0.7008330821990967,0.7110592126846313,0.7177112102508545,0.7283223867416382,0.7149905562400818,0.7239224314689636,-0.09452985227108,-0.0834097415208816,-0.0834269598126411,-0.0834025293588638,-0.1080269068479538,-0.1080389618873596,-0.1081038862466812,-0.0228408984839916,-0.1329980343580246,-0.0689324289560318,-0.1009479984641075,0.0576485395431518,-0.1758774220943451,0.0873318612575531,-0.2075356990098953,0.0495356991887092,-0.193001389503479,0.0448267981410026,-0.2167551815509796,0.0300019942224025,-0.2164895236492157,0.0409053638577461,-0.1921408921480178,0.0741110742092132,-0.0742227360606193,0.1933206021785736,0.0364381298422813,0.3091750144958496,0.1703939288854599,0.3197236657142639,0.1831790655851364,0.3062874674797058,0.1433444768190384,Walk-From-Chair
212,0.9964815974235536,0.9919477105140686,0.990218460559845,0.9920343160629272,0.9947381019592284,0.994821071624756,0.9961991906166076,0.9767311811447144,0.9960173964500428,0.9941110610961914,0.9974119067192078,0.9963801503181458,0.9999094605445862,0.019531775265932,0.9787111282348632,0.0499987713992595,0.9369546175003052,0.0671627074480056,0.9034321904182434,0.0685791671276092,0.8964911103248596,0.0684491395950317,0.8554317355155945,0.9970385432243348,0.998299241065979,0.5307617783546448,0.954211175441742,0.776640772819519,0.9648022055625916,0.8390612006187439,0.931718647480011,0.8400020599365234,0.9404286742210388,0.5054595470428467,0.5006001591682434,0.5002346634864807,0.4998017251491546,0.4987880289554596,0.4971357882022857,0.4952622950077057,0.4909563660621643,0.4850948452949524,0.5050767660140991,0.5027198791503906,0.4866258203983307,0.474710077047348,0.4868698120117187,0.4680281281471252,0.4972589015960693,0.4792024493217468,0.5007210373878479,0.4794118404388428,0.5001198053359985,0.484292984008789,0.4953739047050476,0.4842569828033447,0.4940131604671478,0.4958623051643371,0.4744621813297272,0.5117124319076538,0.4481315016746521,0.526765763759613,0.4387716352939605,0.51909339427948,0.4784688055515289,0.562993586063385,0.3404450416564941,0.331700712442398,0.3314946293830871,0.3313552141189575,0.3328269720077514,0.3334303200244903,0.3341977000236511,0.3380922377109527,0.3415009379386902,0.3511013984680176,0.3529047071933746,0.3931116759777069,0.3917900621891022,0.4692607522010803,0.4740566611289978,0.5334349274635315,0.5440635681152344,0.550537109375,0.562874972820282,0.5499905347824097,0.5618070960044861,0.5434562563896179,0.5554221272468567,0.5440868139266968,0.5461758375167847,0.6203100085258484,0.625303328037262,0.7003898024559021,0.7110221982002258,0.7176857590675354,0.729202926158905,0.7149564027786255,0.7258879542350769,-0.0882219523191452,-0.0772235989570617,-0.0772435963153839,-0.0772136598825454,-0.1036609560251236,-0.1036733761429786,-0.1037438362836837,-0.019827477633953,-0.1361421644687652,-0.0635057687759399,-0.097835972905159,0.0591275580227375,-0.1763779819011688,0.0874997451901435,-0.2080632150173187,0.0478218868374824,-0.2018629014492035,0.0430405586957931,-0.2274584323167801,0.0274095200002193,-0.2267487347126007,0.0389562137424945,-0.2010530978441238,0.0752269551157951,-0.0753327086567878,0.1926386803388595,0.0356338880956172,0.3161911368370056,0.167297750711441,0.3271476626396179,0.1795946359634399,0.3040125966072082,0.1359486728906631,Walk-From-Chair
213,0.9963919520378112,0.991905927658081,0.99016535282135,0.9919801354408264,0.9947220087051392,0.9947672486305236,0.9961987733840942,0.9771128296852112,0.996010720729828,0.99400532245636,0.9973532557487488,0.996161937713623,0.999903440475464,0.0191555358469486,0.978377878665924,0.0496279448270797,0.9358751773834229,0.0670770406723022,0.9020384550094604,0.0683604329824447,0.8952757716178894,0.0680806338787078,0.8543738722801208,0.9967559576034546,0.99814772605896,0.5436745882034302,0.9529874324798584,0.7782095670700073,0.9623809456825256,0.8418809771537781,0.9309736490249634,0.8338658213615417,0.9343743324279784,0.5091279745101929,0.5047504901885986,0.5045284628868103,0.5042174458503723,0.5027235746383667,0.5010536909103394,0.4990922510623932,0.4959020018577575,0.4888146519660949,0.5091819167137146,0.5066046714782715,0.4903470575809479,0.4787358343601227,0.4902659058570862,0.4712645411491394,0.5013502836227417,0.4837891459465027,0.5052233934402466,0.4840859472751617,0.5050339698791504,0.490760862827301,0.5027942657470703,0.4906300008296966,0.4962760508060455,0.4989628195762634,0.4753045439720154,0.5154269337654114,0.4481703639030456,0.5270427465438843,0.4387907385826111,0.519229531288147,0.4779057502746582,0.5640396475791931,0.3409667611122131,0.3322232663631439,0.3320231139659881,0.3318833410739898,0.3331537544727325,0.3336333036422729,0.3342920839786529,0.338272750377655,0.3414971232414245,0.3517173528671264,0.3532886803150177,0.3931073546409607,0.3917606472969055,0.4694629907608032,0.4739913642406463,0.5339979529380798,0.5445944666862488,0.5512495636940002,0.563413679599762,0.5507724285125732,0.5622981190681458,0.544800877571106,0.556337296962738,0.5441799163818359,0.5464626550674438,0.6203075051307678,0.6252347826957703,0.6991346478462219,0.7114279866218567,0.7163934111595154,0.7298934459686279,0.7142902612686157,0.7269001007080078,-0.0885149389505386,-0.077349916100502,-0.0773628652095794,-0.0773321092128753,-0.102324329316616,-0.102336511015892,-0.1024079099297523,-0.0199002139270305,-0.1320341527462005,-0.0637927502393722,-0.0962290987372398,0.0595193430781364,-0.1758095473051071,0.086934857070446,-0.2103306502103805,0.0474758185446262,-0.2032608687877655,0.0432737916707992,-0.2281572520732879,0.0274998191744089,-0.2265045195817947,0.0385788604617118,-0.2020289599895477,0.0744912549853324,-0.0745892450213432,0.1791204810142517,0.0219851024448871,0.2911198735237121,0.1457587331533432,0.300481379032135,0.1570501029491424,0.2754522860050201,0.1166887283325195,Walk-From-Chair
214,0.9962878227233888,0.9917817115783693,0.990052044391632,0.9919441938400269,0.994655966758728,0.9946753978729248,0.9961640238761902,0.9773150086402892,0.9959426522254944,0.9939880967140198,0.9973243474960328,0.9960944652557372,0.9998998641967772,0.0188591405749321,0.9779128432273864,0.0491900891065597,0.9345645904541016,0.0668606087565422,0.9005438685417175,0.0681023448705673,0.8938187956809998,0.067796841263771,0.852814257144928,0.996624767780304,0.9980784058570862,0.5484848022460938,0.9512829780578612,0.7797529697418213,0.9611256122589112,0.845314621925354,0.9311817288398744,0.8304422497749329,0.9308079481124878,0.5128670930862427,0.5083629488945007,0.508163571357727,0.5079072713851929,0.5062265396118164,0.5044020414352417,0.5022434592247009,0.499362051486969,0.4921882152557373,0.5126811265945435,0.5100843906402588,0.4947125911712646,0.4818958342075348,0.4940773546695709,0.4753812849521637,0.5084003210067749,0.4877670705318451,0.5125526785850525,0.4891435503959656,0.5125151872634888,0.4950563013553619,0.5107523798942566,0.4951988756656647,0.5008082389831543,0.5039157867431641,0.4789290428161621,0.5166444778442383,0.4488642811775207,0.5274521112442017,0.4390106201171875,0.5191565752029419,0.4779058992862701,0.5647529363632202,0.341275542974472,0.3325194716453552,0.3323278129100799,0.3321825265884399,0.3333582580089569,0.3337870836257934,0.3343894183635711,0.3383344113826751,0.3414677679538727,0.3520785868167877,0.3535552322864532,0.3930983543395996,0.3917236030101776,0.4695830941200256,0.4745106399059295,0.5334135293960571,0.5451475977897644,0.5507297515869141,0.5636308193206787,0.5501599907875061,0.5622733235359192,0.5442945957183838,0.5564699769020081,0.5440106987953186,0.5463237166404724,0.6198827624320984,0.6250826120376587,0.6972184777259827,0.711915910243988,0.7131736874580383,0.7309983968734741,0.7139669060707092,0.7277840375900269,-0.0884453505277633,-0.0777713134884834,-0.0777857974171638,-0.0777567997574806,-0.1033244356513023,-0.1033386439085006,-0.1034103780984878,-0.0213540121912956,-0.1339600980281829,-0.0640864521265029,-0.0972772091627121,0.0582054555416107,-0.1771999299526214,0.0866348892450332,-0.211886316537857,0.0484846755862236,-0.2052730023860931,0.0444692112505435,-0.2304708063602447,0.0281410478055477,-0.2291191518306732,0.0393726266920566,-0.2041766196489334,0.0744890421628952,-0.0745860934257507,0.1802451908588409,0.022419461980462,0.29664346575737,0.1483319252729416,0.3064579665660858,0.1596096456050872,0.2796482443809509,0.1172425895929336,Walk-From-Chair
215,0.9964534640312196,0.992215096950531,0.9905866980552672,0.9923784732818604,0.994949460029602,0.9949650764465332,0.9963802099227904,0.978557586669922,0.99615079164505,0.9943121671676636,0.9974642395973206,0.9961383938789368,0.9999032020568848,0.018789030611515,0.978095531463623,0.0492493733763694,0.9339901804924012,0.0670287236571312,0.8997013568878174,0.0682742223143577,0.8931145071983337,0.0679097920656204,0.8518311977386475,0.9966484904289246,0.9981482625007628,0.5659865736961365,0.9536433219909668,0.7898054122924805,0.962690532207489,0.8529329299926758,0.9343637824058532,0.8341360092163086,0.932522714138031,0.5165213942527771,0.512010395526886,0.5117592215538025,0.51146399974823,0.5100982189178467,0.5083836913108826,0.5063437819480896,0.5028914213180542,0.4957599639892578,0.516329288482666,0.5139185190200806,0.4988236427307129,0.4854196608066559,0.4981387555599212,0.4791425764560699,0.5128744840621948,0.4910126328468323,0.5125668048858643,0.4922947287559509,0.5177246332168579,0.4986137747764587,0.5157941579818726,0.498493492603302,0.5039738416671753,0.5052676796913147,0.4815427660942077,0.5183359384536743,0.4511474668979645,0.5299863219261169,0.4398959279060364,0.5205198526382446,0.4783224165439605,0.5656633377075195,0.3410404622554779,0.3323056101799011,0.3321209251880646,0.3319748342037201,0.3329970240592956,0.3333203196525574,0.3337986767292022,0.3378668129444122,0.3405335247516632,0.3517093360424042,0.3530928492546081,0.3930497169494629,0.3908949494361877,0.4695391356945038,0.4740784764289856,0.5330236554145813,0.5450857281684875,0.548119843006134,0.5635179877281189,0.5497303009033203,0.5622468590736389,0.5439658761024475,0.5563421249389648,0.541521430015564,0.5416398644447327,0.6179093718528748,0.6211551427841187,0.6953539252281189,0.7121690511703491,0.7099704742431641,0.7316890358924866,0.7140578031539917,0.7292352914810181,-0.0891868621110916,-0.0786733999848365,-0.07868292927742,-0.0786471515893936,-0.1040288805961608,-0.1040424853563308,-0.1041153669357299,-0.0223162211477756,-0.1353843063116073,-0.0649248212575912,-0.0979199185967445,0.0587771907448768,-0.1776637881994247,0.0876376628875732,-0.2179556787014007,0.0480417422950267,-0.2186823189258575,0.0436241179704666,-0.2438828200101852,0.0277379266917705,-0.2423076331615448,0.0392332226037979,-0.217360183596611,0.0750563815236091,-0.0751467943191528,0.1822997331619262,-0.0066997273825109,0.2968084216117859,0.0874176770448684,0.307569146156311,0.0944789499044418,0.2819103896617889,0.0409509912133216,Walk-From-Chair
216,0.9967321753501892,0.9928339123725892,0.9913347363471984,0.9929913282394408,0.9953532218933104,0.9953636527061462,0.9966664910316468,0.980224609375,0.996437966823578,0.9947806000709534,0.9976664185523988,0.9963437914848328,0.9999083280563354,0.020900160074234,0.9788365960121156,0.0553025864064693,0.9359413385391236,0.0736212953925132,0.9022566080093384,0.0749831572175026,0.8958763480186462,0.0741950422525405,0.8551266193389893,0.9967633485794068,0.9982351064682008,0.5831094980239868,0.9560996890068054,0.801469087600708,0.9646363258361816,0.8610017895698547,0.9374247193336488,0.8420689702033997,0.9358540773391724,0.5202747583389282,0.5152508020401001,0.5149029493331909,0.5145145058631897,0.5133246183395386,0.5115140676498413,0.5094468593597412,0.5061325430870056,0.4996840953826904,0.5201820135116577,0.5179780721664429,0.506030261516571,0.4892342686653137,0.5057589411735535,0.4835518896579742,0.5181399583816528,0.4952371716499328,0.5182305574417114,0.4965942502021789,0.5194637179374695,0.5036047101020813,0.5188794732093811,0.5032876133918762,0.5099517703056335,0.5080039501190186,0.4885316789150238,0.5197583436965942,0.4540217816829681,0.5301253795623779,0.4421768188476562,0.5204101204872131,0.4794734120368957,0.5642815828323364,0.3380872011184692,0.3298803269863128,0.3298048675060272,0.3297866582870483,0.3303950726985931,0.3307305872440338,0.3312635123729706,0.3364133834838867,0.3385906815528869,0.3488650918006897,0.3501973748207092,0.3916780352592468,0.3873587548732757,0.4680122435092926,0.4706470072269439,0.5317403674125671,0.5423291325569153,0.5471026301383972,0.562188982963562,0.547782838344574,0.5608291029930115,0.5416686534881592,0.5543397665023804,0.5360530614852905,0.5344762206077576,0.6150618195533752,0.6186646819114685,0.6892960667610168,0.7123994827270508,0.7016132473945618,0.731613039970398,0.7139123678207397,0.7296921014785767,-0.0840224921703338,-0.0735293328762054,-0.0735324993729591,-0.0734894126653671,-0.0987194031476974,-0.0987304076552391,-0.09879981726408,-0.0173489935696125,-0.130924180150032,-0.0598936155438423,-0.0926861315965652,0.065132662653923,-0.1766081601381302,0.0935649573802948,-0.2175175696611404,0.0481336936354637,-0.2228218019008636,0.0435608401894569,-0.2491973638534546,0.0268716122955083,-0.2484240531921386,0.0387770123779773,-0.2218914031982422,0.075561985373497,-0.0756427943706512,0.1777706295251846,-0.020254548639059,0.2906532883644104,0.064054861664772,0.2997499406337738,0.0697312802076339,0.2675047516822815,0.0115135675296187,Walk-From-Chair
217,0.9968667030334472,0.993138074874878,0.991711437702179,0.993302047252655,0.9955615997314452,0.9955722093582152,0.9968168139457704,0.981076717376709,0.9965862035751344,0.9950527548789978,0.99778413772583,0.9963324069976808,0.999910056591034,0.0212769899517297,0.9792370796203612,0.0552764646708965,0.9359411001205444,0.0736060664057731,0.9019224643707277,0.0749157294631004,0.8954251408576965,0.0741233825683593,0.8543170690536499,0.9967842698097228,0.9982698559761048,0.5937466025352478,0.95747047662735,0.8112821578979492,0.9660525321960448,0.8677335381507874,0.9394050240516664,0.8493994474411011,0.9385042190551758,0.5237478017807007,0.5188292264938354,0.5184699296951294,0.5180387496948242,0.5169256329536438,0.5151970386505127,0.5132494568824768,0.5090500712394714,0.5036627054214478,0.5236434936523438,0.5212168097496033,0.5076030492782593,0.4940856397151947,0.5092656016349792,0.4888516962528229,0.518526017665863,0.5008199214935303,0.5209497809410095,0.5029691457748413,0.5213074088096619,0.5095525979995728,0.5194756984710693,0.5093233585357666,0.5140513777732849,0.5122660994529724,0.4947592318058014,0.5209730863571167,0.4581705629825592,0.5299089550971985,0.4455502033233642,0.5200886130332947,0.4836737215518951,0.5629324316978455,0.3370621502399444,0.3288226425647735,0.3287215828895569,0.3286715447902679,0.3293935656547546,0.3297304213047027,0.3302160203456878,0.3349113166332245,0.3370434045791626,0.3478526473045349,0.3491826951503753,0.3894785046577453,0.3861596286296844,0.4672574400901794,0.4702121019363403,0.531187117099762,0.541530430316925,0.5471429228782654,0.5612522959709167,0.5476893782615662,0.5597126483917236,0.5408637523651123,0.5529940128326416,0.5321881771087646,0.5324719548225403,0.6130974888801575,0.6165176033973694,0.6861103773117065,0.7122461199760437,0.6969531178474426,0.731410801410675,0.7130224108695984,0.730052649974823,-0.0868510752916336,-0.076236680150032,-0.0762433931231498,-0.0762049853801727,-0.1013549789786338,-0.1013673320412635,-0.101437009871006,-0.0185514949262142,-0.1320546269416809,-0.0623616576194763,-0.0950508713722229,0.0634487271308898,-0.1773197948932647,0.090238831937313,-0.2179274260997772,0.0423664562404155,-0.2213125526905059,0.0377854593098163,-0.2476650476455688,0.0211911238729953,-0.2468466013669967,0.0329476781189441,-0.220386654138565,0.0755261927843093,-0.0756035894155502,0.1673071086406707,-0.0168715678155422,0.2755672633647918,0.0741781145334243,0.2836619317531585,0.0805060341954231,0.2490289956331253,0.0233306344598531,Walk-From-Chair
218,0.9970468878746032,0.9935256838798524,0.9921903014183044,0.9936946034431458,0.9958200454711914,0.99583500623703,0.9970011711120604,0.982148051261902,0.9967507719993592,0.9953486323356628,0.9979099035263062,0.9964208006858826,0.9999127984046936,0.0220446307212114,0.9797502160072328,0.0566522292792797,0.9371829628944396,0.0752374753355979,0.9035630822181702,0.0765395238995552,0.8970986008644104,0.0756409764289856,0.8557888269424438,0.996745765209198,0.9982937574386596,0.6029015779495239,0.9593690037727356,0.818248450756073,0.9674485325813292,0.8723037838935852,0.9413503408432008,0.8550109267234802,0.9410788416862488,0.5281671285629272,0.5235616564750671,0.5231916904449463,0.5227250456809998,0.5216683149337769,0.5199366211891174,0.5179976224899292,0.513076901435852,0.5079530477523804,0.5278719067573547,0.5254517197608948,0.5103676319122314,0.4968727529048919,0.5153713822364807,0.4939863681793213,0.5246037244796753,0.5076078772544861,0.5279703736305237,0.5089904069900513,0.5239706635475159,0.5155584812164307,0.5235506296157837,0.5154613256454468,0.5184924602508545,0.5173569917678833,0.5006170272827148,0.5242790579795837,0.4628860056400299,0.5297535061836243,0.4486861824989319,0.5196964144706726,0.4860110282897949,0.562274158000946,0.3363613784313202,0.3279861509799957,0.3278726935386657,0.3278080224990845,0.3285536766052246,0.3288836181163788,0.3293205797672272,0.3336306512355804,0.3355497121810913,0.3472342193126678,0.3485150635242462,0.3876716494560241,0.3853280246257782,0.4666014611721039,0.469866007566452,0.5304540395736694,0.5413884520530701,0.547102153301239,0.5609970688819885,0.5446808338165283,0.5593234300613403,0.539845883846283,0.5524998903274536,0.5299420356750488,0.5310201048851013,0.6115495562553406,0.6145563125610352,0.6839457154273987,0.7121926546096802,0.6913453340530396,0.7314788103103638,0.7115596532821655,0.7305334806442261,-0.0859305933117866,-0.0755884796380996,-0.075597807765007,-0.0755596905946731,-0.1011515036225318,-0.1011653095483779,-0.1012367233633995,-0.019646817818284,-0.1327473074197769,-0.0621273517608642,-0.0952601581811904,0.0628174915909767,-0.1795747429132461,0.0898512154817581,-0.2205568999052047,0.0423712208867073,-0.2266216725111007,0.0378558933734893,-0.2530524134635925,0.0208926070481538,-0.251511663198471,0.0327796265482902,-0.2253399640321731,0.0755190104246139,-0.0755955725908279,0.1656859517097473,-0.0340272411704063,0.2744879722595215,0.0384035557508468,0.2825037539005279,0.0424930825829505,0.2493219077587127,-0.016314024105668,Walk-From-Chair
219,0.9972121715545654,0.99386328458786,0.9926114082336426,0.994044303894043,0.996061384677887,0.996084213256836,0.9971740245819092,0.9831132888793944,0.9969049096107484,0.9956108927726746,0.9980241060256958,0.9964874982833862,0.9999157190322876,0.0228473879396915,0.980379045009613,0.0573264956474304,0.9375191330909728,0.076045773923397,0.9038828015327454,0.0773500204086303,0.8974119424819946,0.0763872638344764,0.8557416796684265,0.996640920639038,0.9983074069023132,0.6053919196128845,0.9608246088027954,0.8234533071517944,0.9685975313186646,0.8750579357147217,0.9426202178001404,0.8615066409111023,0.9441015720367432,0.5312297940254211,0.5269732475280762,0.5267025828361511,0.5263624787330627,0.5249501466751099,0.523220419883728,0.5212780833244324,0.5173090696334839,0.5117533206939697,0.5311176180839539,0.5285815000534058,0.5148869752883911,0.500963032245636,0.5215363502502441,0.498021125793457,0.5315391421318054,0.5121067762374878,0.5354689955711365,0.5139355063438416,0.5350710153579712,0.5207192301750183,0.5315558910369873,0.5205283164978027,0.5232855081558228,0.5206372141838074,0.5105787515640259,0.5262197256088257,0.4655841290950775,0.5290281176567078,0.452653020620346,0.5192081928253174,0.489065021276474,0.5617939233779907,0.3359420597553253,0.3276920914649963,0.327558308839798,0.3274617493152618,0.3283514082431793,0.3287145793437958,0.329157143831253,0.3330153226852417,0.3350394964218139,0.3465908169746399,0.3479078114032745,0.3868036270141601,0.3847192227840423,0.4665738046169281,0.4693437218666076,0.5302922129631042,0.5413407683372498,0.5471027493476868,0.5609842538833618,0.5448074340820312,0.559262216091156,0.5387908220291138,0.5521512627601624,0.5275548696517944,0.529337465763092,0.611855685710907,0.6123100519180298,0.6819393038749695,0.7118831276893616,0.6875752210617065,0.7311728596687317,0.711602509021759,0.7305549383163452,-0.0885815694928169,-0.0790634080767631,-0.0790758579969406,-0.0790412202477455,-0.1044228672981262,-0.1044447422027587,-0.1045196428894996,-0.0259063839912414,-0.1385729312896728,-0.0660281628370285,-0.0987681001424789,0.0584825091063976,-0.1860280185937881,0.0845704451203346,-0.22421495616436,0.0371698178350925,-0.2305857837200164,0.0330633446574211,-0.2559391856193542,0.015292203053832,-0.2545761466026306,0.0272076372057199,-0.2293131351470947,0.0754778459668159,-0.0755438506603241,0.1574438512325287,-0.0469022765755653,0.2621085047721863,0.0162158794701099,0.2697729468345642,0.0193265452980995,0.2355137169361114,-0.0407267995178699,Walk-From-Chair
220,0.9973153471946716,0.9940367341041564,0.9928629398345948,0.9942477941513062,0.9962174296379088,0.9962646961212158,0.9972854852676392,0.983714520931244,0.9969708919525146,0.9957357048988342,0.998082399368286,0.996469497680664,0.99991774559021,0.0229834225028753,0.980703830718994,0.0566722527146339,0.9382921457290648,0.0753993093967437,0.9051108956336976,0.0766232907772064,0.8984724283218384,0.0755921825766563,0.8561701774597168,0.9964537024497986,0.9982966780662536,0.6043264269828796,0.9623111486434937,0.8256136178970337,0.96978360414505,0.8759908676147461,0.9439924955368042,0.8665968179702759,0.9470142126083374,0.5342593193054199,0.5298238396644592,0.5294696092605591,0.5290260314941406,0.5281172394752502,0.52653968334198,0.5247656106948853,0.5198240280151367,0.5153549313545227,0.5341553688049316,0.5318887233734131,0.5157380104064941,0.504949152469635,0.5251574516296387,0.5033978223800659,0.5366279482841492,0.518032968044281,0.5405336618423462,0.5188107490539551,0.5410240888595581,0.5254430770874023,0.5361770391464233,0.5250705480575562,0.5264319181442261,0.5249558091163635,0.5192160606384277,0.5301336050033569,0.4743936061859131,0.5285363793373108,0.4595853388309479,0.5188354253768921,0.4965332448482513,0.5617226362228394,0.3356816172599792,0.3273519873619079,0.3271889090538025,0.3270576298236847,0.3280386328697204,0.3283970654010772,0.328823059797287,0.3324958682060241,0.3345685601234436,0.3461118340492248,0.3472841084003448,0.3857399523258209,0.3835077285766601,0.4658093154430389,0.4690935313701629,0.5281771421432495,0.5412010550498962,0.5456416606903076,0.5609474182128906,0.5436097979545593,0.5592435598373413,0.5373850464820862,0.5519517064094543,0.5259109139442444,0.5277045369148254,0.610760509967804,0.610714852809906,0.6792256832122803,0.7118481993675232,0.6840692758560181,0.7310761213302612,0.7074359655380249,0.7303594350814819,-0.0914610847830772,-0.0822764188051223,-0.0822921618819236,-0.0822582840919494,-0.1084659323096275,-0.1084901317954063,-0.1085676550865173,-0.0305988881736993,-0.1475277096033096,-0.0694216042757034,-0.1031949967145919,0.0540313124656677,-0.1945042461156845,0.0811923891305923,-0.2301999032497406,0.0371364280581474,-0.2365700751543045,0.033686339855194,-0.2619790434837341,0.0158035848289728,-0.2597680985927582,0.027177283540368,-0.2349325865507125,0.0754587054252624,-0.0755177289247512,0.157077208161354,-0.0487939044833183,0.2617916464805603,0.0118283685296773,0.2696216702461242,0.0144672067835927,0.2384962141513824,-0.0447794795036315,Walk-From-Chair
221,0.997294545173645,0.9939202070236206,0.9927575588226318,0.9941556453704834,0.9962145686149596,0.9962888956069946,0.9972689747810364,0.9835004210472108,0.9968714714050292,0.9956871271133424,0.9980549216270448,0.9963359832763672,0.9999164938926696,0.0233060978353023,0.9808292388916016,0.0564854927361011,0.9380878210067748,0.07528967410326,0.9051475524902344,0.0764325186610221,0.8983548879623413,0.0753011777997016,0.8554183840751648,0.9961339831352234,0.9982233047485352,0.6013674736022949,0.962379276752472,0.8237274289131165,0.97012060880661,0.8750908970832825,0.944499671459198,0.8686626553535461,0.9487898945808412,0.5364094376564026,0.5321696996688843,0.5320396423339844,0.5318218469619751,0.5298799872398376,0.5280060768127441,0.5257887244224548,0.5235432982444763,0.5167416334152222,0.5368101000785828,0.5339146852493286,0.5205656290054321,0.5082722306251526,0.530453085899353,0.5074822902679443,0.54253089427948,0.5231062173843384,0.5466090440750122,0.5228181481361389,0.5413559675216675,0.529269814491272,0.5446126461029053,0.5289212465286255,0.5296298861503601,0.5287148356437683,0.5260177850723267,0.5348262190818787,0.4819706082344055,0.528448224067688,0.4704051613807678,0.518652081489563,0.5065132975578308,0.5614856481552124,0.3357697129249573,0.3273776471614837,0.3271774053573608,0.3269871473312378,0.328125536441803,0.3285025656223297,0.3289432525634765,0.3322071135044098,0.3347338438034057,0.3460057377815246,0.347270131111145,0.3850418627262115,0.3827096819877624,0.4632093608379364,0.4688082337379455,0.5224646925926208,0.5406824946403503,0.540336012840271,0.5605953931808472,0.540195107460022,0.5591806769371033,0.5322491526603699,0.5516305565834045,0.5250756740570068,0.5265767574310303,0.6083202958106995,0.6113640069961548,0.6778144240379333,0.7117684483528137,0.6831948161125183,0.7310300469398499,0.707047700881958,0.7304478883743286,-0.0983186215162277,-0.0886008515954017,-0.0886133089661598,-0.0885781422257423,-0.113983616232872,-0.1140081509947776,-0.1140907555818557,-0.0338942669332027,-0.1479714810848236,-0.0748717412352562,-0.1076958626508712,0.0513037145137786,-0.1938992440700531,0.0790874287486076,-0.22908715903759,0.0369553603231906,-0.2348298132419586,0.0340814888477325,-0.2597465217113495,0.0162879917770624,-0.2580480873584747,0.0272501949220895,-0.2334193289279937,0.0752760842442512,-0.0753260031342506,0.1575471460819244,-0.0393738076090812,0.2611001133918762,0.0274357236921787,0.2689037919044494,0.0307721458375453,0.2380504608154297,-0.0292307585477828,Walk-From-Chair
222,0.9959684014320374,0.9903607368469238,0.9890170693397522,0.9912298917770386,0.994233250617981,0.9945003986358644,0.9956181049346924,0.97659832239151,0.9946610927581788,0.9933881163597108,0.9968655109405518,0.9959728717803956,0.9999018907546996,0.0234190765768289,0.979691445827484,0.0562050640583038,0.9365982413291932,0.0748052150011062,0.9037171602249146,0.0758406296372413,0.8966122269630432,0.0745705291628837,0.851729154586792,0.9959858655929564,0.9980522990226746,0.5853354334831238,0.957469642162323,0.8125324845314026,0.967060685157776,0.8678553104400635,0.9409456849098206,0.8651992678642273,0.9471985697746276,0.5404807925224304,0.5362029075622559,0.5359550714492798,0.5356274247169495,0.5343219041824341,0.5326559543609619,0.5307241678237915,0.5271120667457581,0.5212224125862122,0.5406140089035034,0.5382431745529175,0.5218535661697388,0.5128489136695862,0.5289293527603149,0.5123727321624756,0.5356367826461792,0.5297585725784302,0.5384042263031006,0.5300053358078003,0.5362706780433655,0.5356577634811401,0.5371209383010864,0.535886287689209,0.5323870182037354,0.5320125818252563,0.5313409566879272,0.5384460687637329,0.5039291977882385,0.528380811214447,0.4853628575801849,0.5185631513595581,0.5191718339920044,0.5604262948036194,0.3358039259910583,0.3273563683032989,0.3271462321281433,0.3269387185573578,0.3281229734420776,0.3285046219825744,0.3289529383182525,0.332041323184967,0.334732323884964,0.3458245694637298,0.3470857441425323,0.3840775191783905,0.3822088539600372,0.4633057415485382,0.4686861634254455,0.5240899324417114,0.5406995415687561,0.5445111393928528,0.5604997277259827,0.5414363741874695,0.5590746998786926,0.5348448157310486,0.5516166687011719,0.5258126854896545,0.5265099406242371,0.6078136563301086,0.6117847561836243,0.6861275434494019,0.7117442488670349,0.6864259839057922,0.7308071851730347,0.7050315141677856,0.7304171919822693,-0.1100426539778709,-0.1005380153656005,-0.1005529314279556,-0.1005219221115112,-0.1277582496404647,-0.1277828961610794,-0.127876728773117,-0.0467858538031578,-0.1691967695951461,-0.0863126590847969,-0.1215600818395614,0.0398420207202434,-0.2144406735897064,0.0698804706335067,-0.2464351207017898,0.0346184261143207,-0.2476722449064254,0.0328790508210659,-0.2742238938808441,0.0155622828751802,-0.2711611688137054,0.0254374183714389,-0.245725467801094,0.0758516862988472,-0.0759063884615898,0.1592101454734802,-0.0266766361892223,0.2756462693214416,0.0742649286985397,0.2849851250648498,0.0811762958765029,0.2540618777275085,0.0240254178643226,Walk-From-Chair
223,0.9872691035270692,0.9708186984062196,0.9691224098205566,0.9753311276435852,0.9810776114463806,0.98264741897583,0.9846469163894652,0.9428391456604004,0.9779953956604004,0.9776588082313538,0.9867624044418336,0.9943801760673524,0.9998560547828674,0.022910563275218,0.9761651754379272,0.05494399741292,0.9339755773544312,0.0731783434748649,0.9017947912216188,0.074021503329277,0.8942182064056396,0.0726579874753952,0.846523642539978,0.9955785870552064,0.9976502656936646,0.562609076499939,0.9478061199188232,0.7858346700668335,0.9606289863586426,0.84661865234375,0.9337043166160583,0.8522822260856628,0.9427521824836732,0.5434169173240662,0.5394942760467529,0.5392557978630066,0.5389326810836792,0.5375585556030273,0.5358397960662842,0.5337432622909546,0.5298842787742615,0.5239418745040894,0.5431402921676636,0.5407305955886841,0.5194756984710693,0.5193838477134705,0.5243090391159058,0.5253230929374695,0.5305209159851074,0.5383442640304565,0.5301070213317871,0.5381101369857788,0.5344976186752319,0.5434290170669556,0.5367392301559448,0.5431987643241882,0.5310220122337341,0.5349677205085754,0.5345842242240906,0.540533185005188,0.5107464790344238,0.5282016396522522,0.4937292635440826,0.5184333920478821,0.529759407043457,0.5598035454750061,0.3358618319034576,0.3273816406726837,0.3271608352661133,0.3269387483596802,0.3281404078006744,0.3285028636455536,0.3289328813552856,0.3316753208637237,0.3344338834285736,0.3458051681518554,0.3470476567745209,0.3831289112567901,0.3808803856372833,0.4633714258670807,0.4679036438465118,0.5294477939605713,0.540470540523529,0.5505343079566956,0.5599750280380249,0.5486019253730774,0.5583123564720154,0.5415188670158386,0.551185667514801,0.5263745188713074,0.5269988179206848,0.6081888675689697,0.6135047078132629,0.694741427898407,0.7119636535644531,0.6930102705955505,0.7310375571250916,0.7054346799850464,0.7303680777549744,-0.1075403466820716,-0.0983253493905067,-0.0983432307839393,-0.09831403195858,-0.1250422894954681,-0.1250671446323394,-0.125169888138771,-0.0475886687636375,-0.1674906462430954,-0.0845029801130294,-0.1191250681877136,0.0379829593002796,-0.2143686711788177,0.0665867775678634,-0.2446840703487396,0.0377695299685001,-0.2431408613920211,0.0403420440852642,-0.2693163752555847,0.0239970535039901,-0.2655045986175537,0.0295642428100109,-0.2408217489719391,0.0761062279343605,-0.0761955827474594,0.1607927232980728,-0.0087612057104706,0.2761155366897583,0.104963980615139,0.2853845655918121,0.1132924556732177,0.2544123530387878,0.0617380961775779,Walk-From-Chair
224,0.9846929907798768,0.9645990133285522,0.962180197238922,0.9700000286102296,0.9772109389305116,0.9787442684173584,0.9813612699508668,0.9293254017829896,0.9731764197349548,0.9739380478858948,0.984840214252472,0.9937748908996582,0.9998250603675842,0.0226435884833335,0.9740927815437316,0.0543121583759784,0.93190598487854,0.0724347159266471,0.8991692662239075,0.0731712728738784,0.8910644054412842,0.0717683658003807,0.8411043882369995,0.995449721813202,0.9974191784858704,0.544776201248169,0.9411631226539612,0.7683552503585815,0.9584309458732604,0.83465176820755,0.93157696723938,0.8454863429069519,0.9417814612388612,0.5473047494888306,0.542576789855957,0.5420349836349487,0.5414339900016785,0.541505753993988,0.5401650071144104,0.5386348366737366,0.5324937701225281,0.5287252068519592,0.5467349290847778,0.5451451539993286,0.5252915620803833,0.5211818218231201,0.5296165347099304,0.5226672887802124,0.5360392928123474,0.5387952327728271,0.5358362197875977,0.5377215147018433,0.538504421710968,0.5434757471084595,0.5392157435417175,0.5430620312690735,0.5349825024604797,0.5373213887214661,0.5377897024154663,0.5431667566299438,0.5176706314086914,0.5281152725219727,0.5076168775558472,0.5186243057250977,0.53691565990448,0.5597832798957825,0.3351247012615204,0.3266947567462921,0.3265142738819122,0.3263403475284576,0.327303409576416,0.3275958895683288,0.3279493451118469,0.3312338888645172,0.3336522281169891,0.3447934985160827,0.3458008766174316,0.3830941021442413,0.3796676993370056,0.4634505808353424,0.4673407971858978,0.5297589898109436,0.5403544306755066,0.5534666776657104,0.559822142124176,0.5490153431892395,0.5579246282577515,0.5427479147911072,0.5506588220596313,0.5264502763748169,0.5270968675613403,0.6082484722137451,0.6157423257827759,0.6939555406570435,0.712230384349823,0.7109301686286926,0.7313986420631409,0.7077615261077881,0.7311195731163025,-0.1057343035936355,-0.0961535573005676,-0.0961703807115554,-0.0961388051509857,-0.1230639666318893,-0.1230889558792114,-0.1231944933533668,-0.0435649268329143,-0.1647755056619644,-0.0822370946407318,-0.1170244812965393,0.0412390455603599,-0.2131605148315429,0.0693984776735305,-0.2482726275920868,0.030109953135252,-0.2458090484142303,0.0289272665977478,-0.2734097838401794,0.0111488532274961,-0.2701892256736755,0.020605482161045,-0.2438866794109344,0.0776125565171241,-0.0777095556259155,0.1655832380056381,-0.0019624440465122,0.2897757887840271,0.1143107563257217,0.2991592586040497,0.12238559871912,0.2630243599414825,0.0607968494296073,Walk-From-Chair
225,0.977636992931366,0.9499540328979492,0.9477249383926392,0.9576407670974731,0.9666372537612916,0.9700865745544434,0.9734677672386168,0.9003817439079285,0.9609133005142212,0.9582960605621338,0.976232886314392,0.991881251335144,0.9997720718383788,0.0213850773870944,0.9704073071479796,0.0513181574642658,0.9282791018486024,0.068788468837738,0.8954809904098511,0.0694913864135742,0.8867995142936707,0.0682926848530769,0.8341816663742065,0.9945059418678284,0.996699869632721,0.52012699842453,0.9362655878067015,0.7400434017181396,0.9554717540740968,0.8101847171783447,0.926353633403778,0.8295781016349792,0.9394835829734802,0.5495930314064026,0.5449254512786865,0.5443968176841736,0.5438196659088135,0.5438430905342102,0.5424824953079224,0.5408737659454346,0.5350998640060425,0.5313374400138855,0.548856794834137,0.5472277998924255,0.5253902673721313,0.5256087183952332,0.531936764717102,0.5282079577445984,0.5447064638137817,0.5427535772323608,0.5475773811340332,0.5442056655883789,0.5509865880012512,0.5491458773612976,0.5495983958244324,0.5483019351959229,0.535995364189148,0.5386666655540466,0.5421813130378723,0.548001766204834,0.5271300673484802,0.529762864112854,0.5179365277290344,0.5196864008903503,0.551969051361084,0.5612186193466187,0.3351657092571258,0.3267352879047394,0.3265472650527954,0.3263639509677887,0.3273264169692993,0.3275735676288605,0.3278619050979614,0.3307581543922424,0.3329087495803833,0.3447640240192413,0.345708429813385,0.3825364112854004,0.3775897920131683,0.4626032412052154,0.464344322681427,0.5290038585662842,0.5400094985961914,0.5498132705688477,0.5591337084770203,0.5480695366859436,0.5571472644805908,0.5420385003089905,0.5498982071876526,0.5260262489318848,0.5254940390586853,0.6079140901565552,0.6138120889663696,0.6949099898338318,0.7112910747528076,0.713016152381897,0.7298110723495483,0.7089005708694458,0.7306922078132629,-0.1017027050256729,-0.0930974707007408,-0.0931235998868942,-0.0931029990315437,-0.1205272898077964,-0.1205625087022781,-0.1206867545843124,-0.0422194376587867,-0.1612989455461502,-0.079069972038269,-0.1145281344652175,0.0423534251749515,-0.2087603062391281,0.0701457113027572,-0.2437683790922165,0.0407584905624389,-0.242759421467781,0.0443369857966899,-0.269550621509552,0.0243251286447048,-0.2676143050193786,0.0304693188518285,-0.2407164871692657,0.0771449357271194,-0.0772171691060066,0.1374606490135193,-0.0202671103179454,0.235584944486618,0.0664881542325019,0.2418952286243438,0.0712198615074157,0.2045936286449432,0.01206068508327,Walk-From-Chair
226,0.9719028472900392,0.939501404762268,0.936601996421814,0.9490960240364076,0.9587771892547609,0.9625803232192992,0.9675524234771729,0.878426194190979,0.9510560631752014,0.947120189666748,0.96963232755661,0.9904976487159728,0.9997301697731018,0.0205827765166759,0.9685019850730896,0.0492679551243782,0.9274238348007202,0.0661972686648368,0.8946425914764404,0.066810131072998,0.885865330696106,0.0655943304300308,0.8316317200660706,0.9940155148506165,0.9961487650871276,0.4988078773021698,0.9307182431221008,0.7203489542007446,0.9507409930229188,0.7908598184585571,0.9180408120155334,0.8173668384552002,0.9356135129928588,0.5519271492958069,0.5471988320350647,0.5467022657394409,0.5461279153823853,0.5461037158966064,0.5447414517402649,0.5431812405586243,0.538226842880249,0.5339535474777222,0.5512895584106445,0.5496432781219482,0.5256212949752808,0.5312304496765137,0.5283855199813843,0.5352922677993774,0.5402651429176331,0.5508436560630798,0.5435518622398376,0.5515051484107971,0.5442654490470886,0.5532592535018921,0.5430874824523926,0.552944004535675,0.5355531573295593,0.5424798727035522,0.542171835899353,0.5534979104995728,0.53409743309021,0.5410063862800598,0.5249043107032776,0.5311652421951294,0.5585619211196899,0.56666100025177,0.3344384729862213,0.3256692588329315,0.3254052996635437,0.3251417875289917,0.3261962831020355,0.3263364732265472,0.3265170454978943,0.3289911150932312,0.3313629329204559,0.3433235287666321,0.3443644642829895,0.3807039260864258,0.3773139715194702,0.461262971162796,0.4643210172653198,0.5289908051490784,0.539857029914856,0.5496357083320618,0.5584110021591187,0.5479137301445007,0.5568493008613586,0.5419458746910095,0.5499181747436523,0.5260475277900696,0.5252919793128967,0.6080465316772461,0.6130502223968506,0.6970701813697815,0.7082299590110779,0.7166016101837158,0.7246097922325134,0.7131046056747437,0.7289676070213318,-0.0974710807204246,-0.0889781340956687,-0.0890048295259475,-0.088981807231903,-0.1160066351294517,-0.1160399466753006,-0.1161650195717811,-0.0414504446089267,-0.1600683480501175,-0.0759922415018081,-0.1110345721244812,0.043623398989439,-0.2067936360836029,0.0700485184788703,-0.2428313493728637,0.0372932516038417,-0.2342910766601562,0.0407449416816234,-0.2607069313526153,0.0210805982351303,-0.2552232146263122,0.0272251721471548,-0.2312795221805572,0.0771139413118362,-0.0771780461072921,0.1410975009202957,-0.0199308805167675,0.2450232803821563,0.0757037252187728,0.2518958449363708,0.0818401724100112,0.2141033858060836,0.0251124687492847,Walk-From-Chair
227,0.9670559763908386,0.9311981201171876,0.9275846481323242,0.9420055747032166,0.9518430829048156,0.955645740032196,0.9618963003158568,0.8599172830581665,0.9422706961631776,0.9384608268737792,0.9641748666763306,0.989770531654358,0.9996963739395142,0.0199151001870632,0.96518212556839,0.0473952740430831,0.923224151134491,0.0637873187661171,0.8901826739311218,0.0642899870872497,0.8809682130813599,0.0630691424012184,0.8242312669754028,0.994007647037506,0.9959932565689088,0.4781087338924408,0.925074815750122,0.7070758938789368,0.9473825693130492,0.7794255614280701,0.9118887782096864,0.810684323310852,0.933343470096588,0.5547991394996643,0.5500268936157227,0.5495909452438354,0.5490779876708984,0.5487445592880249,0.5472842454910278,0.5456353425979614,0.5414766669273376,0.5365982055664062,0.5543049573898315,0.5524390339851379,0.5273932218551636,0.5345832109451294,0.5269902944564819,0.5420274138450623,0.5375463962554932,0.5539223551750183,0.540951132774353,0.554538369178772,0.5411598682403564,0.5577980279922485,0.5401211380958557,0.5571538209915161,0.5365526676177979,0.5466946363449097,0.5425688028335571,0.5567845702171326,0.5368029475212097,0.546761155128479,0.5281901955604553,0.5389738082885742,0.5638078451156616,0.5746331214904785,0.3342801630496979,0.3252872824668884,0.3249651491641998,0.3246412575244903,0.3257979452610016,0.3258789181709289,0.3260083794593811,0.3283062577247619,0.3308343291282654,0.342922180891037,0.3439885675907135,0.3794417679309845,0.3764174878597259,0.4604023396968841,0.4630313515663147,0.5290383696556091,0.5395375490188599,0.5495473742485046,0.557643711566925,0.5482726693153381,0.5559605360031128,0.5419875383377075,0.5491399168968201,0.5262160301208496,0.525445818901062,0.608180820941925,0.6131395697593689,0.6988515257835388,0.7051679491996765,0.7169587016105652,0.719508171081543,0.7170229554176331,0.7260129451751709,-0.0967161580920219,-0.0883394628763198,-0.0883664935827255,-0.0883424878120422,-0.1147218942642211,-0.1147490367293357,-0.1148693338036537,-0.0403488129377365,-0.1593119949102401,-0.0754470527172088,-0.1096913814544677,0.0441735535860061,-0.2057412415742874,0.0676041394472122,-0.2413976192474365,0.0352459214627742,-0.2294308841228485,0.038081020116806,-0.2557319402694702,0.0193952787667512,-0.2503608167171478,0.0256409104913473,-0.2267101258039474,0.077067919075489,-0.0771344155073165,0.1472206860780716,-0.0102993957698345,0.2546795010566711,0.097409576177597,0.2622224390506744,0.1050255075097084,0.2264670878648758,0.0517598390579223,Walk-From-Chair
228,0.9688431024551392,0.9343008995056152,0.9304133653640748,0.9444244503974916,0.9538057446479796,0.9572435021400452,0.9635180830955504,0.8644343614578247,0.9451249837875366,0.9422349333763124,0.9665663838386536,0.9903452396392822,0.9997116923332214,0.0194133762270212,0.9644277691841124,0.0458352826535701,0.9219793081283568,0.0619042329490184,0.888648271560669,0.0624233335256576,0.8791636228561401,0.0614067278802394,0.8220206499099731,0.994379460811615,0.996211051940918,0.4520544111728668,0.9198499917984008,0.6901761889457703,0.9446656107902528,0.7670345902442932,0.9056594371795654,0.804097056388855,0.9312812089920044,0.558668851852417,0.5538315176963806,0.5534638166427612,0.553010880947113,0.5521257519721985,0.5504097938537598,0.5484971404075623,0.5453246235847473,0.5392762422561646,0.5583926439285278,0.5560503602027893,0.535273015499115,0.5332518219947815,0.5366821885108948,0.5356773138046265,0.551971435546875,0.5537572503089905,0.5561609864234924,0.5528591871261597,0.5564001798629761,0.5583606958389282,0.5554323792457581,0.5579572916030884,0.5459567904472351,0.5479259490966797,0.5501710176467896,0.5587080121040344,0.5439803004264832,0.5467351675033569,0.5374392867088318,0.5388484001159668,0.5745269060134888,0.575148344039917,0.3338304758071899,0.3247569799423218,0.3244358003139496,0.3241071403026581,0.325310617685318,0.3254338800907135,0.3256139755249023,0.3279780447483063,0.3306872546672821,0.3425939679145813,0.3436735868453979,0.3794961273670196,0.3767142593860626,0.4602181315422058,0.4638473093509674,0.5288028120994568,0.5394280552864075,0.5484038591384888,0.5576652884483337,0.5467883348464966,0.5559738278388977,0.5393564701080322,0.5491592288017273,0.526718258857727,0.5268464684486389,0.6101728081703186,0.613417387008667,0.6996231079101562,0.7048494219779968,0.71590656042099,0.7191685438156128,0.7167046070098877,0.7248278260231018,-0.1115510910749435,-0.1029062718152999,-0.1029350161552429,-0.1029292792081832,-0.1281578838825225,-0.1281836926937103,-0.1282728165388107,-0.0508229732513427,-0.1651058346033096,-0.0883222222328186,-0.1212291121482849,0.0293819718062877,-0.206814169883728,0.06018041446805,-0.2395322769880294,0.0287664718925952,-0.2240121662616729,0.0257877111434936,-0.2499506473541259,0.0088868457823991,-0.2484858036041259,0.0194081962108612,-0.2230392396450042,0.0739485025405883,-0.0740289092063903,0.1609174758195877,0.0216083973646163,0.2867682576179504,0.1584191769361496,0.2965707182884216,0.1696927696466446,0.2607855498790741,0.1188546791672706,Walk-From-Chair
229,0.9679118990898132,0.9307594299316406,0.9259713292121888,0.9411904215812684,0.9503758549690248,0.9529654383659364,0.9606226682662964,0.8556826114654541,0.9415249228477478,0.94096040725708,0.9660990238189696,0.9905495643615724,0.9997135400772096,0.0184211526066064,0.9607937335968018,0.0436593070626258,0.9174352288246156,0.0594106838107109,0.8836447596549988,0.0598815120756626,0.8737108707427979,0.0589472986757755,0.8154088854789734,0.9946327209472656,0.9963322281837464,0.4246742129325866,0.9040496349334716,0.6688700914382935,0.9330493211746216,0.7516749501228333,0.8903762698173523,0.7910621166229248,0.9206000566482544,0.5621490478515625,0.5573986172676086,0.5569378733634949,0.5563623905181885,0.5559030175209045,0.5543237328529358,0.5525134801864624,0.5471237897872925,0.5424267053604126,0.5615350008010864,0.5592568516731262,0.536300778388977,0.5366402864456177,0.5349127054214478,0.5386855602264404,0.5489295125007629,0.5588840246200562,0.5523130893707275,0.5579475164413452,0.55533367395401,0.5632716417312622,0.5549715757369995,0.5629957318305969,0.5486677289009094,0.5518156290054321,0.5521434545516968,0.5595898032188416,0.5448976159095764,0.5554484128952026,0.538310170173645,0.5403870940208435,0.5815735459327698,0.5826913118362427,0.3340570330619812,0.3248005509376526,0.3244897723197937,0.3241724073886871,0.3253624141216278,0.3255004584789276,0.3256976306438446,0.3281037509441376,0.3308030366897583,0.3430272340774536,0.3440618813037872,0.3796223402023315,0.3771772086620331,0.4603882431983948,0.4646136462688446,0.5287915468215942,0.5396953821182251,0.5508307814598083,0.5582150816917419,0.5473769903182983,0.5568552017211914,0.5395419597625732,0.5498476624488831,0.5301446318626404,0.5293442010879517,0.6122823357582092,0.6151998043060303,0.7012762427330017,0.7049048542976379,0.7173258662223816,0.7198521494865417,0.7163497805595398,0.7247305512428284,-0.1071840524673461,-0.1001073494553566,-0.1001504883170127,-0.1001647114753723,-0.1231467127799987,-0.123156189918518,-0.1232442855834961,-0.0475074499845504,-0.1601141989231109,-0.0865268632769584,-0.1166635155677795,0.0304566621780395,-0.1987381875514984,0.0543220229446888,-0.2231890708208084,0.0228721927851438,-0.2027834951877594,0.0187470614910125,-0.2263600379228592,0.0038912412710487,-0.2245771139860153,0.0143303172662854,-0.20149727165699,0.0697943940758705,-0.0698833614587783,0.1577654629945755,0.0307967476546764,0.282103031873703,0.1741546839475631,0.2924689650535583,0.1865034401416778,0.2573826313018799,0.1419901996850967,Walk-From-Chair
230,0.96786367893219,0.9298590421676636,0.9245217442512512,0.9402289390563964,0.9492967128753662,0.9514273405075072,0.959869384765625,0.8520742654800415,0.941383183002472,0.9407709240913392,0.9663570523262024,0.990702748298645,0.999720811843872,0.017563596367836,0.958788812160492,0.0417912974953651,0.9127377271652222,0.0572483167052269,0.8780876398086548,0.0576773770153522,0.8675931692123413,0.0568181276321411,0.807850182056427,0.9949005246162416,0.9964686632156372,0.4004825949668884,0.8956974148750305,0.6529650688171387,0.925696611404419,0.7409853339195251,0.8802407383918762,0.7821912169456482,0.914192259311676,0.564654529094696,0.5599899291992188,0.5595565438270569,0.5590327978134155,0.5585290193557739,0.55704665184021,0.5552981495857239,0.5498836636543274,0.5451139211654663,0.5640943050384521,0.5619504451751709,0.537925124168396,0.5390780568122864,0.5359113812446594,0.5405114889144897,0.5481182932853699,0.5599735975265503,0.5510558485984802,0.5603803396224976,0.5527292490005493,0.5660821199417114,0.5525752305984497,0.5660271048545837,0.5505891442298889,0.5552382469177246,0.5551114678382874,0.5618424415588379,0.5461537837982178,0.5636777877807617,0.5394634008407593,0.559440553188324,0.577996015548706,0.5928904414176941,0.3339737355709076,0.3247047364711761,0.3244186043739319,0.3241282105445862,0.3252743780612945,0.3254422545433044,0.3256712257862091,0.3281993567943573,0.3308956027030945,0.3430888950824737,0.344131588935852,0.3797565698623657,0.3773275017738342,0.4604106545448303,0.4648737907409668,0.5287859439849854,0.5397568941116333,0.549856424331665,0.558525800704956,0.5470978617668152,0.5572170615196228,0.5383759140968323,0.5504000186920166,0.5308360457420349,0.5301626324653625,0.6128912568092346,0.6150549650192261,0.7022360563278198,0.7049554586410522,0.7179919481277466,0.7188501954078674,0.7162404656410217,0.7229058742523193,-0.0975663140416145,-0.0896045714616775,-0.0896371752023696,-0.0896321982145309,-0.1138504892587661,-0.1138627082109451,-0.1139435321092605,-0.0405570305883884,-0.1534858793020248,-0.0766196772456169,-0.1082751750946044,0.03098707459867,-0.1958512216806411,0.0577138476073741,-0.2231387645006179,0.0279173944145441,-0.2062165737152099,0.0243184473365545,-0.2306143790483474,0.010533626191318,-0.2270067483186721,0.0198361743241548,-0.2041806876659393,0.0701384991407394,-0.0702198222279548,0.1535007059574127,0.0244902782142162,0.2638784348964691,0.1590312421321869,0.2722427546977997,0.1701932251453399,0.239516019821167,0.1264053732156753,Walk-From-Chair
231,0.9679405689239502,0.9296923279762268,0.9240328669548036,0.9400449395179749,0.9486560821533204,0.9504618048667908,0.9594711661338806,0.8488321304321289,0.9410032629966736,0.9404395818710328,0.9662956595420836,0.9909658432006836,0.99973064661026,0.0171773433685302,0.9559817314147948,0.0413600504398345,0.9079250693321228,0.0566917210817337,0.8723710775375366,0.0571348406374454,0.8613795638084412,0.0561630018055439,0.8000027537345886,0.9952290058135986,0.9966617226600648,0.3837679326534271,0.8945691585540771,0.6472288370132446,0.924454629421234,0.7349440455436707,0.8756186366081238,0.7814146876335144,0.9145297408103944,0.56711745262146,0.562443733215332,0.5619884729385376,0.561448872089386,0.5612013936042786,0.5598577260971069,0.5582970380783081,0.552301287651062,0.548723578453064,0.56672602891922,0.5649315118789673,0.5380665063858032,0.5446861982345581,0.5372318625450134,0.5437804460525513,0.5472896099090576,0.5624178647994995,0.5499687790870667,0.5629449486732483,0.5523185729980469,0.5681421756744385,0.5523518919944763,0.5679355263710022,0.5520795583724976,0.5571038722991943,0.5600417852401733,0.5623506307601929,0.56437087059021,0.5668922662734985,0.5584850311279297,0.5616704225540161,0.5938803553581238,0.5959172248840332,0.3339442908763885,0.3246970474720001,0.3244218826293945,0.3241433501243591,0.325269341468811,0.3254505395889282,0.325691670179367,0.3282645940780639,0.3309693336486816,0.3431216180324554,0.344175785779953,0.3799117803573608,0.3775216937065124,0.4602910280227661,0.4639529287815094,0.5288005471229553,0.5393607020378113,0.5496980547904968,0.5582303404808044,0.5463452935218811,0.556991696357727,0.5374727845191956,0.5500022768974304,0.5312791466712952,0.530225396156311,0.6131511926651001,0.6145298480987549,0.7031673192977905,0.705136239528656,0.7212032079696655,0.7189957499504089,0.7145520448684692,0.7216531038284302,-0.0905037745833396,-0.0825285762548446,-0.0825539380311966,-0.0825299024581909,-0.1071048378944397,-0.1071261912584304,-0.1072188839316368,-0.0359038561582565,-0.1479739546775818,-0.0697338208556175,-0.1018314734101295,0.0370775237679481,-0.1936667263507843,0.060046799480915,-0.22098970413208,0.0289082489907741,-0.2022537738084793,0.0258587896823883,-0.2266058474779129,0.0111033441498875,-0.222570464015007,0.0204651039093732,-0.199934184551239,0.0704957619309425,-0.0705780684947967,0.1511190831661224,0.0177510157227516,0.2574078440666199,0.1421567797660827,0.2649932503700256,0.151766836643219,0.2305876761674881,0.1043378710746765,Walk-From-Chair
232,0.9674638509750366,0.929170310497284,0.9234338402748108,0.9396953582763672,0.9475698471069336,0.9492273926734924,0.9586701989173888,0.8452770709991455,0.9400131702423096,0.9394832849502563,0.9656808972358704,0.9909776449203492,0.9997326135635376,0.0165600702166557,0.9527814984321594,0.040021676570177,0.901769995689392,0.0549647882580757,0.8657723069190979,0.0554296448826789,0.854139506816864,0.0545202828943729,0.7903187870979309,0.9954724311828612,0.9968008399009703,0.3724142014980316,0.8976767659187317,0.6518392562866211,0.9273415207862854,0.7365464568138123,0.8772676587104797,0.7873177528381348,0.9183284044265748,0.5705081224441528,0.5659867525100708,0.5653840899467468,0.564675509929657,0.5651549100875854,0.5640159845352173,0.562721312046051,0.5550373196601868,0.5530003905296326,0.5699209570884705,0.568589448928833,0.5391440987586975,0.5490686893463135,0.5391201972961426,0.5498896837234497,0.546382486820221,0.5655118227005005,0.5488633513450623,0.56727135181427,0.5516920685768127,0.5700610280036926,0.5532705783843994,0.5694679021835327,0.5525422096252441,0.558338463306427,0.5589329600334167,0.5635783672332764,0.5490128993988037,0.5718779563903809,0.5430322289466858,0.5799242258071899,0.582072377204895,0.6033390164375305,0.3339549303054809,0.3247229754924774,0.3244488537311554,0.3241676688194275,0.3252907693386078,0.325471967458725,0.3257119953632355,0.3283082842826843,0.3310310542583465,0.3431370854377746,0.3442135155200958,0.3799516558647156,0.377993494272232,0.4610424935817718,0.4633850753307342,0.528797447681427,0.5388442873954773,0.5494054555892944,0.5571629405021667,0.5463435649871826,0.556252121925354,0.5362747311592102,0.5496962070465088,0.5312892198562622,0.5301700234413147,0.6132595539093018,0.6142617464065552,0.7049124240875244,0.7052533030509949,0.723461389541626,0.7193362712860107,0.7191187143325806,0.7212502360343933,-0.089520052075386,-0.0813258439302444,-0.0813510194420814,-0.081322081387043,-0.1062903627753257,-0.1063114404678344,-0.106404922902584,-0.0350650623440742,-0.1479127258062362,-0.0687282159924507,-0.1012676805257797,0.0409107916057109,-0.1943744122982025,0.0616485401988029,-0.2219988405704498,0.0294860713183879,-0.2073128670454025,0.0264846719801425,-0.2317116558551788,0.0113344080746173,-0.2287076413631439,0.0208674743771553,-0.2053502351045608,0.0712408199906349,-0.0713329315185546,0.1502533257007599,0.0113601926714181,0.2524674832820892,0.1225520968437194,0.2593802809715271,0.1299546062946319,0.2248095721006393,0.0820893198251724,Walk-From-Chair
233,0.9688317179679872,0.9323442578315736,0.9266377091407776,0.9424707293510436,0.9495392441749572,0.9509227871894836,0.9603855013847352,0.8501971364021301,0.94238543510437,0.9422417879104614,0.9673237204551696,0.9912832379341124,0.9997394680976868,0.0161514803767204,0.949370503425598,0.0392157547175884,0.8964579105377197,0.0540279783308506,0.8601394295692444,0.0544674582779407,0.8479345440864563,0.0535592064261436,0.7830808758735657,0.99577534198761,0.9969930052757264,0.3666546046733856,0.9004201292991638,0.663052499294281,0.9309322834014891,0.7446348667144775,0.8817743062973022,0.7945446372032166,0.9222712516784668,0.5734550356864929,0.5687803626060486,0.5681940317153931,0.5674941539764404,0.5678421258926392,0.5666071176528931,0.5651580691337585,0.557955265045166,0.5553018450737,0.5729652643203735,0.5715357661247253,0.5421868562698364,0.5526623129844666,0.5414960384368896,0.5534137487411499,0.5494489073753357,0.5683866739273071,0.5520800352096558,0.5704555511474609,0.554432213306427,0.5741786956787109,0.5543203353881836,0.5732043385505676,0.5545541048049927,0.5610637664794922,0.5560826659202576,0.57207190990448,0.5488324165344238,0.5979955792427063,0.5400969982147217,0.5906578302383423,0.5748482942581177,0.6279927492141724,0.3341209590435028,0.3248542547225952,0.3245905935764313,0.3243397176265716,0.3254295289516449,0.3256183266639709,0.3258768022060394,0.3287236094474792,0.3314534425735473,0.3435596823692322,0.3446272015571594,0.380629152059555,0.3806356191635132,0.4613075256347656,0.4641380310058594,0.5297448039054871,0.5387842655181885,0.5494329929351807,0.5568287372589111,0.5473083257675171,0.5553184747695923,0.5394223928451538,0.5491248965263367,0.5320428609848022,0.5305947661399841,0.6142456531524658,0.6137357354164124,0.7070496082305908,0.6986281275749207,0.7251774072647095,0.7185818552970886,0.7228845357894897,0.7092309594154358,-0.0826237797737121,-0.074206992983818,-0.0742328613996505,-0.0742049738764762,-0.0986417457461357,-0.0986580774188041,-0.0987426936626434,-0.02863484993577,-0.1390517950057983,-0.0621584840118885,-0.0940241515636444,0.0455769374966621,-0.1863325983285904,0.0634740740060806,-0.2148229628801345,0.0328374691307544,-0.197031557559967,0.0297195315361022,-0.2220185101032257,0.0147587079554796,-0.2181846648454666,0.024137906730175,-0.1950388252735138,0.0713566392660141,-0.0714521557092666,0.1504060626029968,0.0156820323318243,0.2556472420692444,0.1318039000034332,0.2630192935466766,0.140487939119339,0.2286452353000641,0.0957360789179802,Walk-From-Chair
234,0.970297634601593,0.9354612231254578,0.9297323226928712,0.9452312588691713,0.9516783952713012,0.9528975486755372,0.9623255729675292,0.8552690148353577,0.9448272585868835,0.9453297853469848,0.969147264957428,0.9914214611053468,0.9997469186782836,0.0157335065305233,0.9473628401756288,0.0385495945811271,0.8921608924865723,0.0531413406133651,0.855358898639679,0.0535916984081268,0.8426785469055176,0.05269381031394,0.7770994901657104,0.996029019355774,0.9971615076065063,0.3689897358417511,0.9057517647743224,0.6766270995140076,0.935244619846344,0.7543888688087463,0.888070285320282,0.8018790483474731,0.9266630411148072,0.5751619935035706,0.5707532167434692,0.5702739953994751,0.5697091221809387,0.5697643160820007,0.568556010723114,0.5671194791793823,0.5609239935874939,0.5578670501708984,0.5748856663703918,0.5733760595321655,0.5454898476600647,0.5559271574020386,0.5466544032096863,0.5562032461166382,0.5559135675430298,0.5707976818084717,0.5586452484130859,0.5709846615791321,0.5609245896339417,0.575679361820221,0.5600210428237915,0.5747681856155396,0.5573546886444092,0.563797116279602,0.556602418422699,0.5790203809738159,0.5445860624313354,0.6017892360687256,0.533473014831543,0.5926223397254944,0.5726654529571533,0.634212851524353,0.3343647420406341,0.3250113427639007,0.3247558176517486,0.3245311379432678,0.3256367743015289,0.3258663713932037,0.3261860907077789,0.3292436003684997,0.33212411403656,0.3439570069313049,0.3450451195240021,0.381081074476242,0.381517618894577,0.4612303078174591,0.4638739228248596,0.5299128890037537,0.5386757254600525,0.5493868589401245,0.5568106770515442,0.5476555228233337,0.5552794933319092,0.5404691100120544,0.5490698218345642,0.5322754383087158,0.5308566689491272,0.6147032976150513,0.6130802631378174,0.7082908153533936,0.6983727216720581,0.725777804851532,0.7188118100166321,0.7254980802536011,0.7079658508300781,-0.0780588537454605,-0.069392904639244,-0.0694165304303169,-0.0693869590759277,-0.0937036201357841,-0.0937177017331123,-0.0938025712966919,-0.0231024529784917,-0.1329892128705978,-0.0574735701084136,-0.0891868621110916,0.0534471645951271,-0.1826002895832061,0.0735721588134765,-0.2166130095720291,0.0455295071005821,-0.1980369240045547,0.0439419634640216,-0.2286176234483719,0.0277623645961284,-0.2231306582689285,0.0364546813070774,-0.1966516822576522,0.0716739520430564,-0.0717576593160629,0.1499228328466415,0.0118739288300275,0.2464062869548797,0.1142553836107254,0.2530691027641296,0.1214611381292343,0.2187261879444122,0.0757805854082107,Walk-From-Chair
235,0.9727076888084412,0.940611720085144,0.9352254271507264,0.9496006965637208,0.9555072784423828,0.956574320793152,0.965358555316925,0.8661797642707825,0.9492771029472352,0.9498627185821532,0.971722424030304,0.9918055534362792,0.9997575283050536,0.0156633090227842,0.9475857019424438,0.0389299094676971,0.8896057605743408,0.053521953523159,0.8517625331878662,0.0539824441075325,0.8388352394104004,0.0529921874403953,0.7732476592063904,0.9962634444236756,0.997310996055603,0.383756935596466,0.911351203918457,0.6916794776916504,0.9390326142311096,0.7674314975738525,0.8939176201820374,0.8070860505104065,0.929330825805664,0.5789245367050171,0.5741693377494812,0.5738054513931274,0.5733844637870789,0.572637677192688,0.5710813403129578,0.5692571401596069,0.5653936862945557,0.5599371194839478,0.5789975523948669,0.577002227306366,0.555785596370697,0.5578203797340393,0.5554968118667603,0.5535888075828552,0.5653117299079895,0.570238471031189,0.5675269961357117,0.5709651112556458,0.5713403820991516,0.5769737362861633,0.5678035020828247,0.5760092735290527,0.5630929470062256,0.5676292181015015,0.5575503706932068,0.5807775855064392,0.5433216691017151,0.600516676902771,0.5318213701248169,0.591405987739563,0.5711387991905212,0.6338320374488831,0.3336876034736633,0.3247890472412109,0.3245928883552551,0.3244265019893646,0.3253656327724457,0.3256526291370392,0.3260508477687835,0.3292698860168457,0.3322380781173706,0.3434966206550598,0.3446784913539886,0.3816037476062774,0.3809202313423157,0.4601773023605346,0.459559291601181,0.5304905772209167,0.538335382938385,0.5501214861869812,0.5563646554946899,0.5475761890411377,0.5550424456596375,0.5403582453727722,0.5481631755828857,0.5312830805778503,0.5295290350914001,0.6149336695671082,0.6130740642547607,0.7082422971725464,0.6987993717193604,0.7255205512046814,0.7186049818992615,0.7266514301300049,0.7100066542625427,-0.0768866389989852,-0.0675075203180313,-0.0675206184387207,-0.0674871429800987,-0.0917007848620414,-0.0917111560702323,-0.091787539422512,-0.0177065096795558,-0.1273142397403717,-0.0551527366042137,-0.0867957174777984,0.0584044866263866,-0.1771678179502487,0.0790889114141464,-0.2151489555835724,0.0468801483511924,-0.1998995393514633,0.0453857220709323,-0.2290880382061004,0.0283855013549327,-0.2249258309602737,0.037658292800188,-0.198749303817749,0.0718219429254531,-0.0719023495912551,0.1440195143222808,-0.0003976465668529,0.2351978570222854,0.0965377017855644,0.2415550202131271,0.1038434877991676,0.2048181742429733,0.0545910783112049,Walk-From-Chair
236,0.9726715087890624,0.940136730670929,0.9343388676643372,0.9494705200195312,0.954637885093689,0.9550654888153076,0.9645589590072632,0.8640779256820679,0.9471975564956664,0.9502954483032228,0.971673846244812,0.9918646812438964,0.9997501373291016,0.0161522924900054,0.942257523536682,0.0403087809681892,0.8813040256500244,0.0549608692526817,0.8425151705741882,0.0553250461816787,0.8289303183555603,0.0538655519485473,0.7619810700416565,0.996429681777954,0.9973782896995544,0.3750048577785492,0.9091027975082396,0.6934396028518677,0.9371467232704164,0.7685484290122986,0.8906892538070679,0.8071481585502625,0.9275415539741516,0.5811265707015991,0.5759808421134949,0.5754414200782776,0.5748881697654724,0.5749714374542236,0.5736504197120667,0.5722408294677734,0.5668277740478516,0.5641186833381653,0.5807139873504639,0.5790808796882629,0.5532116889953613,0.5645526647567749,0.5538272261619568,0.5637869238853455,0.5611633658409119,0.5769485235214233,0.5635513663291931,0.5782034993171692,0.5663198232650757,0.581301212310791,0.5673838257789612,0.5805925130844116,0.5637825727462769,0.5716245174407959,0.5587345361709595,0.5795016288757324,0.5418752431869507,0.5945197939872742,0.5295743346214294,0.5881242156028748,0.5708183646202087,0.622944712638855,0.3334267437458038,0.3247347474098205,0.3245544731616974,0.3244111239910126,0.3253109753131866,0.3256066441535949,0.3260164856910705,0.3292826414108276,0.3322353065013885,0.3433797955513,0.3444984257221222,0.3822837471961975,0.3809256553649902,0.4604036509990692,0.4599447548389435,0.5304827690124512,0.5382201671600342,0.5497267842292786,0.556377649307251,0.547618567943573,0.5550581216812134,0.540333092212677,0.548183262348175,0.5313684344291687,0.5295630693435669,0.6150078177452087,0.6135329008102417,0.7077115774154663,0.6991115212440491,0.7250221371650696,0.7179991006851196,0.726426899433136,0.7112249135971069,-0.0548567771911621,-0.0473207421600818,-0.0473425462841987,-0.0473119840025901,-0.0706392601132392,-0.0706461295485496,-0.0707447081804275,-0.0087541360408067,-0.1144165396690368,-0.0375928506255149,-0.0679664313793182,0.0590640902519226,-0.168041244149208,0.078925646841526,-0.1996780335903167,0.0448729693889617,-0.1847058832645416,0.0431907996535301,-0.2084299623966217,0.0264622010290622,-0.2040949314832687,0.0355461202561855,-0.1828846484422683,0.0709134936332702,-0.0710196569561958,0.1412904858589172,0.0027400304097682,0.231781929731369,0.097547635436058,0.2380453050136566,0.1059834212064743,0.2021943628787994,0.0663772076368331,Walk-From-Chair
237,0.9734858870506288,0.9414820671081544,0.9352850317955016,0.9506531357765198,0.9557159543037416,0.9557863473892212,0.965495228767395,0.8652104735374451,0.9481250643730164,0.9520598649978638,0.9726511240005492,0.9919595718383788,0.9997464418411256,0.0156900621950626,0.9407479166984558,0.0399678349494934,0.8778240084648132,0.0546841137111187,0.8383787274360657,0.0550353601574897,0.8245248198509216,0.0534433051943779,0.7570974230766296,0.9964990615844728,0.9973772168159484,0.3666728734970093,0.906025767326355,0.6943292617797852,0.9361039400100708,0.7710068821907043,0.8892488479614258,0.8076245784759521,0.9263455867767334,0.5850480198860168,0.5802990198135376,0.5799243450164795,0.5795173048973083,0.5787174105644226,0.5770871639251709,0.5752747058868408,0.5712705850601196,0.5665179491043091,0.5845886468887329,0.5824891328811646,0.5591980218887329,0.5664495229721069,0.5632050633430481,0.5660637617111206,0.5719126462936401,0.5805147290229797,0.5741833448410034,0.5796263217926025,0.5762783885002136,0.584256112575531,0.5766669511795044,0.5837606191635132,0.5699684023857117,0.5768175721168518,0.5596799850463867,0.5818817615509033,0.5398908853530884,0.5960860848426819,0.5289123058319092,0.5894414186477661,0.5698980689048767,0.6274231672286987,0.3337709009647369,0.3251079618930816,0.3249407410621643,0.3248199820518493,0.3257268667221069,0.3260743319988251,0.3265531659126282,0.329767495393753,0.3327560126781463,0.343741238117218,0.3449688553810119,0.3836176097393036,0.3814950585365295,0.4604506194591522,0.4601247906684875,0.530346691608429,0.5382236242294312,0.5494633913040161,0.5563936233520508,0.5457874536514282,0.5550714731216431,0.5403087139129639,0.5482342839241028,0.5337826609611511,0.5319638848304749,0.6167294979095459,0.6146529912948608,0.7075985074043274,0.6994342803955078,0.725168764591217,0.7179945707321167,0.7272693514823914,0.7115567326545715,-0.0661946013569831,-0.0575831644237041,-0.0576030202209949,-0.0575720965862274,-0.0817365199327468,-0.0817476287484169,-0.0818403214216232,-0.0121523048728704,-0.1213982254266738,-0.0463273227214813,-0.077760986983776,0.0599775537848472,-0.1720830053091049,0.0808453112840652,-0.2046995908021927,0.0484694242477417,-0.1940366774797439,0.0467799566686153,-0.218833178281784,0.030505821108818,-0.2146613597869873,0.0394300259649753,-0.1921577304601669,0.0710029229521751,-0.0711068660020828,0.1432187855243683,0.0030133733525872,0.2387836277484893,0.1013247743248939,0.2455616444349289,0.1116331443190574,0.210708886384964,0.0710301548242569,Walk-From-Chair
238,0.9747151136398317,0.9439533352851868,0.9377635717391968,0.952795684337616,0.9577486515045166,0.9577543139457704,0.9671858549118042,0.8696475028991699,0.9504473805427552,0.9545136094093324,0.9740519523620604,0.9920294284820556,0.9997480511665344,0.0153207993134856,0.9410206079483032,0.0394401066005229,0.8753810524940491,0.0541510060429573,0.8352363705635071,0.0545097738504409,0.8212158679962158,0.0528721995651721,0.7534262537956238,0.9965498447418212,0.9973668456077576,0.362587034702301,0.9040405750274658,0.694075345993042,0.9352710843086244,0.7731944918632507,0.8894567489624023,0.8072824478149414,0.9257302284240724,0.589302122592926,0.5845813155174255,0.5842176079750061,0.5838090181350708,0.5830165147781372,0.5814422965049744,0.5796569585800171,0.5756286978721619,0.5705080032348633,0.5889696478843689,0.5867190361022949,0.5639439821243286,0.5684369802474976,0.5693004727363586,0.5674940347671509,0.5813549160957336,0.5822626352310181,0.5843209028244019,0.5830224752426147,0.5834358334541321,0.5874539613723755,0.5854148268699646,0.5868163108825684,0.5754578709602356,0.5801127552986145,0.5649286508560181,0.582004725933075,0.538474440574646,0.5972763895988464,0.5268222093582153,0.5905443429946899,0.5690750479698181,0.6310199499130249,0.3338819146156311,0.3253954946994781,0.3252492845058441,0.325148731470108,0.3259743154048919,0.3263198137283325,0.3268014788627624,0.3300139307975769,0.3329755067825317,0.3437585532665252,0.3449799716472626,0.3840589523315429,0.3810194432735443,0.4604837596416473,0.4604524970054626,0.5294925570487976,0.5369125604629517,0.5480976104736328,0.5562515258789062,0.545352578163147,0.5548000931739807,0.5397590398788452,0.5479620099067688,0.533757209777832,0.5318697094917297,0.6171976923942566,0.615210235118866,0.707507848739624,0.6999279260635376,0.7248634099960327,0.7188110947608948,0.7284435033798218,0.7123205661773682,-0.0699708014726638,-0.0608820505440235,-0.0608990304172039,-0.0608677491545677,-0.0854398980736732,-0.0854528248310089,-0.0855423361063003,-0.0128108467906713,-0.12413090467453,-0.0490987822413444,-0.0810665488243103,0.0633750483393669,-0.1748635917901992,0.0859586521983146,-0.2079937756061554,0.0530138835310936,-0.1999467462301254,0.0520898625254631,-0.2247548103332519,0.0352675803005695,-0.2197107821702957,0.0436898730695247,-0.1977670639753341,0.0711933821439743,-0.0712780356407165,0.1361503154039383,-0.0025897768791764,0.2219928801059723,0.0956882685422897,0.2278741598129272,0.1035903245210647,0.1901242583990097,0.0540561489760875,Walk-From-Chair
239,0.9760968685150146,0.9468976259231568,0.9409809112548828,0.9552863240242004,0.9600347876548768,0.9600595235824584,0.968986988067627,0.8754422068595886,0.9531574249267578,0.9570486545562744,0.9754951596260072,0.9921814799308776,0.999746561050415,0.0151236457750201,0.9409042000770568,0.0395343601703643,0.8732558488845825,0.0544611550867557,0.8330197930335999,0.054852046072483,0.8188528418540955,0.0531604178249836,0.7506369948387146,0.9965559244155884,0.9973472952842712,0.3639783561229706,0.9045687913894652,0.6999467611312866,0.9363817572593688,0.7788684964179993,0.8910557627677917,0.8111101984977722,0.926858365535736,0.594340980052948,0.5894972681999207,0.5891187191009521,0.5886669754981995,0.5877981781959534,0.5860985517501831,0.5842103362083435,0.580329954624176,0.5748709440231323,0.5940994024276733,0.5916818380355835,0.5708420276641846,0.5718481540679932,0.5738726854324341,0.5685416460037231,0.5851193070411682,0.5834668874740601,0.5883554220199585,0.5814034938812256,0.590179443359375,0.5871608853340149,0.5892437696456909,0.5865421891212463,0.581737756729126,0.5802949666976929,0.5687709450721741,0.5839400291442871,0.5375608205795288,0.5985817909240723,0.5265210866928101,0.5896585583686829,0.5683659911155701,0.6324030160903931,0.3347258567810058,0.3260392844676971,0.3258573710918426,0.325733870267868,0.3266691267490387,0.327005386352539,0.3274761736392975,0.3304601013660431,0.3334364593029022,0.3445453345775604,0.3457893431186676,0.3841521441936493,0.3809831738471985,0.4598206281661987,0.4605657160282135,0.5254151821136475,0.5366294384002686,0.5430424213409424,0.5551458597183228,0.541540801525116,0.5532659888267517,0.5358098149299622,0.5459818243980408,0.5314415693283081,0.5311345458030701,0.6171157360076904,0.6144073009490967,0.7073847055435181,0.7000224590301514,0.7241767048835754,0.7192853093147278,0.7283399701118469,0.7126367688179016,-0.0716461613774299,-0.0626959800720214,-0.0627147406339645,-0.0626842528581619,-0.0872943475842475,-0.0873084813356399,-0.0874018818140029,-0.0150637179613113,-0.1264750063419342,-0.0508599989116191,-0.0828801915049552,0.0613259263336658,-0.1765461266040802,0.083478145301342,-0.2095871865749359,0.0504225604236125,-0.2053672969341278,0.0492539666593074,-0.2293549478054046,0.0325697548687458,-0.2243774384260177,0.0412096604704856,-0.2030588835477829,0.0712502151727676,-0.0713260024785995,0.1214295625686645,-0.0134492591023445,0.1924496591091156,0.0744521170854568,0.196626603603363,0.080334685742855,0.1569983959197998,0.0267908573150634,Walk-From-Chair
240,0.9777933955192566,0.9503185749053956,0.9447492361068726,0.9581597447395324,0.9626617431640624,0.962745487689972,0.9710180163383484,0.8825706839561462,0.9563735723495485,0.9599376320838928,0.9771344661712646,0.9925891160964966,0.999761700630188,0.0150037668645381,0.9422102570533752,0.0393539071083068,0.8742576241493225,0.0541975982487201,0.8340233564376831,0.054618664085865,0.8195928335189819,0.053038366138935,0.7509478330612183,0.996712863445282,0.997458040714264,0.364147424697876,0.9087957143783568,0.7016929984092712,0.9389702677726746,0.7805724143981934,0.8934122323989868,0.8142915368080139,0.9299602508544922,0.5967807173728943,0.5915952920913696,0.5911511778831482,0.5906586050987244,0.5901449918746948,0.5886030197143555,0.5869758725166321,0.5831034779548645,0.5784747004508972,0.5966687798500061,0.5946648716926575,0.5733218193054199,0.5748823285102844,0.5733631253242493,0.5720214247703552,0.5847631692886353,0.5896866321563721,0.587551474571228,0.5890777111053467,0.5902472734451294,0.5942753553390503,0.5869783163070679,0.5931633710861206,0.58347088098526,0.5828297138214111,0.5760761499404907,0.5829203724861145,0.561862051486969,0.5762747526168823,0.5532144904136658,0.565414309501648,0.5897918939590454,0.6056851744651794,0.334225058555603,0.3257950842380523,0.3256360292434692,0.3255378305912018,0.3263984024524688,0.3267289996147156,0.327188491821289,0.3302162885665893,0.333037406206131,0.3441187143325805,0.34536874294281,0.3834857642650604,0.378091424703598,0.4582778811454773,0.458386093378067,0.5251222848892212,0.536000669002533,0.5429481863975525,0.5542135834693909,0.5417571663856506,0.5524516701698303,0.5352208614349365,0.5449188947677612,0.5279683470726013,0.5274884700775146,0.6155111789703369,0.6132254004478455,0.7066804766654968,0.7051085233688354,0.7235842943191528,0.7209351658821106,0.7240588068962097,0.7277389764785767,-0.0756757855415344,-0.0667443722486496,-0.0667570382356643,-0.0667257606983184,-0.092100128531456,-0.0921177640557289,-0.0922017246484756,-0.0170306470245122,-0.1319067180156707,-0.0538675002753734,-0.0869740694761276,0.0611611902713775,-0.1843193173408508,0.0846493020653724,-0.2186951339244842,0.0506824776530265,-0.218998908996582,0.0499299243092536,-0.2454902380704879,0.0318895205855369,-0.2392338812351226,0.040898360311985,-0.2161114662885666,0.0739700943231582,-0.0740180611610412,0.1253445744514465,-0.0295195840299129,0.2046484500169754,0.0547426827251911,0.2093590945005417,0.0600296258926391,0.1700148731470108,0.003710163757205,Walk-From-Chair
241,0.979822278022766,0.954748511314392,0.9496198296546936,0.9618196487426758,0.9660337567329408,0.9661468863487244,0.9736261367797852,0.8921676874160767,0.9604093432426452,0.9634884595870972,0.9791775941848756,0.9931935667991638,0.9997820854187012,0.0164348613470792,0.9462820291519164,0.0420055538415908,0.8809003829956055,0.0563659630715847,0.8408634066581726,0.0571396462619304,0.8271147012710571,0.055631335824728,0.7591243386268616,0.9969236850738524,0.9976190328598022,0.3761352002620697,0.9163652658462524,0.7103596925735474,0.9436716437339784,0.7808303833007812,0.8976526260375977,0.8200366497039795,0.9351055026054382,0.5991523265838623,0.5941780805587769,0.5939252972602844,0.5936126708984375,0.5924093127250671,0.5907812714576721,0.5890607833862305,0.5867538452148438,0.5807278156280518,0.5993854999542236,0.5970803499221802,0.5835399627685547,0.575258731842041,0.5863776803016663,0.5734795331954956,0.5948473215103149,0.5935269594192505,0.597926914691925,0.595763087272644,0.5984215140342712,0.6003085374832153,0.5970615148544312,0.5987390875816345,0.5941205024719238,0.5840610265731812,0.5869386792182922,0.5829574465751648,0.5959588289260864,0.5398260354995728,0.5874786376953125,0.5263346433639526,0.6305050849914551,0.569959282875061,0.3313809633255005,0.3236912488937378,0.3236353695392608,0.3236475884914398,0.3242725431919098,0.3246842324733734,0.3252309560775757,0.3287340700626373,0.331397145986557,0.3415981233119964,0.3428645431995392,0.3826127052307129,0.3757528066635132,0.4571207463741302,0.4537917375564575,0.522579550743103,0.532274067401886,0.5407429933547974,0.5493894815444946,0.5398377776145935,0.547277569770813,0.5317610502243042,0.5398569703102112,0.5227694511413574,0.5238654017448425,0.6116136312484741,0.6132047772407532,0.6983664035797119,0.7050012350082397,0.7195807695388794,0.7177507281303406,0.7175515294075012,0.7315861582756042,-0.1004910692572593,-0.0909558609127998,-0.0909658521413803,-0.090942196547985,-0.1175805106759071,-0.117617942392826,-0.117703303694725,-0.0330341681838035,-0.1544657945632934,-0.0754196792840957,-0.1105913370847702,0.0604650191962718,-0.2079920768737793,0.0937357544898986,-0.2430486232042312,0.0563334636390209,-0.2459134608507156,0.0548371598124504,-0.2749471068382263,0.0338520482182502,-0.2704202532768249,0.0451427847146987,-0.2435632199048996,0.0811958611011505,-0.0812473744153976,0.1327113211154937,-0.0576030127704143,0.2342180758714676,0.0288671646267175,0.240007609128952,0.0342530496418476,0.1879149973392486,-0.033409159630537,Walk-From-Chair
242,0.9815243482589722,0.9583356380462646,0.953572154045105,0.9647780060768129,0.9688286185264589,0.9690077900886536,0.9758082628250122,0.8995957970619202,0.9638805389404296,0.9663429260253906,0.9809015989303588,0.9937000274658204,0.9998003244400024,0.0170479137450456,0.9501020312309264,0.0433559641242027,0.8881723880767822,0.0575464889407157,0.8491252064704895,0.0585543662309646,0.836161732673645,0.0570603609085083,0.7697530388832092,0.997106432914734,0.9977560639381408,0.3915549516677856,0.923488974571228,0.7240655422210693,0.9481226205825806,0.7843271493911743,0.901796579360962,0.8286696076393127,0.9400849342346193,0.6023386716842651,0.5968700647354126,0.5964131951332092,0.5959212183952332,0.5955755114555359,0.5941514372825623,0.5926794409751892,0.5888535976409912,0.5846134424209595,0.602518618106842,0.600431501865387,0.5865732431411743,0.5785127878189087,0.5869032144546509,0.5787787437438965,0.5963568687438965,0.5989587306976318,0.5997167825698853,0.601967453956604,0.5987524390220642,0.6060380339622498,0.5978003144264221,0.6045452356338501,0.5949636101722717,0.5870657563209534,0.5932111144065857,0.5896843671798706,0.5995379686355591,0.540720522403717,0.591593861579895,0.5270797610282898,0.6338146924972534,0.5678942203521729,0.3304701745510101,0.322515457868576,0.3224155306816101,0.3223664462566376,0.3232404291629791,0.3236972093582153,0.3242485225200653,0.3280184864997864,0.330887496471405,0.3408150672912597,0.3419988453388214,0.3822780251502991,0.3759663999080658,0.4560814797878265,0.4546191096305847,0.5195203423500061,0.5321677327156067,0.5365893840789795,0.5494850873947144,0.5386137366294861,0.5473272204399109,0.5303844809532166,0.5401932001113892,0.5221680998802185,0.5235846638679504,0.6098374724388123,0.61052006483078,0.6978235840797424,0.7021552920341492,0.7190359234809875,0.7112905383110046,0.717352032661438,0.7320257425308228,-0.1093836799263954,-0.1004098504781723,-0.1004247069358825,-0.1004072278738021,-0.1277367323637008,-0.1277816593647003,-0.1278702914714813,-0.0448388531804084,-0.1692473739385604,-0.0849657505750656,-0.1209660395979881,0.0516191497445106,-0.2204566001892089,0.0904007405042648,-0.251165509223938,0.0542072467505931,-0.2489421069622039,0.0527793988585472,-0.2772374749183655,0.0333790220320224,-0.2734020054340362,0.0439047142863273,-0.2467831671237945,0.0835317969322204,-0.0835819691419601,0.1341259181499481,-0.0757310092449188,0.2341547906398773,0.0153843583539128,0.2399449348449707,0.0213968269526958,0.191627636551857,-0.0419030264019966,Walk-From-Chair
243,0.9831533432006836,0.9617965221405028,0.957358181476593,0.9676356315612792,0.971496045589447,0.9717103242874146,0.9778769612312316,0.90655916929245,0.9670831561088562,0.96906840801239,0.9825015664100648,0.9941622614860536,0.9998162984848022,0.017740961164236,0.9536852836608888,0.0453457757830619,0.8947462439537048,0.0593262761831283,0.856365442276001,0.0606477782130241,0.8441003561019897,0.0590598098933696,0.7790030837059021,0.9972702264785768,0.9978677034378052,0.4071530699729919,0.9300928711891174,0.7376517653465271,0.952394425868988,0.7881407141685486,0.9072579741477966,0.837440550327301,0.9449628591537476,0.6058197021484375,0.6007372140884399,0.6005029678344727,0.6001991033554077,0.5988481640815735,0.5971633195877075,0.5954171419143677,0.5931825041770935,0.5871790051460266,0.6063683032989502,0.6038641333580017,0.5912606120109558,0.5806404948234558,0.5898188352584839,0.5820391178131104,0.5970942378044128,0.6016485095024109,0.6014922857284546,0.604171633720398,0.6019672155380249,0.609177827835083,0.6011601686477661,0.6078877449035645,0.5986347198486328,0.5914479494094849,0.5977305173873901,0.5953786373138428,0.5987651348114014,0.548918604850769,0.5912555456161499,0.5328174829483032,0.633373498916626,0.5717602968215942,0.3303030431270599,0.322308212518692,0.3222266137599945,0.3221894204616546,0.3230673372745514,0.3235819041728973,0.3241885602474212,0.3280380368232727,0.3309260904788971,0.3408988714218139,0.3421111404895782,0.3821843266487121,0.3760786652565002,0.4560884237289428,0.4546952843666076,0.5189576745033264,0.5313549637794495,0.5371354818344116,0.5480173826217651,0.5382296442985535,0.5460478663444519,0.529984176158905,0.5394446849822998,0.5221454501152039,0.5233525037765503,0.609833300113678,0.6105794906616211,0.6972001194953918,0.697431743144989,0.7182190418243408,0.7025665640830994,0.7173246741294861,0.7313209176063538,-0.1162140965461731,-0.1064885109663009,-0.1065048575401306,-0.1064841002225875,-0.1332664936780929,-0.1333070695400238,-0.1333982050418853,-0.0469628199934959,-0.1684413254261016,-0.0902995318174362,-0.125512883067131,0.0519246570765972,-0.2191657721996307,0.092758759856224,-0.2510448098182678,0.0564019456505775,-0.2543031275272369,0.0546551421284675,-0.2839944958686828,0.0337922498583793,-0.2803450226783752,0.045322485268116,-0.2523121535778045,0.0849606543779373,-0.0850292146205902,0.1361575424671173,-0.0654062181711196,0.2448990792036056,0.0343185700476169,0.2512994408607483,0.0412492975592613,0.2025565207004547,-0.0215728022158145,Walk-From-Chair
244,0.9844309091567992,0.964344084262848,0.960106372833252,0.9697126746177672,0.9735796451568604,0.9738572239875792,0.9794937968254088,0.910821795463562,0.9696252346038818,0.9711106419563292,0.983754575252533,0.994540512561798,0.9998272657394408,0.0192524120211601,0.9561039209365844,0.0501260794699192,0.9008780717849731,0.0644426569342613,0.8636913895606995,0.0665380731225013,0.8521457314491272,0.0646391287446022,0.788259744644165,0.99736487865448,0.9979162812232972,0.4243611991405487,0.9351695775985718,0.7487845420837402,0.9556297659873962,0.7921791672706604,0.90959894657135,0.8455491065979004,0.9488043785095216,0.6092714071273804,0.6040829420089722,0.6038283705711365,0.6035155653953552,0.6022613644599915,0.6006314754486084,0.5989147424697876,0.5962985157966614,0.590304970741272,0.6096630692481995,0.6071377992630005,0.5952482223510742,0.5829812288284302,0.5988134145736694,0.5841302275657654,0.6133537292480469,0.6042627096176147,0.6182314157485962,0.6056100130081177,0.6147297024726868,0.6137839555740356,0.6187581419944763,0.6125050187110901,0.6043835282325745,0.5941530466079712,0.6040844321250916,0.599303126335144,0.5969796776771545,0.5546950101852417,0.5894163250923157,0.5398768186569214,0.6300088167190552,0.5755680799484253,0.3303838670253753,0.3223694264888763,0.3222875297069549,0.322251945734024,0.3231101930141449,0.3236092031002044,0.3242049515247345,0.3280602693557739,0.3310392200946808,0.3409313559532165,0.3421510457992553,0.3821948170661926,0.3766184151172638,0.4561623334884643,0.4570803046226501,0.505485475063324,0.5314727425575256,0.5198686718940735,0.5483595132827759,0.5263276696205139,0.5464510321617126,0.5119287967681885,0.5396934151649475,0.5226163268089294,0.5235956907272339,0.6099373698234558,0.6113695502281189,0.6962541341781616,0.6927477121353149,0.7162485122680664,0.6948232054710388,0.716488242149353,0.730434000492096,-0.1184466704726219,-0.1088286489248275,-0.1088563576340675,-0.108846329152584,-0.1359799355268478,-0.1360147297382354,-0.1361128836870193,-0.0480270311236381,-0.1709128618240356,-0.0919809862971305,-0.1275643408298492,0.051033180207014,-0.2153060883283615,0.0952420979738235,-0.2450191080570221,0.0550172813236713,-0.2508468329906463,0.0544871985912323,-0.2807542383670807,0.029240246862173,-0.2791874408721924,0.0449369139969348,-0.2497693598270416,0.0837730690836906,-0.0838357955217361,0.1390791237354278,-0.0554966144263744,0.2470114678144455,0.0433924794197082,0.2534380257129669,0.0466230548918247,0.2054410725831985,-0.0041415826417505,Walk-From-Chair
245,0.9842839241027832,0.962955117225647,0.9582762718200684,0.9684510231018066,0.9729391932487488,0.9734583497047424,0.9788890480995178,0.904799461364746,0.9694828391075134,0.9703040719032288,0.98332417011261,0.994748592376709,0.9998324513435364,0.0188462827354669,0.9578220248222352,0.048940859735012,0.9053328633308412,0.0628806501626968,0.86896812915802,0.0649569332599639,0.8579100966453552,0.0633756071329116,0.7943732738494873,0.9974462389945984,0.9979142546653748,0.4182506501674652,0.937692940235138,0.7409844398498535,0.9575609564781188,0.7843044400215149,0.9115927219390868,0.8440471291542053,0.9514437317848206,0.6119903326034546,0.6073276400566101,0.6071754693984985,0.606961190700531,0.6052883863449097,0.6035157442092896,0.6016179323196411,0.59982830286026,0.5931807160377502,0.6124561429023743,0.6100023984909058,0.5963544249534607,0.5870712995529175,0.5982360243797302,0.5912951231002808,0.6078921556472778,0.6119623780250549,0.6089982390403748,0.6148916482925415,0.6138918399810791,0.6193071603775024,0.6103458404541016,0.6180259585380554,0.6074845790863037,0.5978586673736572,0.6108180284500122,0.6049751043319702,0.5949536561965942,0.5588328838348389,0.5864220261573792,0.5418699383735657,0.6289747953414917,0.5810088515281677,0.3306044042110443,0.3226127326488495,0.3225544691085815,0.3225422501564026,0.3233588337898254,0.3238995969295501,0.3245485126972198,0.3284366428852081,0.3313586115837097,0.3412787020206451,0.3425022065639496,0.384046733379364,0.3767186999320984,0.4631394743919372,0.4594718217849731,0.5166951417922974,0.5315027832984924,0.5344391465187073,0.548582136631012,0.5372284054756165,0.5465816855430603,0.5272281169891357,0.5398229956626892,0.5228990912437439,0.5237613916397095,0.6100711822509766,0.6134957671165466,0.6932438015937805,0.6934587359428406,0.7108895182609558,0.6961435079574585,0.7139577865600586,0.7299200892448425,-0.1192729026079177,-0.1096694618463516,-0.1096944585442543,-0.1096849218010902,-0.1378037184476852,-0.1378398388624191,-0.1379479020833969,-0.0508960857987403,-0.1781669408082962,-0.0933583304286003,-0.1301107853651046,0.0505302362143993,-0.2330822497606277,0.0931702777743339,-0.2693108916282654,0.0552167072892189,-0.2709393799304962,0.0541824772953987,-0.302929013967514,0.0307900793850421,-0.2980380058288574,0.0445027574896812,-0.2687005698680877,0.0883682817220687,-0.0884773731231689,0.1645822525024414,-0.040599875152111,0.3063448369503021,0.1013932973146438,0.3169450759887695,0.1124030798673629,0.2759997248649597,0.0536235086619854,Walk-From-Chair
246,0.9838665127754213,0.960808515548706,0.9556469917297364,0.966366708278656,0.9717360138893129,0.9725424647331238,0.9777842164039612,0.8954256772994995,0.9684630632400512,0.9679265022277832,0.9820757508277892,0.9948119521141052,0.999830961227417,0.0185360386967659,0.959186553955078,0.0488301031291484,0.9089756011962892,0.0627024546265602,0.8731406331062317,0.0647871345281601,0.8624646663665771,0.0633176937699318,0.7992780804634094,0.9974156022071838,0.9977677464485168,0.4103938043117523,0.9393377900123596,0.7302339673042297,0.958183526992798,0.7736798524856567,0.9115709066390992,0.8400586247444153,0.9528760313987732,0.6142301559448242,0.6100548505783081,0.6100229024887085,0.6099481582641602,0.6076651811599731,0.6057212948799133,0.6036790609359741,0.6027346849441528,0.5950424075126648,0.6144313812255859,0.6115931868553162,0.5938616991043091,0.5910160541534424,0.5990573167800903,0.5957578420639038,0.6075624227523804,0.6145535707473755,0.6109422445297241,0.6148487329483032,0.6112462878227234,0.6218841671943665,0.6099299788475037,0.6205970644950867,0.6104450821876526,0.6041736006736755,0.6126538515090942,0.6129668951034546,0.5972813367843628,0.5785211324691772,0.5880361795425415,0.5610209703445435,0.6286876201629639,0.5968723893165588,0.3316749036312103,0.3234366476535797,0.323346883058548,0.3232831060886383,0.324164867401123,0.3246898651123047,0.3253145515918731,0.3287678956985473,0.3317349255084991,0.342289924621582,0.3434409201145172,0.3848390877246856,0.3767605423927307,0.4662851393222809,0.4593995213508606,0.5196965932846069,0.5315311551094055,0.5474463701248169,0.5486871600151062,0.5416538119316101,0.5465528964996338,0.5333287715911865,0.5400301218032837,0.5230347514152527,0.5241162776947021,0.6101457476615906,0.6136183142662048,0.6928672790527344,0.6937289834022522,0.7081707715988159,0.6993755102157593,0.714374303817749,0.7295334935188293,-0.1181241422891616,-0.108286939561367,-0.1083088889718055,-0.1082939282059669,-0.1358064115047454,-0.1358391344547271,-0.135945439338684,-0.0487101823091506,-0.1727931648492813,-0.0917425230145454,-0.1276502311229705,0.0517809577286243,-0.2265201807022094,0.0936492308974266,-0.2622103691101074,0.0551164448261261,-0.2645817995071411,0.0538634657859802,-0.2955693304538727,0.031183797866106,-0.2908002734184265,0.0441088527441024,-0.2622731328010559,0.0881223902106285,-0.0882312431931495,0.1660171747207641,-0.0324209406971931,0.2915665507316589,0.1034184843301773,0.3003943562507629,0.1141379848122596,0.2607956230640411,0.0591155476868152,Walk-From-Chair
247,0.982260763645172,0.9570208787918092,0.951393187046051,0.9632519483566284,0.9688419103622437,0.9700549244880676,0.97562575340271,0.8869452476501465,0.965239405632019,0.9643455743789672,0.9799619317054749,0.9947442412376404,0.9998225569725036,0.0179137084633111,0.9591636657714844,0.0476165041327476,0.9118067026138306,0.0615274421870708,0.876564621925354,0.0634359121322631,0.8659271597862244,0.0620562881231308,0.8025534749031067,0.997312605381012,0.9975660443305968,0.3925415575504303,0.9336507320404052,0.7036424875259399,0.9549939632415771,0.7544947266578674,0.9078616499900818,0.8243451714515686,0.9504622220993042,0.6169974207878113,0.6122809052467346,0.6118581295013428,0.611478328704834,0.6111541986465454,0.6098576784133911,0.6084519624710083,0.6045759320259094,0.5998939275741577,0.6162517666816711,0.6146629452705383,0.5945151448249817,0.5957505106925964,0.5968866944313049,0.5962181687355042,0.6092427372932434,0.6169441938400269,0.6120948791503906,0.6189277172088623,0.6129490733146667,0.6237159371376038,0.6122733354568481,0.6226382851600647,0.6077750325202942,0.6097452640533447,0.6145461797714233,0.6224297285079956,0.5978108644485474,0.5960037112236023,0.5872713923454285,0.5829403400421143,0.6259745359420776,0.6197529435157776,0.332442432641983,0.3240215480327606,0.3239448368549347,0.3238933682441711,0.3245454430580139,0.3249488770961761,0.325466901063919,0.3291894495487213,0.3317472040653229,0.3427365124225616,0.3436522483825683,0.3847962021827698,0.3768568336963653,0.4652877151966095,0.459297627210617,0.5276444554328918,0.5315750241279602,0.5501251816749573,0.5487951636314392,0.5418867468833923,0.5465431213378906,0.5338833332061768,0.5400065779685974,0.5252184271812439,0.5253164768218994,0.611126720905304,0.6162669062614441,0.6933097243309021,0.6971849203109741,0.7086820006370544,0.7063278555870056,0.7168490290641785,0.7292761206626892,-0.1019602417945861,-0.0923633351922035,-0.0923875048756599,-0.0923759490251541,-0.1206422448158264,-0.1206669360399246,-0.1207747235894203,-0.0370734706521034,-0.1640671342611313,-0.0769699364900589,-0.1135317683219909,0.0576449632644653,-0.2214880734682083,0.0954013466835022,-0.256491869688034,0.0575690641999244,-0.2562247216701507,0.0566423758864402,-0.2860864698886871,0.0353530719876289,-0.2815960645675659,0.0467033758759498,-0.2540730834007263,0.0861600786447525,-0.0862589329481124,0.1605295240879058,-0.013189248740673,0.2824859619140625,0.1114284843206405,0.2911674380302429,0.1214263215661048,0.2513143420219421,0.0685416609048843,Walk-From-Chair
248,0.9781143069267272,0.9482967257499696,0.9412737488746644,0.9555147886276244,0.9624486565589904,0.963841676712036,0.9709282517433168,0.8679028153419495,0.9570140838623048,0.956912100315094,0.9759652614593506,0.9943451285362244,0.9998111128807068,0.0172926876693964,0.9593021273612976,0.0461664088070392,0.914110779762268,0.0600457787513732,0.8789827227592468,0.0617719776928424,0.8683677911758423,0.0602464564144611,0.804850161075592,0.9969642162322998,0.9972353577613832,0.3754423558712005,0.9242022037506104,0.6798796653747559,0.9497698545455932,0.7376623153686523,0.9031198024749756,0.8087449073791504,0.9461087584495544,0.6201331615447998,0.6152216196060181,0.6145840287208557,0.6138982176780701,0.6147409677505493,0.6137174963951111,0.6125568747520447,0.606393575668335,0.6040648818016052,0.6192675828933716,0.6181772351264954,0.5954160094261169,0.5984326004981995,0.5977426767349243,0.5975368022918701,0.6086863279342651,0.6206903457641602,0.6113288402557373,0.6228126287460327,0.6128042936325073,0.6261369585990906,0.612388014793396,0.6252549886703491,0.6080793142318726,0.6149483919143677,0.6149300336837769,0.6303242444992065,0.6040248274803162,0.6111863851547241,0.5908711552619934,0.596148669719696,0.6276100873947144,0.6324885487556458,0.3328725099563598,0.3242293000221252,0.3241291642189026,0.3240537047386169,0.3246369659900665,0.3249660730361938,0.3254803121089935,0.3292051255702972,0.3315854668617248,0.3429215550422668,0.3437434732913971,0.3841123282909393,0.3767805695533752,0.4670506119728088,0.4594625830650329,0.529071033000946,0.531754732131958,0.549611508846283,0.5490495562553406,0.542148232460022,0.5465681552886963,0.5345268845558167,0.5404022932052612,0.5269461274147034,0.5263223052024841,0.6111604571342468,0.6162039637565613,0.6942964196205139,0.6998202204704285,0.7088261842727661,0.713453471660614,0.7199993133544922,0.7290953397750854,-0.0902624204754829,-0.0812379270792007,-0.0812595784664154,-0.0812380313873291,-0.1078645139932632,-0.1078904047608375,-0.1080029159784317,-0.0302006863057613,-0.149733766913414,-0.0671924799680709,-0.1016609817743301,0.0573404841125011,-0.2023377865552902,0.0835675746202468,-0.240090936422348,0.0352056436240673,-0.2387274801731109,0.031190276145935,-0.2667250633239746,0.0128998458385467,-0.2604222595691681,0.0249244105070829,-0.2357231825590133,0.0789454579353332,-0.079036921262741,0.1585193574428558,-0.0030747940763831,0.2743392288684845,0.1182885617017746,0.282463937997818,0.1280051916837692,0.2418119013309478,0.0751930102705955,Walk-From-Chair
249,0.9770755767822266,0.9459972977638244,0.9387621283531188,0.9534238576889038,0.9613560438156128,0.9627290964126588,0.9699348211288452,0.8632621169090271,0.9550784826278688,0.9544391632080078,0.9748055934906006,0.9936725497245787,0.9997965693473816,0.0168384443968534,0.9592239856719972,0.0452492460608482,0.9158263206481934,0.0594112910330295,0.8812434673309326,0.0609294660389423,0.8705835342407227,0.059294581413269,0.8066744804382324,0.996466100215912,0.9968984723091124,0.3747387826442718,0.923762321472168,0.6757760643959045,0.9502288699150084,0.7372676134109497,0.9042863845825196,0.8071451783180237,0.9459558725357056,0.623416543006897,0.6184914112091064,0.6178353428840637,0.6171571016311646,0.6180056929588318,0.6169933080673218,0.6158468127250671,0.6089907288551331,0.6073709726333618,0.6223086714744568,0.6214930415153503,0.5967720746994019,0.6011909246444702,0.5973150134086609,0.6008346080780029,0.6070741415023804,0.6223410367965698,0.6089938282966614,0.6239269375801086,0.6110962629318237,0.6273609399795532,0.6112373471260071,0.6267312169075012,0.6085319519042969,0.619583010673523,0.6149201989173889,0.6355512142181396,0.6042814254760742,0.6183658838272095,0.5932815074920654,0.6030375361442566,0.6280010938644409,0.6436423063278198,0.3327256441116333,0.3241520524024963,0.3240569531917572,0.3239859342575073,0.3245182931423187,0.3247985541820526,0.32522714138031,0.3289600014686584,0.3308902978897095,0.3427094221115112,0.3434399366378784,0.383944422006607,0.3757815957069397,0.4668219685554504,0.4596062898635864,0.5302318930625916,0.5327919721603394,0.5497251152992249,0.549392580986023,0.5421527028083801,0.5469943284988403,0.5362213850021362,0.5414212346076965,0.5289424061775208,0.527221143245697,0.6129692196846008,0.6168035864830017,0.6966198086738586,0.7022573351860046,0.7108266353607178,0.717457115650177,0.7210136651992798,0.7303159236907959,-0.0900335237383842,-0.080690398812294,-0.0807100236415863,-0.0806814506649971,-0.1077069789171218,-0.10772655159235,-0.1078281253576278,-0.0289569701999425,-0.1499760597944259,-0.0667120143771171,-0.1016957387328147,0.0576322749257087,-0.2026805132627487,0.0833623632788658,-0.2402029335498809,0.0380048416554927,-0.239051416516304,0.0353686437010765,-0.2668372690677643,0.0160243865102529,-0.2614365220069885,0.0274950303137302,-0.2363270074129104,0.079024389386177,-0.0791086852550506,0.1616293638944625,-0.0092434240505099,0.2817736566066742,0.1065671220421791,0.290428876876831,0.1156032681465148,0.2524504959583282,0.0609881952404975,Walk-From-Chair
250,0.9764084219932556,0.9439876675605774,0.9372126460075378,0.9513721466064452,0.9600257277488708,0.9615190029144288,0.9685934782028198,0.8583313822746277,0.9520496129989624,0.9522911310195924,0.9736717939376832,0.9929140210151672,0.999776303768158,0.0175577234476804,0.9561808705329896,0.0454888902604579,0.9126768112182616,0.0600516907870769,0.8782428503036499,0.0611945465207099,0.8669958114624023,0.0591900274157524,0.8004550933837891,0.9962782859802246,0.9968356490135192,0.3951667845249176,0.9268843531608582,0.6882371306419373,0.9523227214813232,0.7491530776023865,0.9076191186904908,0.8075894117355347,0.9449296593666076,0.6252334117889404,0.6209813356399536,0.6202218532562256,0.6194023489952087,0.6208986043930054,0.6200766563415527,0.6191566586494446,0.6109338998794556,0.6107807159423828,0.623554527759552,0.6231681704521179,0.5953048467636108,0.6053127646446228,0.5955365300178528,0.604128897190094,0.6053081750869751,0.6262781023979187,0.6033948063850403,0.6279025077819824,0.6093863248825073,0.6294086575508118,0.6092225909233093,0.6287277340888977,0.6084803938865662,0.6218841671943665,0.6137093901634216,0.637821614742279,0.6041487455368042,0.6336735486984253,0.5960749387741089,0.6260055303573608,0.6305601000785828,0.6582237482070923,0.3338677287101745,0.3248064219951629,0.3246475458145141,0.3245140016078949,0.3250545859336853,0.3251727819442749,0.325437843799591,0.3290134072303772,0.3308724164962768,0.3435641825199127,0.344138354063034,0.3831190466880798,0.3755406439304352,0.4662300944328308,0.4620704650878906,0.5298545360565186,0.5329760313034058,0.5478077530860901,0.5494188070297241,0.5421872735023499,0.5472514033317566,0.5361917018890381,0.5415988564491272,0.5320854783058167,0.5296543836593628,0.6155966520309448,0.6176885366439819,0.6996825337409973,0.7042509317398071,0.7140477895736694,0.726922869682312,0.7207853198051453,0.7299794554710388,-0.0731366127729415,-0.0643990784883499,-0.0644185617566108,-0.0643758699297905,-0.0899246335029602,-0.0899283736944198,-0.0900149643421173,-0.0168955065310001,-0.1318753957748413,-0.0513601712882518,-0.0846703723073005,0.0575239546597003,-0.1805761605501175,0.0732650011777877,-0.2179574519395828,0.0291034784168005,-0.2109109908342361,0.0259458534419536,-0.2366417199373245,0.0096289543434977,-0.2303440570831298,0.0201182328164577,-0.2077767103910446,0.0747473239898681,-0.0749554857611656,0.167084127664566,0.0162793584167957,0.2911013960838318,0.142738789319992,0.3010106682777405,0.1532713174819946,0.267230212688446,0.1028579920530319,Walk-From-Chair
251,0.977773368358612,0.9470104575157166,0.9406253099441528,0.9538856148719788,0.9623998999595642,0.96377831697464,0.9705026149749756,0.8658121228218079,0.9548984169960022,0.9550178050994872,0.9753154516220092,0.9925980567932128,0.9997788071632384,0.0173387508839368,0.9560877680778505,0.0440116263926029,0.912986934185028,0.0588590279221534,0.8786640167236328,0.0598071776330471,0.8672631978988647,0.0578978732228279,0.80064857006073,0.9961585402488708,0.99684739112854,0.410586267709732,0.9286922216415404,0.6951637268066406,0.9531646370887756,0.7598394751548767,0.9101089835166932,0.802890956401825,0.9413514137268066,0.6266083717346191,0.6224625110626221,0.622060239315033,0.6216546893119812,0.6213744878768921,0.6201167702674866,0.6186405420303345,0.6141549348831177,0.6099356412887573,0.6258175373077393,0.6242449283599854,0.6014310121536255,0.6035811305046082,0.6039940714836121,0.6027845144271851,0.6136418581008911,0.6242565512657166,0.6143925189971924,0.6263216733932495,0.6182316541671753,0.6300336122512817,0.6178699135780334,0.6293090581893921,0.6127039194107056,0.6231242418289185,0.61451655626297,0.6427440643310547,0.6038456559181213,0.6445711255073547,0.5946249961853027,0.6373182535171509,0.6281741857528687,0.6711505651473999,0.3338635265827179,0.3248241245746612,0.3246695399284363,0.3245429396629333,0.3250832855701446,0.3252155482769012,0.325504720211029,0.3290463387966156,0.3309642970561981,0.3435235321521759,0.3441410064697265,0.3829098641872406,0.375593364238739,0.4662722051143646,0.4625669121742248,0.5290814638137817,0.5344012975692749,0.544895589351654,0.5516292452812195,0.5418914556503296,0.5488289594650269,0.5362508296966553,0.5430836081504822,0.5325659513473511,0.5311183929443359,0.6154826879501343,0.6174294948577881,0.6998253464698792,0.7054113149642944,0.7141504287719727,0.7241682410240173,0.7165358066558838,0.7283280491828918,-0.0741225928068161,-0.0655640959739685,-0.0655785053968429,-0.0655422508716583,-0.0903276652097702,-0.0903341621160507,-0.0904171615839004,-0.0166193451732397,-0.1278844773769378,-0.051761370152235,-0.0839886516332626,0.0576360113918781,-0.1734688282012939,0.0756292939186096,-0.20802803337574,0.0375273749232292,-0.2016140669584274,0.0359358936548233,-0.2261917293071746,0.0210522413253784,-0.2213163822889328,0.0300907157361507,-0.1988689005374908,0.0723103210330009,-0.0724874064326286,0.1554326266050338,0.0116077493876218,0.2558775246143341,0.1315029263496399,0.2640964388847351,0.1416036784648895,0.2366234064102172,0.0968798771500587,Walk-From-Chair
252,0.979051411151886,0.9499083757400512,0.94383704662323,0.9564119577407836,0.9644720554351808,0.9656522870063782,0.9721892476081848,0.8733816146850586,0.9575405716896056,0.9579313397407532,0.97695392370224,0.9927822351455688,0.9997867345809937,0.0174671839922666,0.9559417366981506,0.0440750792622566,0.9137916564941406,0.0597129315137863,0.8798576593399048,0.0604453533887863,0.8683868050575256,0.0585550479590892,0.8028753995895386,0.996109664440155,0.9968791604042052,0.4028774201869964,0.9268298149108888,0.6799028515815735,0.9492036700248718,0.758080244064331,0.9091230034828186,0.7802926301956177,0.9300599098205566,0.6285688281059265,0.6243012547492981,0.6241421699523926,0.6240066289901733,0.6224645972251892,0.6207965612411499,0.6189714074134827,0.6170388460159302,0.6102292537689209,0.6281319856643677,0.6258267760276794,0.6071220636367798,0.6039031744003296,0.60659259557724,0.6013621687889099,0.6187576055526733,0.6231899261474609,0.6193288564682007,0.624015212059021,0.6221016645431519,0.6300023198127747,0.6217986941337585,0.6293713450431824,0.6162977814674377,0.6248321533203125,0.615066409111023,0.6459354758262634,0.6035202741622925,0.6579141020774841,0.5946742296218872,0.6496458649635315,0.629662036895752,0.6859574317932129,0.3340819776058197,0.3249459266662597,0.3247783482074737,0.3246402144432068,0.3253307938575744,0.325560599565506,0.325959712266922,0.3291912972927093,0.3315211534500122,0.3437369465827942,0.3445018529891968,0.3829638659954071,0.3765830993652344,0.4648724496364593,0.4655390679836273,0.5289322733879089,0.5365542769432068,0.5449042916297913,0.5536714196205139,0.5428844094276428,0.5507497191429138,0.5366904735565186,0.5448790192604065,0.5364682078361511,0.5350574254989624,0.6160972118377686,0.617341935634613,0.6997984647750854,0.7060315608978271,0.7142190337181091,0.7233986258506775,0.712959349155426,0.7247801423072815,-0.0722961872816085,-0.0629754364490509,-0.0629965737462043,-0.0629646927118301,-0.0877724066376686,-0.0877761542797088,-0.0878575667738914,-0.0121627999469637,-0.1238331347703933,-0.0495372116565704,-0.0818202942609787,0.0594811849296093,-0.1705227047204971,0.0771571099758148,-0.2056720703840255,0.0382442884147167,-0.2035017907619476,0.0372809693217277,-0.229825735092163,0.0211427323520183,-0.2261682003736496,0.0306887626647949,-0.2015108615159988,0.0723905116319656,-0.0725335329771041,0.155394822359085,0.0149468202143907,0.2549284398555755,0.1354219019412994,0.2630071341991424,0.1460221707820892,0.2359297275543213,0.1053098440170288,Walk-From-Chair
253,0.9805784225463868,0.9533447623252868,0.9477264285087584,0.9593379497528076,0.9670040607452391,0.9680941104888916,0.9741875529289246,0.8819561004638672,0.9605712294578552,0.9610859751701356,0.9787387847900392,0.9930264353752136,0.9997957944869996,0.0174914374947547,0.9559364318847656,0.0440440960228443,0.9140800833702089,0.060623649507761,0.8804434537887573,0.0611338801681995,0.8687416315078735,0.0591381564736366,0.8038932681083679,0.9961848855018616,0.9969977140426636,0.4120527505874634,0.9301132559776306,0.6806460022926331,0.950748860836029,0.7660539150238037,0.9134150147438048,0.7695024013519287,0.9271675944328308,0.6311237812042236,0.6273564100265503,0.6272764205932617,0.6271945238113403,0.6252700090408325,0.6234785914421082,0.6214596629142761,0.6196495890617371,0.612332820892334,0.6306719779968262,0.6279412508010864,0.6088933348655701,0.6060065627098083,0.6088661551475525,0.6025306582450867,0.6252106428146362,0.6227805614471436,0.6263667941093445,0.6241379380226135,0.6266220211982727,0.6295756101608276,0.6263121962547302,0.6289617419242859,0.6201895475387573,0.6281801462173462,0.6176978349685669,0.6510926485061646,0.6033453941345215,0.6644033789634705,0.5954335331916809,0.6535356044769287,0.631898045539856,0.6958882808685303,0.3349544107913971,0.3255391418933868,0.3253137171268463,0.3251270055770874,0.3260567486286163,0.3263154327869415,0.3267415761947632,0.3293742537498474,0.3318683207035064,0.3447121381759643,0.3455989956855774,0.383074551820755,0.3774604499340057,0.464331567287445,0.4678241610527038,0.5261819958686829,0.537453830242157,0.5437606573104858,0.5546106100082397,0.5387603044509888,0.5516642332077026,0.5353574752807617,0.5457776188850403,0.5370180606842041,0.5386649370193481,0.6160072088241577,0.6173346638679504,0.7001994252204895,0.7075818777084351,0.7158109545707703,0.7261890172958374,0.7128649353981018,0.7223033905029297,-0.0688483938574791,-0.0593638196587562,-0.0593844763934612,-0.0593419559299945,-0.0839157551527023,-0.0839211195707321,-0.0840027183294296,-0.0070035508833825,-0.1176685094833374,-0.0454434156417846,-0.0774169713258743,0.0646038949489593,-0.1650261878967285,0.0869258791208267,-0.2025389969348907,0.0411690548062324,-0.2018882036209106,0.0376991853117942,-0.2288811951875686,0.0221409164369106,-0.2256820648908615,0.0334486775100231,-0.2002496272325515,0.0730711668729782,-0.0732077434659004,0.1616544276475906,0.0210294164717197,0.2605096697807312,0.1487074792385101,0.2694955766201019,0.1600147932767868,0.2462413012981414,0.1195063591003418,Walk-From-Chair
254,0.9822500944137572,0.9573435187339784,0.9522481560707092,0.9628381133079528,0.9698461294174194,0.9708409905433656,0.9764270782470704,0.8920647501945496,0.9639952182769777,0.9644349813461304,0.980589747428894,0.9934868216514589,0.999808669090271,0.0179676301777362,0.956247627735138,0.0462366230785846,0.915661096572876,0.0640751048922538,0.8826791644096375,0.0644642561674118,0.8710494041442871,0.0623355880379676,0.8073989152908325,0.9964056611061096,0.997206211090088,0.4333859384059906,0.9355770349502563,0.6902482509613037,0.953526258468628,0.7769697904586792,0.918151319026947,0.7669761180877686,0.9277620315551758,0.6338515281677246,0.6297707557678223,0.6295291185379028,0.6292649507522583,0.6279915571212769,0.6263808012008667,0.6246113181114197,0.6213518977165222,0.6155232191085815,0.6330410242080688,0.6305845975875854,0.6138448119163513,0.6066293716430664,0.6157227754592896,0.6018862128257751,0.6291967630386353,0.6226468682289124,0.6298960447311401,0.624669075012207,0.6303141713142395,0.6304823160171509,0.6295217871665955,0.6296717524528503,0.6223183274269104,0.6293681859970093,0.6178630590438843,0.6568726301193237,0.6027141809463501,0.6737884879112244,0.5940648317337036,0.6624163389205933,0.6320310235023499,0.707584023475647,0.3351039290428161,0.3256407976150512,0.3254029452800751,0.325210690498352,0.3261752724647522,0.3264285326004028,0.3268472254276275,0.3294829428195953,0.3319419026374817,0.3448212444782257,0.345694363117218,0.3832224905490875,0.3785373270511627,0.4640779495239258,0.4682242572307586,0.5263223648071289,0.5398389101028442,0.5434191226959229,0.5566648244857788,0.5387914180755615,0.5534670352935791,0.5349982380867004,0.5474451780319214,0.5389444231987,0.5408144593238831,0.6149143576622009,0.6171011328697205,0.7001511454582214,0.7084353566169739,0.7161363959312439,0.7279390692710876,0.7124922871589661,0.7211780548095703,-0.0727692544460296,-0.0632907003164291,-0.063307374715805,-0.0632642358541488,-0.0887556225061416,-0.0887624248862266,-0.0888439863920211,-0.0106593612581491,-0.1252852380275726,-0.0491960421204566,-0.0824065059423446,0.0659618899226188,-0.1736297458410263,0.0921164974570274,-0.2099228799343109,0.0415672361850738,-0.2053883373737335,0.037566240876913,-0.2335866242647171,0.0191972218453884,-0.2330382615327835,0.0328122377395629,-0.2022852003574371,0.0774268582463264,-0.07755858451128,0.1850700974464416,0.0147959096357226,0.2965663969516754,0.1415459364652633,0.3064970672130584,0.152615413069725,0.2849586606025696,0.1126571148633956,Walk-From-Chair
255,0.9839274883270264,0.9613674283027648,0.9567500948905944,0.9663088321685792,0.972698450088501,0.9736100435256958,0.978665053844452,0.9020495414733888,0.9674232602119446,0.9677345752716064,0.9824014902114868,0.993985652923584,0.9998236894607544,0.0188278015702962,0.95683354139328,0.0494383350014686,0.9164295196533204,0.0682280212640762,0.8838276267051697,0.0686006993055343,0.8723993301391602,0.0661189779639244,0.8093509078025818,0.9966984391212464,0.9974490404129028,0.4704969227313995,0.94143807888031,0.7106983065605164,0.9574621319770812,0.7928352355957031,0.924525499343872,0.7748233079910278,0.9323453903198242,0.6362459659576416,0.6326571702957153,0.6327189207077026,0.6327744126319885,0.6300797462463379,0.6280642151832581,0.6259238123893738,0.6252844333648682,0.6168249845504761,0.6361061334609985,0.632888913154602,0.6143472790718079,0.6105700731277466,0.6147691011428833,0.6052330136299133,0.6279419660568237,0.6261006593704224,0.6300050616264343,0.627367377281189,0.6309187412261963,0.6329131722450256,0.6281679272651672,0.6320119500160217,0.6248034238815308,0.6298888921737671,0.6175187826156616,0.6585677862167358,0.6022161245346069,0.6785746216773987,0.5929997563362122,0.6687138080596924,0.6345385313034058,0.7130669355392456,0.3356941044330597,0.3261500895023346,0.3258679509162903,0.3256353437900543,0.3268315494060516,0.3271610140800476,0.3276545703411102,0.329833835363388,0.3326919674873352,0.345422625541687,0.34650319814682,0.383387953042984,0.3795404136180877,0.4639608263969421,0.4679674804210663,0.5263115167617798,0.5402058362960815,0.5434457063674927,0.5573663711547852,0.5393288135528564,0.5545471906661987,0.5344402194023132,0.5483797788619995,0.538787841796875,0.53971266746521,0.6149731278419495,0.61264568567276,0.7009222507476807,0.7085052728652954,0.7176032662391663,0.7289050817489624,0.7130060791969299,0.7195490002632141,-0.0794384554028511,-0.0682953670620918,-0.0682996809482574,-0.0682405084371566,-0.092892862856388,-0.0928840190172195,-0.0929274633526802,-0.0131821678951382,-0.127848207950592,-0.0517522394657135,-0.0838190168142318,0.0705824717879295,-0.1769042015075683,0.1025165915489196,-0.2130370587110519,0.0556091181933879,-0.2068870365619659,0.0525650978088378,-0.2389369308948516,0.0334011688828468,-0.23881296813488,0.0459190644323825,-0.2047137022018432,0.0809644609689712,-0.0811500400304794,0.1874484717845916,0.0116094425320625,0.2945798337459564,0.129599779844284,0.3040378093719482,0.1395030319690704,0.2823911607265472,0.1011464595794677,Walk-From-Chair
256,0.9854710698127748,0.965060293674469,0.9608891010284424,0.9695248007774352,0.9753140211105348,0.976144313812256,0.9807168245315552,0.911341428756714,0.9705511331558228,0.9708294868469238,0.98409503698349,0.9944372177124025,0.9998387694358826,0.0199259929358959,0.9580437541007996,0.052701361477375,0.9189358949661256,0.0720995739102363,0.8871660828590393,0.0724837332963943,0.8760462403297424,0.0700143352150917,0.8145394921302795,0.9969807267189026,0.9976802468299866,0.5077660083770752,0.9468773007392884,0.7321109771728516,0.9611116647720336,0.8084431886672974,0.9304081797599792,0.7856536507606506,0.9368312954902648,0.6369019746780396,0.6327905058860779,0.6326714754104614,0.6325811147689819,0.6307500600814819,0.6290992498397827,0.6274015307426453,0.6260319948196411,0.6193803548812866,0.6362016201019287,0.6333698034286499,0.6187876462936401,0.6127995252609253,0.621785044670105,0.6075699925422668,0.6344682574272156,0.6274002194404602,0.6338706612586975,0.6284511685371399,0.6348365545272827,0.6342260241508484,0.633529543876648,0.6335116624832153,0.6264919638633728,0.6303867101669312,0.6183967590332031,0.660554051399231,0.6023936867713928,0.6814536452293396,0.5924561619758606,0.6716088056564331,0.6359220743179321,0.7169941663742065,0.3342663049697876,0.3253944516181946,0.325197696685791,0.3250530362129211,0.3260432481765747,0.3264341950416565,0.3269711434841156,0.3294061124324798,0.3320059478282928,0.3434391021728515,0.344669908285141,0.383438766002655,0.3788703978061676,0.4635151028633117,0.4638595283031463,0.5263598561286926,0.5392040014266968,0.5428749322891235,0.5571997165679932,0.5394116044044495,0.5545414090156555,0.5351238250732422,0.5482608079910278,0.5385504961013794,0.5383526086807251,0.6122008562088013,0.6122920513153076,0.7009022235870361,0.7083002924919128,0.7179002165794373,0.728934109210968,0.7132068276405334,0.7190399765968323,-0.0805964171886444,-0.0706254243850708,-0.0706145092844963,-0.0705454349517822,-0.0947558805346489,-0.094740979373455,-0.0947726517915725,-0.0168959368020296,-0.1290146857500076,-0.0539029315114021,-0.0854272991418838,0.0697325468063354,-0.1771658509969711,0.1012507826089859,-0.2176757752895355,0.0607516542077064,-0.2236353904008865,0.0593850240111351,-0.255393773317337,0.037870917469263,-0.2530376315116882,0.0502228960394859,-0.2218015193939209,0.0809221267700195,-0.0810945481061935,0.1847514808177948,0.0029891123995184,0.2930994927883148,0.1049085855484008,0.3025479614734649,0.1130678653717041,0.2774310111999511,0.0689337775111198,Walk-From-Chair
257,0.9867409467697144,0.9679993987083436,0.9642010927200316,0.9720852375030518,0.9774253964424132,0.9781914353370668,0.9823841452598572,0.9187485575675964,0.973131775856018,0.9734224677085876,0.98553067445755,0.9947842955589294,0.999850869178772,0.0200815889984369,0.9589514136314392,0.0524867288768291,0.9213867783546448,0.0721158161759376,0.8905786275863647,0.072436936199665,0.8797240853309631,0.0701951533555984,0.8196191787719727,0.9971924424171448,0.9978629350662231,0.5320192575454712,0.9512964487075806,0.748039960861206,0.9642035365104676,0.8222894668579102,0.935775876045227,0.7917719483375549,0.9399296045303344,0.6429014801979065,0.6382588148117065,0.6377238035202026,0.637108325958252,0.6370669007301331,0.6357231736183167,0.6342636942863464,0.6279407739639282,0.6250685453414917,0.642011821269989,0.6401907205581665,0.6196219325065613,0.6162490248680115,0.624775230884552,0.611756443977356,0.6386452913284302,0.6321843266487122,0.636212944984436,0.6312556266784668,0.637373685836792,0.6364635229110718,0.6370125412940979,0.6362891793251038,0.6290687322616577,0.6351302266120911,0.6213632822036743,0.6627524495124817,0.6025131344795227,0.6826356649398804,0.5921097993850708,0.6734722852706909,0.6350424885749817,0.718010663986206,0.3342590034008026,0.3253826200962066,0.3251819610595703,0.3250293433666229,0.3259904086589813,0.3263145089149475,0.3267434537410736,0.3293687105178833,0.3317374289035797,0.3434630334377289,0.3446616530418396,0.3834389746189117,0.3797295391559601,0.4633088111877441,0.4664722979068756,0.5264298915863037,0.5398648381233215,0.5433416366577148,0.5578475594520569,0.5412192940711975,0.5554206967353821,0.5354618430137634,0.5489749312400818,0.5385200381278992,0.5379208922386169,0.6113628149032593,0.612548828125,0.7005286812782288,0.7089172005653381,0.71788489818573,0.7297378182411194,0.7135242223739624,0.7191429138183594,-0.0884336307644844,-0.07830860465765,-0.0783142000436782,-0.0782588347792625,-0.1046247333288192,-0.1046192273497581,-0.1046734824776649,-0.0220809839665889,-0.1424793750047683,-0.0623419880867004,-0.0969087854027748,0.0617824979126453,-0.1907615065574646,0.092138223350048,-0.230546236038208,0.0393505841493606,-0.2343953549861908,0.0330066457390785,-0.2667030692100525,0.0130946617573499,-0.2647214829921722,0.028621818870306,-0.2332660853862762,0.0819369554519653,-0.0820976793766021,0.1944745033979416,0.0196273643523454,0.3150780498981476,0.1505451053380966,0.3260099589824676,0.1621903181076049,0.2992188632488251,0.1166295409202575,Walk-From-Chair
258,0.9879497289657592,0.9708407521247864,0.9673917293548584,0.974564015865326,0.9794504642486572,0.980154514312744,0.9839778542518616,0.925914227962494,0.9755820631980896,0.975869357585907,0.9868726134300232,0.9951505661010742,0.9998621344566344,0.0207931231707334,0.9596679210662842,0.0534992180764675,0.9229366183280944,0.073504127562046,0.892707109451294,0.0737769156694412,0.8820725679397583,0.0716852322220802,0.8229202628135681,0.9974119663238524,0.9980371594429016,0.5598981380462646,0.9553297162055968,0.7645151615142822,0.966910183429718,0.8355952501296997,0.940360188484192,0.7992212772369385,0.9425519704818726,0.6455473303794861,0.6407056450843811,0.6401707530021667,0.6395634412765503,0.639499843120575,0.6380904912948608,0.6365140080451965,0.630947470664978,0.6273459196090698,0.6447027325630188,0.6428343653678894,0.6279489398002625,0.6181527376174927,0.6292043924331665,0.6144441366195679,0.6394820809364319,0.6350608468055725,0.640381932258606,0.6346442103385925,0.6410627365112305,0.6398749947547913,0.6404727101325989,0.6393930912017822,0.6334394812583923,0.6366994976997375,0.6221100687980652,0.6664410829544067,0.6022005081176758,0.683230459690094,0.5920141935348511,0.67363440990448,0.6343203783035278,0.7190150618553162,0.3342801332473755,0.3254248797893524,0.325229674577713,0.3250799477100372,0.3259938657283783,0.3263099789619446,0.3267115354537964,0.3294456601142883,0.3317131996154785,0.3434778749942779,0.3446595370769501,0.3839665949344635,0.379967600107193,0.4633039832115173,0.4667082130908966,0.5268541574478149,0.5407307147979736,0.5448369383811951,0.5591122508049011,0.5437632203102112,0.556811511516571,0.5372048020362854,0.5499595999717712,0.538429856300354,0.5383308529853821,0.6127251982688904,0.6142429709434509,0.7010074853897095,0.7093150019645691,0.7186254262924194,0.7305840253829956,0.7142366170883179,0.7191809415817261,-0.0907051414251327,-0.0806367173790931,-0.0806455463171005,-0.0805970132350921,-0.1073654070496559,-0.1073616966605186,-0.1074215769767761,-0.0233978051692247,-0.1451144963502884,-0.0647261589765548,-0.0998749583959579,0.0597786307334899,-0.192970409989357,0.0915012285113334,-0.2328288853168487,0.0387017764151096,-0.236261561512947,0.0321337766945362,-0.2682552337646484,0.0124256741255521,-0.266553521156311,0.0280687902122735,-0.2352489531040191,0.0821450278162956,-0.0823026821017265,0.1959301531314849,0.0278764758259058,0.3150076270103454,0.1674753576517105,0.3258978724479675,0.1801824122667312,0.2984038293361664,0.1365788429975509,Walk-From-Chair
259,0.9890762567520142,0.973556399345398,0.9704355001449584,0.9769272804260254,0.9813694357872008,0.98200923204422,0.9854761958122252,0.9328311681747437,0.9778972268104552,0.978139102458954,0.9881125092506408,0.995438814163208,0.9998700618743896,0.0206275675445795,0.960427463054657,0.0527047216892242,0.9228626489639282,0.0728308036923408,0.8923072814941406,0.0730521753430366,0.8815287351608276,0.0711298212409019,0.8227365612983704,0.9975854754447936,0.9981768727302552,0.5768504738807678,0.9582717418670654,0.7769721150398254,0.9689672589302064,0.8458001017570496,0.9435331225395204,0.806257963180542,0.944487988948822,0.6470556855201721,0.6426079273223877,0.642280101776123,0.6419068574905396,0.6410649418830872,0.6395843625068665,0.6379798054695129,0.6340352296829224,0.6293893456459045,0.6462576985359192,0.6439470052719116,0.6309100389480591,0.6215086579322815,0.6331067681312561,0.6183954477310181,0.6420497298240662,0.6371845602989197,0.6436771750450134,0.6380199193954468,0.6446473002433777,0.6433037519454956,0.6441102027893066,0.6427043676376343,0.638565182685852,0.6388305425643921,0.6228664517402649,0.6637309789657593,0.6020359992980957,0.6810579299926758,0.5917958617210388,0.6717963814735413,0.6338109970092773,0.7179457545280457,0.3347070813179016,0.3256263732910156,0.3254343569278717,0.3253027200698852,0.326247900724411,0.326591432094574,0.3270410001277923,0.3302279412746429,0.3325172662734985,0.3444759249687195,0.3456108272075653,0.3865381777286529,0.3821381032466888,0.4634920060634613,0.4670825004577636,0.5272501111030579,0.5409303903579712,0.5447149872779846,0.5594639182090759,0.5437204241752625,0.5570955276489258,0.5383434891700745,0.5501769185066223,0.542397141456604,0.5420047640800476,0.6152487397193909,0.6175090670585632,0.7018006443977356,0.7100160121917725,0.7189093828201294,0.7308927178382874,0.7150012850761414,0.721449077129364,-0.0931125730276107,-0.0829101949930191,-0.0829221829771995,-0.0828815549612045,-0.1091742068529129,-0.1091757863759994,-0.1092273220419883,-0.0246475152671337,-0.1445937603712082,-0.0671516433358192,-0.1016817465424537,0.0567576214671134,-0.1924535185098648,0.0906341671943664,-0.2325737923383712,0.0428431406617164,-0.2301837503910064,0.0365073531866073,-0.2607390284538269,0.0175392571836709,-0.2590767741203308,0.0326069667935371,-0.2292361706495285,0.0797416716814041,-0.0798742100596427,0.1898347437381744,0.0379487015306949,0.3054727613925934,0.180375799536705,0.3156149685382843,0.1932951360940933,0.28691166639328,0.1500530838966369,Walk-From-Chair
260,0.9896835684776306,0.9750566482543944,0.9721283316612244,0.9782640337944032,0.9824095964431764,0.982974886894226,0.986287534236908,0.9367747902870178,0.9792170524597168,0.9794870615005492,0.9888197183609008,0.9954583644866944,0.9998631477355956,0.0204179212450981,0.9585502743721008,0.0519635789096355,0.9191713333129884,0.0723632425069809,0.8881127238273621,0.0724651142954826,0.8769553899765015,0.070583201944828,0.8172915577888489,0.9975751638412476,0.9981577396392822,0.5721988081932068,0.9562195539474488,0.7747215032577515,0.9672508239746094,0.8480143547058105,0.9423704147338868,0.7998474836349487,0.938776433467865,0.6537806987762451,0.6490634679794312,0.6486149430274963,0.6480869650840759,0.6476889848709106,0.6462176442146301,0.6445592641830444,0.6387696862220764,0.6347998976707458,0.6528350114822388,0.651068389415741,0.6333858370780945,0.6255683898925781,0.6356450319290161,0.622722864151001,0.6461334824562073,0.6402856111526489,0.647413432598114,0.6414099931716919,0.6475704312324524,0.6463620662689209,0.647079348564148,0.6456748247146606,0.6408348679542542,0.6436775326728821,0.6246146559715271,0.6638559699058533,0.6018500328063965,0.6790561079978943,0.5916639566421509,0.6708256006240845,0.6335558295249939,0.7158917784690857,0.3355345129966736,0.3267991840839386,0.3266893029212951,0.3266392946243286,0.3272263407707214,0.3274985253810882,0.3278869092464447,0.3320236504077911,0.3337718546390533,0.3456671833992004,0.3466187119483948,0.3872976005077362,0.3833667933940887,0.4648346602916717,0.4686831533908844,0.5296826958656311,0.5411199331283569,0.5459452271461487,0.5600136518478394,0.5454722046852112,0.5577930808067322,0.5388151407241821,0.5507757663726807,0.5437553524971008,0.5433543920516968,0.6168245673179626,0.6206228137016296,0.7019119262695312,0.7118533253669739,0.719465434551239,0.7326349020004272,0.7154262065887451,0.7236964106559753,-0.0805868431925773,-0.0698319375514984,-0.0698589533567428,-0.0698335841298103,-0.0954383313655853,-0.0954384356737136,-0.0955005288124084,-0.0140791060402989,-0.130265325307846,-0.0561050362884998,-0.0895984321832656,0.0586283281445503,-0.1761921644210815,0.0867539271712303,-0.215351864695549,0.0385802537202835,-0.2121388614177703,0.0327111445367336,-0.2397708594799041,0.0153413712978363,-0.236760213971138,0.0290721710771322,-0.2106614410877227,0.0756467208266258,-0.0757631510496139,0.1728025376796722,0.0316345319151878,0.2763460278511047,0.1647386848926544,0.2850213050842285,0.1765803396701812,0.2552223205566406,0.1345466673374176,Walk-From-Chair
261,0.989979088306427,0.9758550524711608,0.9729926586151124,0.9789881706237792,0.9829117655754088,0.983392298221588,0.9867207407951356,0.9385849833488464,0.980023205280304,0.9803054928779602,0.9892712235450744,0.9954066276550292,0.9998569488525392,0.01978749781847,0.9578593969345092,0.050386618822813,0.9164788126945496,0.0707015022635459,0.8846476078033447,0.0707485079765319,0.8731667399406433,0.0689894258975982,0.8129850625991821,0.9975120425224304,0.9981099963188172,0.5534156560897827,0.9522162079811096,0.7676124572753906,0.965291440486908,0.845207691192627,0.9400931000709534,0.7967627644538879,0.93576580286026,0.6581587791442871,0.6535341143608093,0.6530333757400513,0.6524474024772644,0.6524273753166199,0.6510939598083496,0.6495398283004761,0.6432839632034302,0.639640748500824,0.6572923064231873,0.6557341814041138,0.6355674266815186,0.6306658983230591,0.6382719278335571,0.6254433393478394,0.6483102440834045,0.6450749039649963,0.6504225730895996,0.6454747319221497,0.6509608626365662,0.6504813432693481,0.6504522562026978,0.6496521234512329,0.6435102224349976,0.645300030708313,0.6284099817276001,0.6624500751495361,0.6016051769256592,0.6779084801673889,0.5915589332580566,0.6703034043312073,0.6333433389663696,0.7143005132675171,0.3360873758792877,0.3271988332271576,0.3270795047283172,0.3270110487937927,0.3275663256645202,0.3277754783630371,0.3280926942825317,0.3323155641555786,0.3340478539466858,0.3461062014102936,0.347000777721405,0.387194961309433,0.3833323419094085,0.4650765359401703,0.4701747596263885,0.5311815142631531,0.5416642427444458,0.5462703108787537,0.5605104565620422,0.5457980632781982,0.5580822825431824,0.5407946109771729,0.5512534379959106,0.5433547496795654,0.5431562662124634,0.6232092976570129,0.6236153841018677,0.7019002437591553,0.7123323678970337,0.7196155190467834,0.7329280376434326,0.715566098690033,0.725592315196991,-0.0790270864963531,-0.068204216659069,-0.0682343095541,-0.0682118982076644,-0.094261810183525,-0.094268150627613,-0.094338908791542,-0.0127006452530622,-0.1305190920829773,-0.0547402575612068,-0.0887152254581451,0.0600273311138153,-0.1774972677230835,0.0850202292203903,-0.2150189578533172,0.0358748845756053,-0.2061395198106765,0.0297469235956668,-0.2332133054733276,0.0128696877509355,-0.2296758443117141,0.0262487977743148,-0.2043331861495971,0.0749787092208862,-0.0750740841031074,0.1717323958873748,0.0301296953111886,0.2794759571552276,0.1623592525720596,0.2884314656257629,0.1738526076078415,0.2573251128196716,0.1293023526668548,Walk-From-Chair
262,0.9909692406654358,0.9782410860061646,0.9756540060043336,0.9810458421707152,0.984604835510254,0.9850375652313232,0.9880358576774596,0.9445924758911132,0.9820050001144408,0.9822134375572203,0.990315854549408,0.9956255555152892,0.9998660683631896,0.0199322439730167,0.9582409262657166,0.0518547631800174,0.9133792519569396,0.0728839933872222,0.8799429535865784,0.0730257257819175,0.8685738444328308,0.0710223466157913,0.809000551700592,0.9976040124893188,0.9982250928878784,0.5651331543922424,0.9546691179275512,0.7775251269340515,0.9671455025672911,0.8520259261131287,0.942617416381836,0.8027956485748291,0.9380731582641602,0.6554834842681885,0.6527433395385742,0.653103232383728,0.6535746455192566,0.6500589847564697,0.6484111547470093,0.6466480493545532,0.6494288444519043,0.6381101608276367,0.6560053825378418,0.6523688435554504,0.6420830488204956,0.6307617425918579,0.6425079107284546,0.6266366243362427,0.6581957340240479,0.6501770615577698,0.6597621440887451,0.651333212852478,0.6602301597595215,0.6559973955154419,0.6593710780143738,0.6554928421974182,0.6455960869789124,0.6484758853912354,0.62734055519104,0.6652798056602478,0.6017510294914246,0.677739143371582,0.5917359590530396,0.6703651547431946,0.6331673860549927,0.713830828666687,0.3400160372257232,0.329738587141037,0.3295278549194336,0.3296215832233429,0.3302768170833587,0.3305559456348419,0.3309156000614166,0.3345873951911926,0.3363014161586761,0.3503877520561218,0.3516142964363098,0.390149176120758,0.3874020576477051,0.4656297266483307,0.4725092649459839,0.5301759839057922,0.5420897603034973,0.5459811687469482,0.5608454942703247,0.5453874468803406,0.5581639409065247,0.5391071438789368,0.5514024496078491,0.5461267232894897,0.5463055372238159,0.6225106120109558,0.6243600845336914,0.7009843587875366,0.7123772501945496,0.7191478610038757,0.7328536510467529,0.7156112790107727,0.7255404591560364,-0.1406426727771759,-0.1255089491605758,-0.1254947185516357,-0.1254689991474151,-0.1450107991695404,-0.1450233161449432,-0.1450400054454803,-0.0454268679022789,-0.1326645761728286,-0.1075330227613449,-0.1326773166656494,0.0513071343302726,-0.1764993965625763,0.0848873779177665,-0.212034985423088,0.0485117137432098,-0.2063843756914138,0.0458637438714504,-0.2315233647823333,0.0304384790360927,-0.2296335399150848,0.0402112118899822,-0.2049076557159423,0.0726444870233535,-0.0727851241827011,0.1722593009471893,0.0390714332461357,0.2789788842201233,0.1730993092060089,0.2880157232284546,0.1855694949626922,0.258678525686264,0.1525816023349762,Walk-From-Chair
263,0.9917420744895936,0.9801068305969238,0.9777349829673768,0.9826682209968568,0.9859306812286376,0.9863163232803344,0.9890676140785216,0.9493945240974426,0.9835864305496216,0.983768343925476,0.991162359714508,0.9958090782165528,0.9998673796653748,0.0201712530106306,0.9576359987258912,0.0510065667331218,0.9091061353683472,0.0719257667660713,0.8746610879898071,0.0720422193408012,0.8629018068313599,0.0701599344611167,0.8023899793624878,0.9976841807365416,0.9982870817184448,0.5744083523750305,0.955270290374756,0.7862592339515686,0.9679705500602722,0.8589427471160889,0.943530797958374,0.8082811236381531,0.9379788041114808,0.6652027368545532,0.6608604788780212,0.6607445478439331,0.6606128811836243,0.6588463187217712,0.6571983098983765,0.6553122997283936,0.6530187129974365,0.6458130478858948,0.6652412414550781,0.6627680063247681,0.6507697105407715,0.6362179517745972,0.64874666929245,0.6307585835456848,0.6625045537948608,0.6506859064102173,0.6655560731887817,0.652961015701294,0.664880633354187,0.6577486991882324,0.6635884642601013,0.6570525765419006,0.6504834294319153,0.6519228219985962,0.6303080320358276,0.6687322854995728,0.6016480922698975,0.6779747605323792,0.5917099714279175,0.6704314947128296,0.632514476776123,0.7140434980392456,0.3385853171348572,0.3289918899536133,0.3288106024265289,0.3288741111755371,0.3295092284679413,0.3298089206218719,0.3302579522132873,0.334527850151062,0.3362217247486114,0.3488739728927612,0.3499949276447296,0.3898388147354126,0.3869900703430176,0.4666649997234344,0.4728396236896515,0.5304857492446899,0.5419377088546753,0.5468747615814209,0.5607559680938721,0.5453203916549683,0.5580384135246277,0.5390515923500061,0.5509545803070068,0.545659601688385,0.5456057190895081,0.61928790807724,0.6231053471565247,0.7008857727050781,0.7128981351852417,0.7189649343490601,0.7331429123878479,0.7156417965888977,0.7267657518386841,-0.1299175322055816,-0.1172202676534652,-0.1172330379486084,-0.1172673106193542,-0.1383805871009826,-0.1383679956197738,-0.1383298933506012,-0.0419999174773693,-0.1342210918664932,-0.1036811918020248,-0.13042052090168,0.0509256012737751,-0.1775953769683838,0.0831675678491592,-0.2136201113462448,0.0479976832866668,-0.209551066160202,0.0448765680193901,-0.2359970510005951,0.0285548903048038,-0.2336440086364746,0.0393139123916626,-0.2080287933349609,0.0726415142416954,-0.0727726444602012,0.1725604832172393,0.0378264114260673,0.2802682220935821,0.1793064177036285,0.2893363535404205,0.1923104375600814,0.2602485418319702,0.1524315476417541,Walk-From-Chair
264,0.9923689961433412,0.9816856980323792,0.9794464111328124,0.9839706420898438,0.987069845199585,0.9874082803726196,0.9899585843086244,0.953183650970459,0.9849621653556824,0.984953999519348,0.9918203353881836,0.995761215686798,0.9998668432235718,0.0195921827107667,0.9577652812004088,0.0496561527252197,0.9068267345428468,0.0703274086117744,0.8713863492012024,0.0704746171832084,0.8594841361045837,0.068735122680664,0.7990341782569885,0.9975975751876832,0.9982746243476868,0.5630524754524231,0.9532175064086914,0.7833315134048462,0.9667696952819824,0.8581829071044922,0.9420285820961,0.8060667514801025,0.9355599284172058,0.6668916344642639,0.6623877286911011,0.6623362898826599,0.6623827219009399,0.6599041223526001,0.6579244136810303,0.6559698581695557,0.655022144317627,0.6471731662750244,0.6672049760818481,0.6630034446716309,0.6494188904762268,0.63924640417099,0.6493414044380188,0.6365275382995605,0.6612688302993774,0.6577320694923401,0.6655233502388,0.6588912606239319,0.6657657027244568,0.6640519499778748,0.663374125957489,0.6638042330741882,0.6519161462783813,0.6548777222633362,0.6312373876571655,0.6687216758728027,0.6020628213882446,0.6785311698913574,0.5916408896446228,0.6704007983207703,0.6328054666519165,0.714299201965332,0.3373057544231415,0.3273335099220276,0.327081024646759,0.3270420134067535,0.3281812965869903,0.3287318050861358,0.3294868767261505,0.3327268362045288,0.3355828523635864,0.3475741147994995,0.3496531248092651,0.3896422088146209,0.3871860802173614,0.4660569131374359,0.4732364118099212,0.5305978655815125,0.5425495505332947,0.5468465089797974,0.5611908435821533,0.5453739166259766,0.5583905577659607,0.5406913161277771,0.5516664981842041,0.545013427734375,0.545304536819458,0.6174245476722717,0.622441291809082,0.6994850635528564,0.7133675217628479,0.7183315753936768,0.7336326241493225,0.7155564427375793,0.7279021143913269,-0.1189720183610916,-0.1068068593740463,-0.1068117469549179,-0.10679791867733,-0.1306433081626892,-0.1306503713130951,-0.1306861340999603,-0.0391540564596653,-0.1436950862407684,-0.0913709253072738,-0.1220698356628418,0.0518180839717388,-0.1875535547733307,0.0853793695569038,-0.221837431192398,0.0543036386370658,-0.2144249379634857,0.0519381947815418,-0.2396787703037262,0.0351029522716999,-0.2383105307817459,0.0452837385237216,-0.2130648642778396,0.073055200278759,-0.0731761008501052,0.1802169978618621,0.0368781462311744,0.2966622710227966,0.1710892617702484,0.3064592778682709,0.1831687092781067,0.278662621974945,0.1420263797044754,Walk-From-Chair
265,0.9927588701248168,0.9826509356498718,0.980513632297516,0.9847758412361144,0.9877692461013794,0.988093912601471,0.9905296564102172,0.9557569622993468,0.9858775734901428,0.9857851266860962,0.992274045944214,0.995836853981018,0.9998660683631896,0.0194143783301115,0.9550330638885498,0.0487059988081455,0.9010092616081238,0.0691766217350959,0.8652799725532532,0.0693035349249839,0.8533084392547607,0.0675926059484481,0.7919021248817444,0.9976178407669068,0.9982958436012268,0.5781392455101013,0.953823983669281,0.7912869453430176,0.96716570854187,0.8645872473716736,0.9429695010185242,0.8075413107872009,0.9341738820075988,0.6736990213394165,0.6687776446342468,0.6685963273048401,0.6684399843215942,0.6666111946105957,0.6647821664810181,0.6628090739250183,0.6602011322975159,0.6533163189888,0.673418402671814,0.6705414056777954,0.6500537991523743,0.6463854312896729,0.6506857872009277,0.6423612833023071,0.6640938520431519,0.6607440114021301,0.6642917394638062,0.6620687246322632,0.6649839282035828,0.6665359735488892,0.6643546223640442,0.6661166548728943,0.6532682180404663,0.6607753038406372,0.6336369514465332,0.6718969345092773,0.6028944253921509,0.6792737245559692,0.591629147529602,0.6707016229629517,0.6327643990516663,0.7165544629096985,0.3360104560852051,0.3267209827899933,0.3264971971511841,0.3264512121677398,0.3275114297866821,0.3280304670333862,0.3287924528121948,0.3322754502296448,0.3351805806159973,0.3464919626712799,0.3484038710594177,0.3867120146751404,0.385999321937561,0.4660423696041107,0.4731385409832001,0.5315303206443787,0.5422043204307556,0.5467646718025208,0.5609796643257141,0.5453405976295471,0.5581278204917908,0.5409438610076904,0.5514883399009705,0.5420452356338501,0.5432881116867065,0.6149678826332092,0.6196892261505127,0.6970652937889099,0.7135397791862488,0.7152860760688782,0.7334354519844055,0.7155758142471313,0.7284386157989502,-0.1089598685503006,-0.0990230441093444,-0.0990227311849594,-0.0990046486258506,-0.1236308962106704,-0.1236278563737869,-0.1236802116036415,-0.0377105064690113,-0.1429469287395477,-0.0842413306236267,-0.1161061152815818,0.0524973087012767,-0.1872631162405014,0.0858957394957542,-0.2221047580242157,0.056885577738285,-0.214708000421524,0.0547567680478096,-0.2403346300125122,0.0378570593893528,-0.2385790795087814,0.0479782931506633,-0.2132955491542816,0.0735522732138633,-0.0737018808722496,0.1803056597709655,0.0244449637830257,0.295125663280487,0.1589375287294387,0.3048346638679504,0.1715987473726272,0.2774163484573364,0.1348855793476104,Walk-From-Chair
266,0.9933247566223145,0.9840679168701172,0.9820143580436708,0.9858729243278505,0.988810122013092,0.9890955686569214,0.9913381934165956,0.9587982892990112,0.987082302570343,0.9866164922714232,0.9927579760551452,0.9954362511634828,0.9998604655265808,0.0187350530177354,0.9532658457756042,0.0479549206793308,0.8949328660964966,0.0683641880750656,0.8577072024345398,0.0685604512691497,0.845668613910675,0.0666667968034744,0.7843234539031982,0.9973828196525574,0.998206913471222,0.5748561024665833,0.949704110622406,0.7878262996673584,0.9648147821426392,0.8632570505142212,0.9417781829833984,0.8005725145339966,0.9301154017448424,0.6727201342582703,0.6697167158126831,0.6698609590530396,0.6701278686523438,0.6670514345169067,0.6649398803710938,0.6630380153656006,0.6639597415924072,0.6545339822769165,0.6744810938835144,0.6704921722412109,0.6555159091949463,0.648848831653595,0.6577862501144409,0.6471118927001953,0.6711465716362,0.6690362691879272,0.6746081709861755,0.6695550084114075,0.670697808265686,0.673645555973053,0.6701952219009399,0.673431396484375,0.6567923426628113,0.664596438407898,0.6377393007278442,0.6732875108718872,0.6047729253768921,0.6795415878295898,0.5922638177871704,0.6705089807510376,0.6322536468505859,0.7162601947784424,0.3360978960990906,0.3266612589359283,0.3264301717281341,0.3263851404190063,0.3274131715297699,0.3278691470623016,0.3285427689552307,0.3316916823387146,0.3339137434959411,0.3465056717395782,0.3483674824237823,0.3866621851921081,0.3864438831806183,0.4660206139087677,0.470386654138565,0.525614857673645,0.5381125211715698,0.5423194766044617,0.5582963228225708,0.537734866142273,0.5553634762763977,0.5358543395996094,0.5487146973609924,0.5396658182144165,0.5398911833763123,0.6104414463043213,0.6166405081748962,0.6942246556282043,0.7134864330291748,0.7103220224380493,0.7335213422775269,0.7154563069343567,0.7293957471847534,-0.1085277572274208,-0.09593266248703,-0.0959313586354255,-0.0959067121148109,-0.1200596913695335,-0.1200603023171424,-0.1201157122850418,-0.030656948685646,-0.1236525028944015,-0.081076867878437,-0.1128663569688797,0.0672416314482688,-0.1713200658559799,0.0979669243097305,-0.2061946094036102,0.0669609308242797,-0.1980047225952148,0.0656045451760292,-0.2207028567790985,0.0505781285464763,-0.2181426733732223,0.0585980340838432,-0.1958447992801666,0.0736830085515976,-0.0738308727741241,0.1566403806209564,0.008598637767136,0.2494131624698639,0.1210578307509422,0.2567867636680603,0.1309957355260849,0.2333532124757766,0.0952667072415351,Walk-From-Chair
267,0.9939305186271667,0.9855108261108398,0.9836248755455016,0.9871296882629396,0.9898351430892944,0.9900928139686584,0.992133617401123,0.9624456167221068,0.9882736206054688,0.9878343939781188,0.99341881275177,0.9957318902015686,0.999869167804718,0.0199478957802057,0.9548288583755492,0.0505153052508831,0.8962586522102356,0.0708842426538467,0.8587952256202698,0.0712096914649009,0.847100019454956,0.0690968483686447,0.7859764695167542,0.9975247383117676,0.9983216524124146,0.5921171307563782,0.9524869322776794,0.798407793045044,0.96678364276886,0.8705384135246277,0.9447636604309082,0.8079005479812622,0.9333651065826416,0.6821032166481018,0.6775356531143188,0.6773673892021179,0.6772114634513855,0.6750143766403198,0.672965943813324,0.6706997752189636,0.6688587069511414,0.6608798503875732,0.6819479465484619,0.6789833307266235,0.6637868285179138,0.6540273427963257,0.664229154586792,0.6496961116790771,0.6752301454544067,0.6694760322570801,0.676397442817688,0.67076575756073,0.6756852865219116,0.675512969493866,0.6753630638122559,0.6751890778541565,0.6679196357727051,0.6683064699172974,0.6433793306350708,0.6774777770042419,0.6058778166770935,0.6805015206336975,0.5935906767845154,0.670203447341919,0.6322146654129028,0.7169684767723083,0.330777645111084,0.3227237164974212,0.3225747048854828,0.3225160837173462,0.3232000768184662,0.3235235810279846,0.324099451303482,0.3277638852596283,0.3299900889396667,0.3413936197757721,0.3432016372680664,0.3823536038398742,0.3799873888492584,0.4624878466129303,0.4626094400882721,0.528368353843689,0.5374754667282104,0.5434449911117554,0.5582255721092224,0.540202796459198,0.5550742745399475,0.5377349257469177,0.5485928654670715,0.5289599895477295,0.5315806865692139,0.6074396967887878,0.6125747561454773,0.6912849545478821,0.7134309411048889,0.7046970129013062,0.7334161400794983,0.715175211429596,0.730194628238678,-0.1067196354269981,-0.0945880115032196,-0.094585932791233,-0.0945540219545364,-0.1192302256822586,-0.1192338317632675,-0.1192923188209533,-0.0302053056657314,-0.1356875896453857,-0.0794114768505096,-0.1115764826536178,0.0653263181447982,-0.1859102696180343,0.0969645529985427,-0.2274972945451736,0.0656898766756057,-0.2315623462200164,0.0638754218816757,-0.2588944435119629,0.0457848384976387,-0.2571589946746826,0.0579748563468456,-0.2299847155809402,0.0774762779474258,-0.077618770301342,0.1646440327167511,-0.0151732098311185,0.2678412199020386,0.0866171270608902,0.2754144370555877,0.0949394851922988,0.2388427257537841,0.0460045225918293,Walk-From-Chair
268,0.9942950010299684,0.9863254427909852,0.984386682510376,0.98753160238266,0.9904818534851074,0.9907105565071106,0.9926328659057616,0.9631301164627076,0.9891412258148192,0.9883832931518556,0.9938052892684937,0.9957702159881592,0.9998733997344972,0.0192990507930517,0.9562122225761414,0.0499056354165077,0.8980836868286133,0.0707523673772811,0.8604968190193176,0.0711216181516647,0.8487802147865295,0.0689738914370536,0.7888036966323853,0.9976632595062256,0.9984228014945984,0.5787748098373413,0.9497585892677308,0.8043950200080872,0.9669216275215148,0.8739809393882751,0.9425827860832214,0.8186790943145752,0.935887575149536,0.6794425249099731,0.6772384643554688,0.6775873899459839,0.6780802607536316,0.6746010780334473,0.6733188629150391,0.6720125675201416,0.6740657091140747,0.6656681299209595,0.6843683123588562,0.6805871725082397,0.6699494123458862,0.6606146097183228,0.6708324551582336,0.6541346907615662,0.6813989877700806,0.6793504357337952,0.6839544177055359,0.6791626214981079,0.6808595657348633,0.6823189854621887,0.6810727119445801,0.6827170848846436,0.6720261573791504,0.6713589429855347,0.6573687791824341,0.675412118434906,0.6146416664123535,0.6810060739517212,0.6011597514152527,0.6698449850082397,0.641581118106842,0.7073186039924622,0.3389922976493835,0.3256334364414215,0.325623869895935,0.3258324563503265,0.3255746960639953,0.3256454467773437,0.3260310292243957,0.3294033110141754,0.3302857279777527,0.3515355885028839,0.3521570861339569,0.3915890157222748,0.3915270864963531,0.4671228229999542,0.4736579656600952,0.5269399881362915,0.5371835231781006,0.5431565046310425,0.5575664043426514,0.5399481654167175,0.5541841387748718,0.5338190197944641,0.5480482578277588,0.5348950624465942,0.5366881489753723,0.6201690435409546,0.6227284669876099,0.689382791519165,0.7132974863052368,0.7036378383636475,0.724779486656189,0.7154099345207214,0.7300013899803162,-0.1167475432157516,-0.1040610820055008,-0.1040670648217201,-0.1040433049201965,-0.1247192621231079,-0.1247347742319107,-0.1248006969690322,-0.0366525873541832,-0.1316366344690323,-0.0886518806219101,-0.1153574734926223,0.0564208850264549,-0.1757127791643142,0.08856151252985,-0.206493929028511,0.0526808910071849,-0.2017098218202591,0.0464897602796554,-0.2261861562728881,0.0323647856712341,-0.2256732285022735,0.0451105833053588,-0.2005229294300079,0.0723468586802482,-0.0724334344267845,0.1556389182806015,0.0337762460112571,0.2538115084171295,0.1804627180099487,0.2614451050758362,0.1937015056610107,0.227674201130867,0.15199014544487,Walk-From-Chair
269,0.9939680695533752,0.985602080821991,0.9834734797477722,0.9870461225509644,0.9900646805763244,0.990241765975952,0.99237060546875,0.9617549180984496,0.9884721040725708,0.9879587888717652,0.9935463666915894,0.9955043196678162,0.9998638033866882,0.0188316572457551,0.9522730112075806,0.0487319529056549,0.8918864727020264,0.0691499263048172,0.854258120059967,0.0694791972637176,0.8419764041900635,0.0671700686216354,0.7798387408256531,0.997406542301178,0.9983258843421936,0.5741782188415527,0.946630835533142,0.803617537021637,0.9663257598876952,0.8716426491737366,0.9421293139457704,0.822169840335846,0.936558187007904,0.6920891404151917,0.6882005333900452,0.6877377033233643,0.6872414946556091,0.6869337558746338,0.6856193542480469,0.6841233372688293,0.6785435080528259,0.6742787957191467,0.6914534568786621,0.6894932985305786,0.6635653376579285,0.6683825850486755,0.6664882898330688,0.667205810546875,0.6751158237457275,0.6840943098068237,0.6771260499954224,0.6844546794891357,0.6773273348808289,0.6882001757621765,0.6771500706672668,0.6880379319190979,0.6710692644119263,0.6794649362564087,0.6566491723060608,0.683249831199646,0.6158918738365173,0.6822496056556702,0.6011940240859985,0.6698781847953796,0.6396781802177429,0.7136157751083374,0.3327958285808563,0.3219085931777954,0.3216840624809265,0.3215146362781524,0.322262704372406,0.3223558068275451,0.3225621581077575,0.3256808519363403,0.3274007439613342,0.3437899053096771,0.3445690274238586,0.3813425898551941,0.3813134133815765,0.465286523103714,0.4672135412693023,0.5246591567993164,0.5372569561004639,0.5413482189178467,0.5575277805328369,0.5390044450759888,0.5541346073150635,0.5329107046127319,0.5478324294090271,0.5253429412841797,0.528483510017395,0.6079750657081604,0.6161434650421143,0.6849406361579895,0.713383674621582,0.6941551566123962,0.7279207706451416,0.7147378325462341,0.7304691672325134,-0.082297071814537,-0.0720659643411636,-0.0720885545015335,-0.0720592141151428,-0.0973431840538978,-0.0973461642861366,-0.0974330455064773,-0.0210158191621303,-0.1314155906438827,-0.0600950308144092,-0.0927803963422775,0.0611492618918418,-0.1759597063064575,0.088399663567543,-0.2124557048082351,0.0579457096755504,-0.2129380255937576,0.0570025518536567,-0.2396396100521087,0.0412736237049102,-0.232940673828125,0.0496628135442733,-0.2101596593856811,0.0726800113916397,-0.0727682933211326,0.1602764874696731,-0.004668605979532,0.2627418041229248,0.0964085534214973,0.2710981070995331,0.1037437915802002,0.2373420745134353,0.0571628995239734,Walk-From-Chair
270,0.9945695996284484,0.9870375394821168,0.9851187467575072,0.9883308410644532,0.9910565614700316,0.9912160634994508,0.9931323528289796,0.9655357003211976,0.989623486995697,0.9891513586044312,0.9941887259483336,0.9956964254379272,0.9998762011528016,0.0206409506499767,0.9560458064079284,0.0554146617650985,0.8996308445930481,0.0761419832706451,0.8631414771080017,0.0768924131989479,0.8520063161849976,0.0737249478697776,0.793982207775116,0.9974971413612366,0.9984652996063232,0.591023325920105,0.9497972130775452,0.8170989751815796,0.9684658050537108,0.8795267343521118,0.9449040293693542,0.8340962529182434,0.9409492015838624,0.6881630420684814,0.6878210306167603,0.6890797019004822,0.6902700066566467,0.6822571754455566,0.6795419454574585,0.676977813243866,0.6880884766578674,0.6698142290115356,0.6902193427085876,0.6842082142829895,0.6877416968345642,0.6597937345504761,0.6872572302818298,0.6589338779449463,0.694927453994751,0.6797515153884888,0.7015537023544312,0.6807819604873657,0.702774167060852,0.688666045665741,0.6955636739730835,0.6881577372550964,0.682551920413971,0.6784147024154663,0.6626145839691162,0.6856228113174438,0.6187241673469543,0.6823867559432983,0.6035219430923462,0.6705825924873352,0.638719916343689,0.7145057916641235,0.3335385322570801,0.3221443295478821,0.3220283091068268,0.3219720721244812,0.3225140273571014,0.3227560818195343,0.323086678981781,0.326774001121521,0.3276537358760834,0.3450338244438171,0.3462061285972595,0.3863874673843384,0.389110267162323,0.4644535481929779,0.4698658585548401,0.518671989440918,0.5374075174331665,0.5367762446403503,0.5575342178344727,0.5348479747772217,0.554162323474884,0.5271739959716797,0.5478361248970032,0.5262673497200012,0.5293635725975037,0.6091297268867493,0.6161389946937561,0.6797216534614563,0.7125890254974365,0.6844104528427124,0.7281549572944641,0.7072877883911133,0.7307788729667664,-0.1825155615806579,-0.1623580753803253,-0.162338837981224,-0.1622900962829589,-0.1784229129552841,-0.1784442216157913,-0.178463414311409,-0.0635875016450882,-0.1360096037387848,-0.1443802863359451,-0.1647306233644485,0.0531711988151073,-0.1676793396472931,0.0873099416494369,-0.1931719183921814,0.0239664874970912,-0.212968111038208,0.0154542727395892,-0.239823430776596,-0.0023440630175173,-0.2392962276935577,0.0136861857026815,-0.2116262912750244,0.0719204992055893,-0.072035327553749,0.1748051345348358,-0.0287765115499496,0.2949428260326385,0.0546389706432819,0.303942859172821,0.0598340108990669,0.2717458605766296,6.6606437030714e-05,Walk-From-Chair
271,0.9943870902061462,0.986423909664154,0.9845069646835328,0.9879127740859984,0.99080091714859,0.9909979104995728,0.992949604988098,0.964339017868042,0.9892246723175048,0.9888399243354796,0.9940980076789856,0.995406985282898,0.9998729228973388,0.0201265159994363,0.9564443826675416,0.053623542189598,0.8994957804679871,0.0739695951342582,0.8630853891372681,0.0746767818927764,0.8518881797790527,0.0716683864593505,0.7928281426429749,0.9971964359283448,0.9983901977539062,0.5920024514198303,0.9499718546867372,0.8204174637794495,0.969115436077118,0.879925012588501,0.9454318284988404,0.8419128656387329,0.9435590505599976,0.6997222304344177,0.6965399384498596,0.6962001323699951,0.6957864165306091,0.6949170231819153,0.6934205889701843,0.6917285323143005,0.6869703531265259,0.6809113621711731,0.6980167031288147,0.6959472894668579,0.6780760288238525,0.6700497269630432,0.679341197013855,0.6683133840560913,0.6893953084945679,0.68646240234375,0.6935843825340271,0.6883190274238586,0.6950841546058655,0.6945186257362366,0.6922096610069275,0.6936870813369751,0.6815041899681091,0.6836071014404297,0.6757150888442993,0.6894590854644775,0.6279445290565491,0.6825481057167053,0.61421138048172,0.6712745428085327,0.6448595523834229,0.7156829237937927,0.3328492939472198,0.3221172392368316,0.3219499588012695,0.3218397200107574,0.3224477767944336,0.3225793540477752,0.3227998912334442,0.3265236616134643,0.327487587928772,0.3435823023319244,0.3444207608699798,0.3819945454597473,0.3816830217838287,0.4649585783481598,0.4651822447776794,0.5272572636604309,0.5380945801734924,0.546911895275116,0.5577250719070435,0.5463531613349915,0.5546126961708069,0.5388314723968506,0.5479996204376221,0.5239653587341309,0.5264756083488464,0.6092732548713684,0.6152505874633789,0.6787598729133606,0.7122188806533813,0.683521568775177,0.7282947301864624,0.7078409194946289,0.7308233380317688,-0.1088172420859336,-0.0993148982524871,-0.0993352830410003,-0.0993015393614769,-0.1261481791734695,-0.1261624842882156,-0.1262496262788772,-0.053078182041645,-0.146195575594902,-0.0872826427221298,-0.1223604083061218,0.0512004494667053,-0.1918568909168243,0.0758658722043037,-0.2283740043640136,0.0314792767167091,-0.2323739230632782,0.0269004609435796,-0.258473664522171,0.0093761123716831,-0.2542286515235901,0.0216469205915927,-0.2299048602581024,0.0722091943025589,-0.0723341330885887,0.1681658327579498,-0.0220673792064189,0.2863892912864685,0.0645309388637542,0.295509934425354,0.070117138326168,0.2628664672374725,0.0141328079625964,Walk-From-Chair
272,0.994627058506012,0.9869630336761476,0.9850420355796814,0.9881479144096376,0.9913139939308168,0.9915361404418944,0.993346631526947,0.9645276069641112,0.9898563623428344,0.9892746210098268,0.994437038898468,0.99533212184906,0.9998777508735656,0.0213539898395538,0.9588965177536012,0.055702406913042,0.904155433177948,0.0764319151639938,0.8685899376869202,0.077248029410839,0.8580029606819153,0.0739651247859001,0.8007314205169678,0.996835231781006,0.9983712434768676,0.5839245915412903,0.9487669467926024,0.8144358992576599,0.9689490795135498,0.875941276550293,0.9457634091377258,0.8423163294792175,0.9452674984931946,0.7009763121604919,0.6993271112442017,0.6995439529418945,0.6997291445732117,0.6969867944717407,0.6952565908432007,0.6933862566947937,0.6948784589767456,0.6842564344406128,0.7004976272583008,0.6979682445526123,0.6891555190086365,0.6686503291130066,0.6916437149047852,0.6691833138465881,0.7024716138839722,0.6897417902946472,0.706527590751648,0.6910816431045532,0.7071713805198669,0.6970322728157043,0.7047893404960632,0.6963120102882385,0.687446653842926,0.6857130527496338,0.6832792162895203,0.6939392685890198,0.6392394304275513,0.682371973991394,0.6250537037849426,0.6711167097091675,0.6574481725692749,0.7154479026794434,0.3345333039760589,0.3231826424598694,0.322945237159729,0.3227678537368774,0.3232567012310028,0.3231434226036072,0.3231247961521148,0.3266336321830749,0.3276588320732116,0.3446591794490814,0.3457488417625427,0.3822172284126282,0.3842088282108307,0.4623023271560669,0.4653488993644714,0.5226475596427917,0.538031816482544,0.5436151027679443,0.5576117634773254,0.5425268411636353,0.5546560287475586,0.5349569320678711,0.5479971170425415,0.5245376825332642,0.5273398160934448,0.6079810261726379,0.6153157949447632,0.6762012839317322,0.7122083306312561,0.6803489923477173,0.7285573482513428,0.7036874890327454,0.730864942073822,-0.1231108456850051,-0.1117818132042884,-0.1117985025048255,-0.1117647290229797,-0.1347593814134597,-0.1347837746143341,-0.1348694264888763,-0.0480435863137245,-0.1455251425504684,-0.0955067723989486,-0.1255009323358535,0.0512916818261146,-0.1865095198154449,0.0783137008547782,-0.214241474866867,0.0283337626606225,-0.2287435531616211,0.0237926822155714,-0.2546553611755371,0.0056322896853089,-0.2527740597724914,0.0184983815997838,-0.2270971238613128,0.0723277479410171,-0.0724272653460502,0.1525158584117889,-0.0517502315342426,0.2510528266429901,0.0076125832274556,0.2578966021537781,0.0097426418215036,0.2243102341890335,-0.0558881983160972,Walk-From-Chair
273,0.988308608531952,0.9722799062728882,0.9698696732521056,0.9763368964195251,0.9820429682731628,0.983112633228302,0.9855521321296692,0.9359495639801024,0.9758476614952089,0.975968301296234,0.9863668084144592,0.9938169121742249,0.999847412109375,0.0204124227166175,0.956649661064148,0.0533051751554012,0.9049469828605652,0.0733461678028106,0.8708271384239197,0.0740019157528877,0.8600879907608032,0.0708966553211212,0.8013803362846375,0.996055781841278,0.9978651404380798,0.5572210550308228,0.9350892901420592,0.7870132327079773,0.962030291557312,0.8549640774726868,0.9385557770729064,0.8314633965492249,0.9408854842185974,0.7070272564888,0.704086422920227,0.7035518288612366,0.702938437461853,0.7033130526542664,0.7021480798721313,0.7007976770401001,0.6938233375549316,0.6904177665710449,0.7049856781959534,0.7037986516952515,0.6804078817367554,0.6822589635848999,0.6817309260368347,0.6893485188484192,0.6927127838134766,0.7001110315322876,0.6969648003578186,0.7009462118148804,0.6963310837745667,0.7049301862716675,0.6943849921226501,0.704436719417572,0.6862407922744751,0.6905245780944824,0.6912636160850525,0.697801411151886,0.6580225825309753,0.6820281147956848,0.6452568173408508,0.6708964705467224,0.6736193299293518,0.7143461108207703,0.3352912068367004,0.3244284391403198,0.3241027295589447,0.3237975537776947,0.3243842422962188,0.3240928053855896,0.3238457441329956,0.3267139792442322,0.3277774751186371,0.3447981774806976,0.3457961976528168,0.3803979456424713,0.3792313039302826,0.4626831710338592,0.4625081121921539,0.5277544856071472,0.5393632650375366,0.5482750535011292,0.5587086081504822,0.5481574535369873,0.5559374690055847,0.5409861207008362,0.5490787625312805,0.5228965878486633,0.5251690745353699,0.6082661747932434,0.6157510280609131,0.6905585527420044,0.7122164368629456,0.6875291466712952,0.7290111780166626,0.7049185037612915,0.7308421730995178,-0.1061109527945518,-0.0986866950988769,-0.0987096354365348,-0.0986745804548263,-0.1260048449039459,-0.1260274201631546,-0.1261546164751052,-0.0461468175053596,-0.161778062582016,-0.0856845825910568,-0.1217020601034164,0.0412044003605842,-0.2096063196659088,0.0633453503251075,-0.2366740703582763,0.0320759788155555,-0.232663556933403,0.0260482784360647,-0.2577580511569977,0.008754801005125,-0.2527281939983368,0.0225870069116354,-0.2296993285417556,0.0731178969144821,-0.0732572823762893,0.1436186134815216,-0.0302140470594167,0.2421087324619293,0.0610692016780376,0.2495634853839874,0.0675315558910369,0.2193738520145416,0.0136047871783375,Walk-From-Chair
274,0.9795743227005004,0.9555279016494752,0.9524071216583252,0.9620423913002014,0.970519483089447,0.9718044400215148,0.975376307964325,0.9079529643058776,0.9612990617752076,0.9637447595596312,0.9791702032089232,0.993012011051178,0.99981290102005,0.0209301896393299,0.9529148936271667,0.0532838441431522,0.9057756662368774,0.0730384066700935,0.8723786473274231,0.073430448770523,0.8614287376403809,0.070179134607315,0.8013594746589661,0.9953868985176086,0.9974201321601868,0.5272241830825806,0.9160591959953308,0.7525237202644348,0.9505032300949096,0.8253704905509949,0.9258345365524292,0.8110131621360779,0.9302753210067748,0.7089885473251343,0.7065030932426453,0.7060850858688354,0.7056402564048767,0.7058810591697693,0.7049638628959656,0.703892171382904,0.6986397504806519,0.6952115893363953,0.7064226865768433,0.7054499387741089,0.6801830530166626,0.6885366439819336,0.6787792444229126,0.690483808517456,0.6893225908279419,0.7046048641204834,0.6945021152496338,0.7047709822654724,0.6934336423873901,0.7065914273262024,0.6920279860496521,0.7063417434692383,0.6868685483932495,0.6954630613327026,0.6911428570747375,0.6993902921676636,0.6637011766433716,0.6821049451828003,0.6510959267616272,0.6709353923797607,0.6813372373580933,0.7143925428390503,0.3353972733020782,0.32450070977211,0.3241361081600189,0.3238126933574676,0.3244121372699737,0.3241406083106994,0.3239225149154663,0.3267698884010315,0.3276050686836242,0.3447624742984772,0.3456643521785736,0.3806065618991852,0.3793868720531463,0.4629660546779632,0.4630531072616577,0.5289955735206604,0.5394279956817627,0.544182538986206,0.5587084889411926,0.5486224889755249,0.5560992360115051,0.5419207215309143,0.5492221713066101,0.5239664316177368,0.5256929993629456,0.6084328293800354,0.6165383458137512,0.6903229355812073,0.712647557258606,0.6904438734054565,0.7320401668548584,0.703755259513855,0.7312461733818054,-0.0972833856940269,-0.0908257067203521,-0.0908455997705459,-0.0908179432153701,-0.11850206553936,-0.1185257807374,-0.1186675578355789,-0.0449374318122863,-0.1632349342107772,-0.0778020918369293,-0.1142805591225624,0.0368570499122142,-0.2097840011119842,0.0664589256048202,-0.2345026284456253,0.0394487269222736,-0.2311996668577194,0.040227971971035,-0.2539155781269073,0.0244776271283626,-0.2495163381099701,0.0313031002879142,-0.2280608117580413,0.0733220428228378,-0.0734939277172088,0.1745130717754364,0.0114315170794725,0.3010267615318298,0.1371087729930877,0.311664342880249,0.1471925675868988,0.2857216000556946,0.0951143056154251,Walk-From-Chair
275,0.9746443033218384,0.9437553286552428,0.93991619348526,0.9518266320228576,0.963239312171936,0.9650989770889282,0.9695366621017456,0.8831108212471008,0.9514009356498718,0.9536772966384888,0.9741359353065492,0.9918397068977356,0.9997989535331726,0.0200708918273448,0.9524904489517212,0.0506403855979442,0.9087057709693908,0.0696014538407325,0.8762763738632202,0.0698591321706771,0.8653973340988159,0.0668840929865837,0.8043256998062134,0.994943380355835,0.9971801042556764,0.5071690678596497,0.9084332585334778,0.7334365844726562,0.94828599691391,0.8066412806510925,0.921777844429016,0.8068719506263733,0.9297926425933838,0.7146085500717163,0.7117924690246582,0.7110351324081421,0.7101759314537048,0.7114854454994202,0.7105154395103455,0.7093910574913025,0.7003480195999146,0.698907732963562,0.7114068269729614,0.7107812166213989,0.6798825263977051,0.6904545426368713,0.6776042580604553,0.6902989149093628,0.6883639097213745,0.708458662033081,0.690856397151947,0.7099011540412903,0.6951314806938171,0.7134642004966736,0.6917191743850708,0.712574303150177,0.6883808970451355,0.6998007893562317,0.695563018321991,0.7023995518684387,0.6715587377548218,0.6824735403060913,0.6615476608276367,0.6712148189544678,0.6898671388626099,0.7142811417579651,0.3354754149913788,0.3246373832225799,0.3242673575878143,0.3239286839962005,0.3245261013507843,0.3242201507091522,0.3239530622959137,0.3268465399742126,0.3277014493942261,0.344762772321701,0.34560626745224,0.379094123840332,0.3778026401996612,0.4625034630298614,0.4633000195026397,0.5355185866355896,0.5400882959365845,0.5467041730880737,0.5593021512031555,0.549727737903595,0.5568274259567261,0.5424460768699646,0.5501009225845337,0.5242021679878235,0.526361882686615,0.6085621118545532,0.6179726123809814,0.6907504200935364,0.7140801548957825,0.6990118026733398,0.7331735491752625,0.7054995894432068,0.7323440909385681,-0.1228840798139572,-0.1146379932761192,-0.1146451979875564,-0.1146066784858703,-0.1436887681484222,-0.1437171995639801,-0.1438511162996292,-0.0632181093096733,-0.1915823966264724,-0.0995030999183654,-0.1373475939035415,0.0261335782706737,-0.236220434308052,0.0578722730278968,-0.2661700546741485,0.0290319062769413,-0.2567159831523895,0.0299094170331954,-0.2840648889541626,0.0122750522568821,-0.279288649559021,0.0197553876787424,-0.2538438737392425,0.0773659721016883,-0.0776008814573288,0.1927188336849212,0.016195124015212,0.3343671560287475,0.1462390720844268,0.3459164500236511,0.156050831079483,0.3129811584949493,0.0966205671429634,Walk-From-Chair
276,0.9746301174163818,0.942550778388977,0.9381306767463684,0.9501380920410156,0.9621994495391846,0.9641162753105164,0.9687460660934448,0.8756563067436218,0.950407862663269,0.9541980028152466,0.9746019244194032,0.9920802712440492,0.9997912049293518,0.0217114258557558,0.9544148445129396,0.0527874566614627,0.9127320647239684,0.0711648017168045,0.8803781270980835,0.0717466622591018,0.8698967099189758,0.068807378411293,0.8094071745872498,0.9949923753738404,0.9970678687095642,0.4936136603355407,0.9028043150901794,0.7209499478340149,0.9457091093063354,0.7931051850318909,0.914470911026001,0.8051784038543701,0.929523766040802,0.7180646061897278,0.7154437303543091,0.7150133848190308,0.7145034670829773,0.7141915559768677,0.71284419298172,0.7112851738929749,0.7065836191177368,0.7015513181686401,0.7154167890548706,0.7137839198112488,0.6986404657363892,0.6872477531433105,0.6959391832351685,0.6850641965866089,0.707618772983551,0.7061500549316406,0.7132776379585266,0.7062941789627075,0.7107475399971008,0.7116184234619141,0.7097364664077759,0.7110871076583862,0.7004892826080322,0.6979609131813049,0.7030349373817444,0.7025102376937866,0.690996527671814,0.6842442750930786,0.6800469756126404,0.6733728051185608,0.7141407132148743,0.7142177820205688,0.3346801698207855,0.3242796957492828,0.3239152133464813,0.3235654234886169,0.3241385519504547,0.3238028585910797,0.3234974443912506,0.3260514140129089,0.3265567123889923,0.3436200022697449,0.344169557094574,0.3788847327232361,0.3780938684940338,0.459145039319992,0.4619413316249847,0.5292798280715942,0.5394150614738464,0.5475350022315979,0.5583460330963135,0.5470107197761536,0.5566932559013367,0.541662871837616,0.5498403906822205,0.5246645212173462,0.5266961455345154,0.6096332669258118,0.6174982786178589,0.6963502168655396,0.7130416631698608,0.71232008934021,0.7306707501411438,0.716862678527832,0.7322292923927307,-0.1211020201444625,-0.112170472741127,-0.1121900305151939,-0.1121641397476196,-0.1386448889970779,-0.1386717110872268,-0.1387879997491836,-0.056892056018114,-0.174527108669281,-0.096571959555149,-0.1311400234699249,0.025708183646202,-0.2199303209781646,0.0556535422801971,-0.2494328767061233,0.0099967559799551,-0.2464478760957718,0.0037214022595435,-0.2732961475849151,-0.0142853828147053,-0.2721511721611023,-6.401260907296091e-05,-0.2451489269733429,0.0705051347613334,-0.0706308186054229,0.1495262533426284,0.0099931862205266,0.2755209505558014,0.1366535127162933,0.284220278263092,0.1459509581327438,0.2328846454620361,0.0825142711400985,Walk-From-Chair
277,0.9730716347694396,0.9384135007858276,0.933466374874115,0.9463375806808472,0.9592242240905762,0.9613789916038512,0.9665799736976624,0.8649422526359558,0.9468395709991456,0.9510402083396912,0.973045825958252,0.9917365908622742,0.9997814893722534,0.0212689414620399,0.9549387693405152,0.0506731159985065,0.9150028228759766,0.0683838874101638,0.8832149505615234,0.0689252987504005,0.872857928276062,0.0662872940301895,0.8119630813598633,0.9949523210525512,0.99698144197464,0.4733460247516632,0.9007082581520081,0.7087188959121704,0.9452557563781738,0.7824558019638062,0.9102631211280824,0.802496612071991,0.9295940399169922,0.7208866477012634,0.717892587184906,0.7172881364822388,0.7165948152542114,0.7170670032501221,0.7159165143966675,0.714601993560791,0.7069913148880005,0.7039915323257446,0.7183188199996948,0.7170771360397339,0.6934801340103149,0.6910973787307739,0.69631427526474,0.6907016038894653,0.7067475318908691,0.7118452787399292,0.7097819447517395,0.7136924266815186,0.7102802395820618,0.7172840237617493,0.7093666195869446,0.7162535190582275,0.6969903707504272,0.700486958026886,0.7012859582901001,0.707696795463562,0.6894022226333618,0.6929576992988586,0.6798598766326904,0.6829356551170349,0.719360888004303,0.722975492477417,0.3344222009181976,0.3241861462593078,0.3237918317317962,0.3233973681926727,0.3240860998630523,0.3237467110157013,0.3234289586544037,0.3253787159919739,0.3260708451271057,0.3430075943470001,0.3434849381446838,0.3769629299640655,0.3769506812095642,0.4592385590076446,0.4621701836585998,0.5299813747406006,0.5397421717643738,0.5490928292274475,0.558532178401947,0.5486272573471069,0.5567700862884521,0.5390746593475342,0.5499613285064697,0.5244187712669373,0.5255629420280457,0.6094447374343872,0.6144081354141235,0.6982224583625793,0.7079718112945557,0.7159268856048584,0.724803626537323,0.7169654965400696,0.7276925444602966,-0.1275206804275512,-0.11954315751791,-0.1195568591356277,-0.1195405274629592,-0.1458483934402465,-0.1458771228790283,-0.1459802091121673,-0.0674273893237114,-0.1856894195079803,-0.1035604029893875,-0.1379327476024627,0.0169852115213871,-0.224596306681633,0.0518412813544273,-0.2537568509578705,0.0180899873375892,-0.2473191916942596,0.0149694699794054,-0.2743810415267944,-0.0029251587111502,-0.2712510228157043,0.0084979692474007,-0.2453989088535308,0.0709635391831398,-0.0710906982421875,0.1548602133989334,0.0157583784312009,0.2934871315956116,0.1496921181678772,0.3036138415336609,0.1602073609828949,0.2618313431739807,0.105030670762062,Walk-From-Chair
278,0.975320041179657,0.9433254599571228,0.9386371374130248,0.9504358768463136,0.962346851825714,0.9642829298973083,0.9690579771995544,0.8746470808982849,0.9511110186576844,0.9552531838417052,0.9753672480583192,0.9924257397651672,0.9997926354408264,0.0268099606037139,0.9569323658943176,0.0629553198814392,0.9188592433929444,0.0802417993545532,0.8875774145126343,0.0816296711564064,0.877775251865387,0.0786641091108322,0.8185205459594727,0.9952499270439148,0.9971054792404176,0.4572977721691131,0.8903395533561707,0.6915735602378845,0.9376103281974792,0.768099308013916,0.8938211798667908,0.7954137921333313,0.9234213829040528,0.7236541509628296,0.7212386131286621,0.7209480404853821,0.7205610275268555,0.71934974193573,0.7175908088684082,0.7155312895774841,0.7125911712646484,0.7046765089035034,0.7211988568305969,0.7189217805862427,0.7071677446365356,0.6893430352210999,0.7078309655189514,0.6856685280799866,0.7196017503738403,0.7088239192962646,0.7223302125930786,0.7091702222824097,0.7211759686470032,0.7151199579238892,0.7175745368003845,0.7146116495132446,0.7115815877914429,0.6989513039588928,0.7062262892723083,0.70439213514328,0.6947694420814514,0.6911882162094116,0.6853387951850891,0.6804637908935547,0.7231423258781433,0.721788227558136,0.3358977437019348,0.3256349265575409,0.3252696990966797,0.3248663544654846,0.3253613710403442,0.324887603521347,0.3243839144706726,0.3267484009265899,0.3266032338142395,0.3445147573947906,0.3449755012989044,0.3793698251247406,0.3772393763065338,0.4611808359622955,0.4660483002662658,0.5285506844520569,0.5398425459861755,0.5483320951461792,0.5585511922836304,0.5469410419464111,0.5567949414253235,0.5393081903457642,0.5503106713294983,0.5245680212974548,0.5258412957191467,0.612801730632782,0.6166781783103943,0.7004182934761047,0.7082421183586121,0.7170006632804871,0.7249194979667664,0.7179402709007263,0.7281405925750732,-0.1320900321006775,-0.1233254894614219,-0.1233496814966201,-0.1233479231595993,-0.1472341120243072,-0.1472572982311248,-0.1473422050476074,-0.065382145345211,-0.176332026720047,-0.1063354387879371,-0.1378227174282074,0.0123752690851688,-0.209187313914299,0.0475201159715652,-0.2350550889968872,0.0073527274653315,-0.2433876991271972,-0.0005376636981964,-0.2694574892520904,-0.0183245744556188,-0.2674053013324737,-0.0021527304779738,-0.2442149221897125,0.0640058368444442,-0.064078502357006,0.1367399841547012,0.0167219266295433,0.2534827589988708,0.1529432833194732,0.2620031535625458,0.1635263860225677,0.2157625257968902,0.1027651652693748,Walk-From-Chair
279,0.968652069568634,0.9281179904937744,0.9223434925079346,0.9366182684898376,0.9506729245185852,0.9529584646224976,0.9594237208366394,0.8478520512580872,0.9379090070724488,0.943252682685852,0.9687780737876892,0.9917673468589784,0.9997865557670592,0.0252538081258535,0.9550036787986756,0.0588625185191631,0.9182372689247132,0.0756014660000801,0.8877332806587219,0.0767770931124687,0.8778074383735657,0.0741177722811698,0.8175540566444397,0.9951821565628052,0.9970089197158812,0.4231557846069336,0.8695224523544312,0.6523768901824951,0.9206656217575072,0.7365472316741943,0.8773457407951355,0.7666949033737183,0.90783429145813,0.7260904908180237,0.7236757278442383,0.7231587171554565,0.7225382328033447,0.7226967811584473,0.7214271426200867,0.7199351787567139,0.7127698659896851,0.7085200548171997,0.7235623598098755,0.7220346331596375,0.6982733011245728,0.6984236240386963,0.702656626701355,0.7000947594642639,0.7124971151351929,0.7183107137680054,0.7026468515396118,0.7194275856018066,0.7153996229171753,0.7235233187675476,0.716640293598175,0.722482442855835,0.7045143246650696,0.7084651589393616,0.7072607278823853,0.7127561569213867,0.6958262324333191,0.6962883472442627,0.688342273235321,0.6875137686729431,0.7244869470596313,0.723955512046814,0.3360671103000641,0.3257723450660705,0.3253781199455261,0.3249438107013702,0.3255296051502228,0.3250293731689453,0.3244852423667907,0.3267602622509002,0.3266815841197967,0.3445728421211242,0.3450151085853576,0.3777876794338226,0.3767882585525512,0.4618058502674103,0.4656607806682586,0.5290793776512146,0.5399442315101624,0.544092059135437,0.5587583780288696,0.5475550889968872,0.5572770237922668,0.540623664855957,0.5504037737846375,0.5252622365951538,0.5259244441986084,0.6128590703010559,0.6174968481063843,0.7009836435317993,0.7071300745010376,0.7162908911705017,0.7233615517616272,0.7178499102592468,0.7240587472915649,-0.111729085445404,-0.1054252535104751,-0.1054439097642898,-0.1054215803742408,-0.1303626894950866,-0.1303824931383133,-0.1304749548435211,-0.0629137903451919,-0.1727320849895477,-0.0909327417612075,-0.1235484033823013,0.0197038762271404,-0.2078990191221237,0.0498334094882011,-0.2341121882200241,0.013400693424046,-0.2274407893419265,0.0022366982884705,-0.2519146502017975,-0.0121642965823411,-0.2474744766950607,0.0023503375705331,-0.2254621237516403,0.065551109611988,-0.065623827278614,0.1468564420938491,0.0207545943558216,0.2780201733112335,0.1533997952938079,0.2882903218269348,0.1644155085086822,0.2589893937110901,0.1187447533011436,Walk-From-Chair
280,0.9698184728622437,0.9304730296134948,0.9247143268585204,0.9381595849990844,0.9518455862998962,0.9538155794143676,0.959989845752716,0.8500511050224304,0.9400490522384644,0.9449750185012816,0.969920575618744,0.9921463131904602,0.9997941851615906,0.0241306722164154,0.954582154750824,0.0567771159112453,0.9183779358863832,0.0734970122575759,0.8877642154693604,0.0747015848755836,0.8777489066123962,0.0723630711436271,0.8171226978302002,0.9953649044036864,0.9971018433570862,0.3949185609817505,0.8656340837478638,0.6227799654006958,0.9148902297019958,0.7138279676437378,0.8639574646949768,0.748603105545044,0.900547444820404,0.7280617356300354,0.725135862827301,0.724724292755127,0.7242439389228821,0.7240148186683655,0.7227381467819214,0.7212398052215576,0.7161647081375122,0.7104049324989319,0.7258857488632202,0.7238818407058716,0.700711727142334,0.7017675638198853,0.6990114450454712,0.6995841264724731,0.7136646509170532,0.7203521728515625,0.7148306369781494,0.7220291495323181,0.7193671464920044,0.7261106371879578,0.7183729410171509,0.7239676713943481,0.7094917893409729,0.7103565335273743,0.7145575284957886,0.7104440927505493,0.7241883873939514,0.6953516006469727,0.7176815271377563,0.682580292224884,0.7552717924118042,0.721889078617096,0.3360580801963806,0.3256945610046386,0.3252926468849182,0.3248480260372162,0.325463593006134,0.3249722421169281,0.3244505226612091,0.3267957270145416,0.3268032670021057,0.3445959091186523,0.3450806438922882,0.3808015286922455,0.3790596425533294,0.4653827846050262,0.466287225484848,0.5289140343666077,0.5399574041366577,0.5438578128814697,0.5587705969810486,0.545362114906311,0.5572818517684937,0.5398470163345337,0.5505334734916687,0.5297569632530212,0.5324862003326416,0.612923264503479,0.6186520457267761,0.7001315355300903,0.7071950435638428,0.7158276438713074,0.7235016226768494,0.7129595279693604,0.7245234251022339,-0.114192858338356,-0.1083971634507179,-0.108421579003334,-0.1084081977605819,-0.1325181275606155,-0.1325379908084869,-0.1326204538345337,-0.0625983551144599,-0.171872854232788,-0.0935650318861007,-0.1253701299428939,0.0153819741681218,-0.2074180096387863,0.044560432434082,-0.2342076748609542,0.005635823123157,-0.2274715602397918,-0.000675220740959,-0.2525717616081238,-0.0178907215595245,-0.2489018887281417,-0.0044058552011847,-0.225712850689888,0.0665506869554519,-0.0666418448090553,0.1644645929336547,0.0290747787803411,0.2961206138134002,0.1814520061016082,0.3067148625850677,0.1947298943996429,0.2763955295085907,0.1458336263895034,Walk-From-Chair
281,0.9695114493370056,0.9285011291503906,0.922288715839386,0.9362401962280272,0.9503293633461,0.9520015120506288,0.958528220653534,0.8426063060760498,0.9384967684745787,0.943725883960724,0.969340682029724,0.9923456311225892,0.9998019933700562,0.0229462832212448,0.9542149305343628,0.0538804791867733,0.9192368984222412,0.0702226385474205,0.8889545798301697,0.0713161677122116,0.8789830207824707,0.0692530199885368,0.8182908892631531,0.9955683350563048,0.997199773788452,0.3712124228477478,0.8552124500274658,0.6028712391853333,0.9080657362937928,0.6979826092720032,0.8535643219947815,0.7379580736160278,0.894537091255188,0.7311590313911438,0.7283715009689331,0.7278499007225037,0.7272546887397766,0.727479100227356,0.7262468934059143,0.7247762084007263,0.7181290984153748,0.7132390141487122,0.7285754084587097,0.727054238319397,0.7003124952316284,0.703231155872345,0.6985946893692017,0.7021175622940063,0.7109678387641907,0.7220333218574524,0.7132224440574646,0.724051296710968,0.7162489891052246,0.7290727496147156,0.7152330875396729,0.7280493378639221,0.7138931751251221,0.7140132188796997,0.7157045602798462,0.7140995264053345,0.7208529710769653,0.6940737962722778,0.713886022567749,0.6821039319038391,0.7508440613746643,0.721710205078125,0.3369832336902618,0.3267532587051391,0.3262929022312164,0.3258037567138672,0.3267262578010559,0.326334536075592,0.3259260952472687,0.3272580504417419,0.3278685808181762,0.3451142013072967,0.3457048833370209,0.3793982267379761,0.3789151906967163,0.4653949439525604,0.4663100838661194,0.5292779207229614,0.541522741317749,0.5456668138504028,0.5603428483009338,0.5462902188301086,0.5590421557426453,0.5407333970069885,0.5518606901168823,0.5297243595123291,0.5323967337608337,0.6131132245063782,0.6194764971733093,0.7008886337280273,0.7073856592178345,0.718717634677887,0.725046694278717,0.7123910784721375,0.7248742580413818,-0.1119809299707412,-0.1056968942284584,-0.105716548860073,-0.1056931614875793,-0.130468800663948,-0.1304920464754104,-0.1305799782276153,-0.0606895871460437,-0.1708661317825317,-0.0911284163594245,-0.1236492022871971,0.0191193148493766,-0.2074584066867828,0.0485190190374851,-0.2339235842227935,0.0088466200977563,-0.2217672318220138,-0.0003582478966563,-0.2463878840208053,-0.0145729631185531,-0.2428838014602661,-0.0019847999792546,-0.2197182476520538,0.0670764297246933,-0.0671689510345459,0.1628402173519134,0.0268390662968158,0.2925997376441955,0.1708126366138458,0.3031518757343292,0.1827380955219268,0.2755476236343384,0.1339344233274459,Walk-From-Chair
282,0.9713436961174012,0.9326945543289183,0.9267166256904602,0.9397587180137634,0.9528889060020448,0.9543446898460388,0.9604792594909668,0.8496109247207642,0.94212806224823,0.947092056274414,0.9711541533470154,0.9928480982780457,0.9998091459274292,0.0231535546481609,0.9547303318977356,0.0552664250135421,0.9195815324783324,0.0718327164649963,0.8890888690948486,0.0731102749705314,0.8792334198951721,0.0713315233588218,0.8188486099243164,0.9958180785179138,0.9973011016845704,0.3508743047714233,0.854569137096405,0.5836271643638611,0.9042770266532898,0.6819429993629456,0.8426969051361084,0.7277478575706482,0.8909191489219666,0.7339657545089722,0.7308688759803772,0.7306488752365112,0.7303767204284668,0.7290046811103821,0.727343738079071,0.7254432439804077,0.7230014801025391,0.7145882844924927,0.7318649888038635,0.7291961908340454,0.7100264430046082,0.7056206464767456,0.7095516920089722,0.7044950127601624,0.7240524888038635,0.7220349311828613,0.7282074093818665,0.7227963805198669,0.7290409803390503,0.7288042306900024,0.7281468510627747,0.7281776070594788,0.7207474112510681,0.7150155305862427,0.7191385626792908,0.7123031616210938,0.7265924215316772,0.6906645894050598,0.7199737429618835,0.6793145537376404,0.7579854726791382,0.7215161323547363,0.3368997275829315,0.326627105474472,0.3261778950691223,0.3257054090499878,0.3266172707080841,0.326255589723587,0.3258897662162781,0.3273452520370483,0.328100174665451,0.3451136350631714,0.3457211852073669,0.3809796869754791,0.3810743689537048,0.4692630171775818,0.4663003981113434,0.5319762825965881,0.541555643081665,0.5456640720367432,0.5604190230369568,0.5462846755981445,0.5590745806694031,0.5403183102607727,0.5518328547477722,0.5314182043075562,0.5342170000076294,0.6143568754196167,0.6198784708976746,0.7025119662284851,0.7082669734954834,0.7216193079948425,0.7270621061325073,0.7124983072280884,0.7249276041984558,-0.1172387450933456,-0.1097693592309951,-0.1097953915596008,-0.1097821444272995,-0.1342880874872207,-0.1343161165714264,-0.1343989968299865,-0.0599619522690773,-0.170773297548294,-0.0946176052093505,-0.1269215792417526,0.0194693692028522,-0.2072156965732574,0.0478065125644207,-0.2342519760131836,0.0055372365750372,-0.2242807894945144,-0.0009669623104855,-0.2493734359741211,-0.0179134979844093,-0.2485888451337814,-0.0045184004120528,-0.223568245768547,0.0672003179788589,-0.0673125982284545,0.1629009693861007,0.0232946779578924,0.2918576002120971,0.162418708205223,0.3028039932250976,0.1738546192646026,0.2729151546955108,0.1211373656988143,Walk-From-Chair
283,0.9679863452911376,0.9249273538589478,0.9186154007911682,0.9328540563583374,0.9464008808135986,0.948181450366974,0.9550814628601074,0.8313649892807007,0.9361088871955872,0.9400871396064758,0.967160165309906,0.9926837086677552,0.999811828136444,0.022136939689517,0.9534660577774048,0.0527946017682552,0.9188607931137084,0.0689118802547454,0.8884199857711792,0.0701265260577201,0.8786324262619019,0.0685804411768913,0.8175629377365112,0.995889127254486,0.9973030090332032,0.3357337415218353,0.8524145483970642,0.5715134143829346,0.8996062874794006,0.6678220629692078,0.8330910205841064,0.719466507434845,0.8869702816009521,0.7367407083511353,0.7335718274116516,0.7330609560012817,0.7325034141540527,0.7326697707176208,0.7314435839653015,0.7300640344619751,0.7236530184745789,0.7198266386985779,0.7343562841415405,0.7329332828521729,0.7062329053878784,0.710053563117981,0.7048135995864868,0.7077046632766724,0.7175185680389404,0.7274301648139954,0.720820426940918,0.7270917296409607,0.7230660915374756,0.7329649925231934,0.7228426933288574,0.7322207689285278,0.7203073501586914,0.7186354398727417,0.720746636390686,0.7165402173995972,0.7288362979888916,0.6902276873588562,0.7350276112556458,0.6770101189613342,0.759400486946106,0.7216783761978149,0.3376736044883728,0.3273927867412567,0.3269345462322235,0.3264740109443664,0.3274521827697754,0.327130377292633,0.3268250823020935,0.3278364241123199,0.3287734985351562,0.3454732298851013,0.3460546433925628,0.3796002268791199,0.3798852860927582,0.4689104259014129,0.4661437273025512,0.5322506427764893,0.5419924259185791,0.5483896136283875,0.5610647797584534,0.546222984790802,0.5597808361053467,0.5407222509384155,0.5522714257240295,0.5313513875007629,0.5330618619918823,0.6142679452896118,0.6195967197418213,0.7035767436027527,0.7085464596748352,0.7201282978057861,0.7278676629066467,0.7124924063682556,0.7251662015914917,-0.1091877967119216,-0.1018789261579513,-0.1018991023302078,-0.1018751263618469,-0.1270875632762909,-0.1271218359470367,-0.1272221207618713,-0.0567268840968608,-0.170330598950386,-0.0880707278847694,-0.1211499944329261,0.0230115465819835,-0.2077098786830902,0.0488332137465477,-0.234628289937973,0.0181268267333507,-0.2243693619966507,0.0178739726543426,-0.2492888420820236,0.0005067508318461,-0.246002048254013,0.0086220689117908,-0.2225871980190277,0.0680782049894332,-0.0681803226470947,0.1502591073513031,0.0019544092938303,0.2622072994709015,0.1207911819219589,0.2702635824680328,0.1294942498207092,0.2371511459350586,0.0772680714726448,Walk-From-Chair
284,0.9703328609466552,0.9303023815155028,0.9242243766784668,0.9376097321510316,0.9502344131469728,0.9518036842346193,0.9583356976509094,0.8420276641845703,0.9409708380699158,0.9447075724601746,0.969721019268036,0.993181049823761,0.999822437763214,0.0233482904732227,0.9548961520195008,0.0562481358647346,0.9211116433143616,0.0725088641047477,0.8910833597183228,0.0738847479224205,0.8816001415252686,0.072434477508068,0.8217309713363647,0.9961410760879515,0.9974401593208312,0.333977073431015,0.8590705394744873,0.5813486576080322,0.9037942290306092,0.6742920875549316,0.8363286852836609,0.7286124229431152,0.8917598724365234,0.7397767305374146,0.736595630645752,0.7361755967140198,0.7357181310653687,0.7354692220687866,0.7341502904891968,0.7326644062995911,0.7272407412528992,0.721903920173645,0.7379107475280762,0.7361161112785339,0.7156149744987488,0.7129155397415161,0.7182000875473022,0.7111819982528687,0.7271212935447693,0.7284602522850037,0.7319101691246033,0.728853166103363,0.7329503297805786,0.7348958849906921,0.7300416827201843,0.734294056892395,0.7211237549781799,0.719533383846283,0.7196826934814453,0.720233142375946,0.7203130722045898,0.6926225423812866,0.7160739898681641,0.6792927980422974,0.7502192258834839,0.7228973507881165,0.3376493453979492,0.3273692429065704,0.3269161283969879,0.3264612853527069,0.3274175524711609,0.327105700969696,0.3268317282199859,0.3280100524425506,0.3294542133808136,0.3454878032207489,0.3460980355739593,0.3803887367248535,0.3801812529563904,0.4657977521419525,0.4661810100078583,0.5321433544158936,0.541976273059845,0.5524680614471436,0.5610565543174744,0.5479452610015869,0.5597646832466125,0.5416589379310608,0.552308976650238,0.5312985777854919,0.5329494476318359,0.6142545938491821,0.6184788346290588,0.7038780450820923,0.7082134485244751,0.721166729927063,0.7278842926025391,0.7140681743621826,0.7257100343704224,-0.1247302666306495,-0.1169977188110351,-0.1170077696442604,-0.1169851794838905,-0.1427937895059585,-0.1428326666355133,-0.1429309099912643,-0.0662687867879867,-0.1827299296855926,-0.10153778642416,-0.1353227198123932,0.0188488252460956,-0.219929501414299,0.0469957776367664,-0.2485403269529342,0.0071527645923197,-0.2437280416488647,0.0035211734939366,-0.2704178690910339,-0.0149273667484521,-0.2687702775001526,-0.0028534978628158,-0.2423433065414428,0.0697325021028518,-0.0698204487562179,0.1506210267543792,-0.0022207857109606,0.2574256062507629,0.1125705242156982,0.2648172974586487,0.120848998427391,0.2271506786346435,0.0639340206980705,Walk-From-Chair
285,0.9697270393371582,0.9288515448570251,0.9221968054771424,0.9364840388298036,0.9489588141441344,0.950458824634552,0.9578752517700196,0.8362659215927124,0.93983256816864,0.9438876509666444,0.9695354104042052,0.9928715825080872,0.9998221397399902,0.0219342429190874,0.9535704255104064,0.0529569014906883,0.9197568893432616,0.0687973648309707,0.8899919390678406,0.0700221434235572,0.8802999258041382,0.0688035115599632,0.8201789855957031,0.9962372183799744,0.9974979758262634,0.3223278522491455,0.8603777289390564,0.5854048728942871,0.9062396287918092,0.6791651844978333,0.8403462767601013,0.732774555683136,0.8943548798561096,0.7422715425491333,0.7391066551208496,0.7387083768844604,0.7382637858390808,0.7379544377326965,0.7366836071014404,0.7352849245071411,0.729331910610199,0.7249976396560669,0.7404946088790894,0.7387641668319702,0.712017834186554,0.7160090804100037,0.713600754737854,0.7149108648300171,0.7227967381477356,0.7328309416770935,0.7262080907821655,0.731885552406311,0.727908730506897,0.7377986311912537,0.7261505722999573,0.7372038960456848,0.718762218952179,0.7230514883995056,0.7174545526504517,0.7292426824569702,0.6931915283203125,0.7444937825202942,0.6826891899108887,0.7383037805557251,0.7332744002342224,0.7779253721237183,0.3376177847385406,0.327337771654129,0.3268903195858001,0.3264450430870056,0.327407032251358,0.3271172344684601,0.3268758356571197,0.3280742466449737,0.3295957148075104,0.3454891443252563,0.3461011052131653,0.3800453841686249,0.3801872432231903,0.4670291543006897,0.4672052562236786,0.5347050428390503,0.5429243445396423,0.5545927286148071,0.5617373585700989,0.5529069304466248,0.5604931116104126,0.5465701818466187,0.5533716082572937,0.5309005379676819,0.5327300429344177,0.6142648458480835,0.6161592602729797,0.706459641456604,0.7020543217658997,0.7251599431037903,0.7234563827514648,0.7206786274909973,0.7144561409950256,-0.1160693913698196,-0.1085681691765785,-0.1085758954286575,-0.1085477843880653,-0.1338940411806106,-0.1339147537946701,-0.1340081989765167,-0.0622261688113212,-0.1774263679981231,-0.0944080799818039,-0.1274948418140411,0.0236405786126852,-0.2177050560712814,0.052420038729906,-0.2456597983837127,0.0249774064868688,-0.2404702603816986,0.024500336498022,-0.2680579721927643,0.0070486278273165,-0.2631891965866089,0.0156846232712268,-0.2381239384412765,0.0710192620754242,-0.0711233094334602,0.1561197936534881,0.0011669523082673,0.2613784670829773,0.12232206761837,0.269709974527359,0.1315800696611404,0.2299650460481643,0.064753420650959,Walk-From-Chair
286,0.9711699485778807,0.9317398071289062,0.9250907301902772,0.9389982223510742,0.9510968327522278,0.9524516463279724,0.9596419930458068,0.840386152267456,0.9425546526908876,0.9464129209518432,0.9709389209747314,0.9931820631027222,0.9998297691345216,0.0215154141187667,0.9536305665969848,0.0521350055932998,0.919806182384491,0.0678949356079101,0.8903998732566833,0.069082461297512,0.8808225393295288,0.068067580461502,0.8207761645317078,0.9963924288749696,0.9975698590278624,0.3167034685611725,0.8612298965454102,0.5855453014373779,0.9060162305831908,0.6804851293563843,0.8395726680755615,0.7339617013931274,0.8946442008018494,0.7454471588134766,0.7421367764472961,0.741716206073761,0.7412237524986267,0.7407967448234558,0.7393971681594849,0.7378832101821899,0.7319679260253906,0.7273832559585571,0.7435320615768433,0.741594672203064,0.7161694765090942,0.7174943685531616,0.7200453877449036,0.7154880166053772,0.7301257848739624,0.7346298694610596,0.7342804670333862,0.736077070236206,0.735796332359314,0.7416587471961975,0.7348003387451172,0.7408304810523987,0.724362313747406,0.7268601059913635,0.7205721735954285,0.7288540601730347,0.7120363712310791,0.7223297357559204,0.7035717964172363,0.7132419347763062,0.7435938119888306,0.7532212734222412,0.3386159837245941,0.3283517956733703,0.3278749585151672,0.3274017572402954,0.3284461796283722,0.3281396031379699,0.327901542186737,0.3292550444602966,0.3307988047599792,0.3466028571128845,0.3471902310848236,0.3801040053367615,0.380139946937561,0.4671443104743957,0.4671712815761566,0.5335493683815002,0.5432693362236023,0.554043173789978,0.5621163845062256,0.552643895149231,0.5608373880386353,0.5467457175254822,0.5535476207733154,0.5304577946662903,0.5326581597328186,0.6141440868377686,0.6153663396835327,0.7059252262115479,0.7058576345443726,0.7240747809410095,0.723616361618042,0.719856321811676,0.7250393629074097,-0.1161799430847168,-0.1087332591414451,-0.1087382063269615,-0.1087094545364379,-0.1341645568609237,-0.1341869235038757,-0.1342790126800537,-0.0613763444125652,-0.1767380982637405,-0.094379998743534,-0.127573624253273,0.0237714536488056,-0.2167187929153442,0.0531630702316761,-0.245051622390747,0.0246279705315828,-0.2388254702091217,0.0241278763860464,-0.2653917074203491,0.0059241317212581,-0.2612865567207336,0.0151132550090551,-0.236539602279663,0.0715162083506584,-0.0716181248426437,0.1511176526546478,-0.0049605993553996,0.2541585862636566,0.1084768623113632,0.2616919875144958,0.1170796751976013,0.2248821705579757,0.0619544982910156,Walk-From-Chair
287,0.9721909761428832,0.9345840215682985,0.928094446659088,0.941655457019806,0.9530616402626038,0.9543288946151732,0.9614722728729248,0.84604811668396,0.9451783895492554,0.9487277865409852,0.9722616672515868,0.9931491613388062,0.9998292326927184,0.0205892622470855,0.952664077281952,0.0496852919459342,0.917365312576294,0.0652117356657981,0.8881465196609497,0.0662903040647506,0.8784527778625488,0.0655098184943199,0.8179160356521606,0.9963456988334656,0.9975314736366272,0.3059431314468384,0.8591002225875854,0.5850419402122498,0.9056962132453918,0.6840466856956482,0.8422425985336304,0.7327608466148376,0.8931427001953125,0.7498313784599304,0.7460352778434753,0.7452894449234009,0.7444514036178589,0.7453435063362122,0.7441723942756653,0.7428967356681824,0.7342249155044556,0.7325838804244995,0.7472285032272339,0.746064305305481,0.7169775366783142,0.720583438873291,0.7239423394203186,0.7188041806221008,0.7371541857719421,0.7385213375091553,0.741375744342804,0.7397199869155884,0.7431432008743286,0.7452320456504822,0.7414303421974182,0.7444949746131897,0.7242799401283264,0.7300302982330322,0.7188723087310791,0.7335111498832703,0.6903860569000244,0.7467221617698669,0.6774091720581055,0.741004467010498,0.7217174172401428,0.7792485356330872,0.3387036621570587,0.3283661603927612,0.327890396118164,0.3274191915988922,0.3284806609153747,0.3281779587268829,0.3279373049736023,0.329383373260498,0.3309118449687958,0.3468327224254608,0.3474011421203613,0.380160242319107,0.3805327117443084,0.4681165814399719,0.4679163992404938,0.5357559323310852,0.5436321496963501,0.5548040866851807,0.5627449154853821,0.5543366074562073,0.5608083605766296,0.548481822013855,0.5535624623298645,0.5294654369354248,0.5320592522621155,0.6139974594116211,0.6125236749649048,0.7072895169258118,0.7029119729995728,0.7255288362503052,0.7222147583961487,0.723888635635376,0.7187076807022095,-0.116813026368618,-0.1089172214269638,-0.1089202761650085,-0.1088919639587402,-0.1344981342554092,-0.1345180571079254,-0.1346038281917572,-0.0607875809073448,-0.176105260848999,-0.0947010666131973,-0.1281245052814483,0.023886252194643,-0.2159235924482345,0.0528439357876777,-0.2447661608457565,0.0235930848866701,-0.2377775013446808,0.0238705407828092,-0.264064222574234,0.0058364202268421,-0.2602904736995697,0.014109319075942,-0.2356139719486236,0.0722963958978653,-0.0723904371261596,0.1566159874200821,-0.0030815186910331,0.2550149857997894,0.1143795996904373,0.2619426846504211,0.1231636777520179,0.229103535413742,0.071510761976242,Walk-From-Chair
288,0.972914218902588,0.9358471035957336,0.929283082485199,0.942879855632782,0.9538219571113586,0.954910159111023,0.9622523784637452,0.8481758832931519,0.9459853768348694,0.9502553343772888,0.9730708003044128,0.9930980205535888,0.9998286366462708,0.0194900576025247,0.952947735786438,0.0473491586744785,0.918250322341919,0.0628164857625961,0.8895168304443359,0.063742846250534,0.879759669303894,0.0631361454725265,0.819505512714386,0.9963367581367492,0.9974938035011292,0.2926559448242187,0.8543327450752258,0.5803097486495972,0.9049633741378784,0.685484766960144,0.8436857461929321,0.7298465371131897,0.8909148573875427,0.7523091435432434,0.7482382655143738,0.7473184466362,0.7463628053665161,0.7481142282485962,0.7472048401832581,0.7462631464004517,0.7370525598526001,0.7367492318153381,0.7492099404335022,0.7485982179641724,0.7176039814949036,0.7262863516807556,0.7234331369400024,0.7205988764762878,0.7384459972381592,0.7420312166213989,0.7427281141281128,0.7448009252548218,0.7442086935043335,0.7496454119682312,0.7426701188087463,0.748529314994812,0.72715824842453,0.7361040711402893,0.7184737920761108,0.7351077795028687,0.6889116168022156,0.7485151290893555,0.6752052307128906,0.7398577332496643,0.7189344167709351,0.7805997729301453,0.3379993140697479,0.3272882997989654,0.3268874585628509,0.3265095353126526,0.3273860216140747,0.3271228373050689,0.3268944323062897,0.3292359411716461,0.3307188153266907,0.3465291261672973,0.3471384942531585,0.3803548514842987,0.3803848326206207,0.4686123132705688,0.4680749475955963,0.5363537669181824,0.5436974167823792,0.5545638799667358,0.562712550163269,0.5540081858634949,0.5607951283454895,0.5487978458404541,0.5535398721694946,0.5295833945274353,0.5317270755767822,0.6139672994613647,0.6115735769271851,0.7074922919273376,0.6996227502822876,0.7258116006851196,0.7192253470420837,0.7256157398223877,0.71731036901474,-0.1019412726163864,-0.0936546400189399,-0.0936579704284668,-0.0936295390129089,-0.1184336692094802,-0.1184421405196189,-0.1185197606682777,-0.0478363223373889,-0.1601285636425018,-0.0810612216591835,-0.113431915640831,0.0288062840700149,-0.2035569697618484,0.0545915849506855,-0.2345219403505325,0.0250516273081302,-0.2277774512767791,0.0245869252830743,-0.2536543309688568,0.0072123864665627,-0.2482291162014007,0.015803575515747,-0.2252574861049652,0.0721927806735038,-0.072295106947422,0.1556104272603988,0.0083500882610678,0.2591500878334045,0.1292321681976318,0.266990453004837,0.1396148204803466,0.23324915766716,0.0952523499727249,Walk-From-Chair
289,0.9734976887702942,0.9374930262565612,0.9312735199928284,0.9442405700683594,0.9548091888427734,0.9560115933418274,0.9627979397773744,0.8500239849090576,0.9476984739303588,0.950105369091034,0.9729481339454652,0.9934093356132508,0.9998329877853394,0.0189976524561643,0.9532144069671632,0.0460165590047836,0.9181667566299438,0.060979951173067,0.8892571330070496,0.0619270727038383,0.8797644972801208,0.0614178851246833,0.8186782002449036,0.9964845180511476,0.9975245594978333,0.2900130748748779,0.8611781597137451,0.5780683755874634,0.9081441164016724,0.6791145205497742,0.8439617156982422,0.7270956635475159,0.89400714635849,0.753311038017273,0.7490354776382446,0.7483107447624207,0.7475845813751221,0.7489709258079529,0.7482246160507202,0.7474583387374878,0.7399675250053406,0.7391813397407532,0.7509006261825562,0.7501365542411804,0.7202542424201965,0.7301291227340698,0.7237077951431274,0.7271944284439087,0.7361553907394409,0.7460029721260071,0.7400119304656982,0.7480055689811707,0.742908775806427,0.7528026700019836,0.7414151430130005,0.751968264579773,0.7301685214042664,0.7375844717025757,0.7287614941596985,0.7322241067886353,0.7448732852935791,0.6968740820884705,0.7365487813949585,0.68229079246521,0.7745316028594971,0.724993884563446,0.3347050249576568,0.324867695569992,0.3246529996395111,0.3244827687740326,0.3249947726726532,0.3249258697032928,0.3249205648899078,0.3285976052284241,0.3298951387405395,0.3437752425670624,0.3444574475288391,0.3798196911811828,0.3799343407154083,0.4692891538143158,0.4667486846446991,0.5375261902809143,0.5431926250457764,0.5551289916038513,0.5620555877685547,0.5551485419273376,0.5600894093513489,0.5495118498802185,0.5525497198104858,0.5282371640205383,0.5301626920700073,0.6124942302703857,0.6116193532943726,0.7022603750228882,0.7028010487556458,0.7246381044387817,0.7217451333999634,0.7179625034332275,0.7252147197723389,-0.1054099202156066,-0.0973038673400878,-0.0973052605986595,-0.0972829833626747,-0.1247197613120079,-0.1247628703713417,-0.1248625144362449,-0.0523242466151714,-0.1744206100702285,-0.084875464439392,-0.1206477731466293,0.0286204013973474,-0.2220124006271362,0.0540207996964454,-0.2518469989299774,0.0241427514702081,-0.2412981539964676,0.0237157307565212,-0.2677318453788757,0.0065398230217397,-0.2601726651191711,0.0140601294115185,-0.2376724481582641,0.0771321207284927,-0.0772742331027984,0.1552372425794601,-0.0236149094998836,0.261567622423172,0.0893528908491134,0.2696438431739807,0.0980646610260009,0.2333835363388061,0.0418362617492675,Walk-From-Chair
290,0.9735722541809082,0.937578558921814,0.9315009117126464,0.9442002177238464,0.9547423720359802,0.956038773059845,0.9624807238578796,0.8486548066139221,0.9481787085533142,0.9493626952171326,0.9724901914596558,0.993636667728424,0.9998362064361572,0.0184539593756198,0.9542238712310792,0.0447087660431861,0.920117437839508,0.0593342892825603,0.891617476940155,0.060266762971878,0.8825067281723022,0.0598757527768611,0.8219439387321472,0.9965827465057372,0.9975121021270752,0.2846359610557556,0.8639930486679077,0.5711128115653992,0.9088135957717896,0.6708098649978638,0.8418751358985901,0.7208114266395569,0.8943875432014465,0.7577744722366333,0.7536889910697937,0.7528973817825317,0.7520701289176941,0.7535165548324585,0.7526666522026062,0.751776933670044,0.7433920502662659,0.7430468201637268,0.755020022392273,0.7542335391044617,0.7235644459724426,0.7335875034332275,0.7262269854545593,0.7321224808692932,0.7376163005828857,0.749864399433136,0.7413732409477234,0.7513113617897034,0.7444133758544922,0.755534827709198,0.7429919242858887,0.7549031376838684,0.7330349683761597,0.7407590746879578,0.7327474355697632,0.7307168245315552,0.7462784051895142,0.690233051776886,0.738860547542572,0.6763859987258911,0.7690871953964233,0.7198824286460876,0.3341231644153595,0.3242369294166565,0.3240112960338592,0.3238324820995331,0.3244032263755798,0.3243592381477356,0.3243649303913116,0.3279354274272918,0.3293323218822479,0.3433366119861603,0.3439965546131134,0.3794460892677307,0.3792572915554046,0.4692462384700775,0.4647354483604431,0.5372185111045837,0.542529284954071,0.5549122095108032,0.5610681772232056,0.5546716451644897,0.5596466660499573,0.5491390228271484,0.5521246194839478,0.526212751865387,0.52869713306427,0.6104568243026733,0.6164385676383972,0.6982481479644775,0.7040520906448364,0.7222698926925659,0.7220219373703003,0.7192913293838501,0.7284026741981506,-0.1046297997236251,-0.0969752892851829,-0.0969799980521202,-0.0969568192958831,-0.1237166300415992,-0.1237586513161659,-0.1238612085580825,-0.0524663031101226,-0.1739013642072677,-0.0841937661170959,-0.119351252913475,0.0284789241850376,-0.2198961973190307,0.051771230995655,-0.2489118874073028,0.0197941847145557,-0.2391350269317627,0.0208365023136138,-0.2639133632183075,0.0025780964642763,-0.2557361423969269,0.0096881203353405,-0.2348136454820633,0.0768767893314361,-0.0770203918218612,0.1434996277093887,-0.0239123590290546,0.2432450801134109,0.0877077281475067,0.2497801333665847,0.0963528379797935,0.2105497866868972,0.0417975112795829,Walk-From-Chair
291,0.9751171469688416,0.9412975907325744,0.9354905486106871,0.9472156167030334,0.9575243592262268,0.9587889909744264,0.9646823406219482,0.8549616932868958,0.9516423940658568,0.9517268538475036,0.973932921886444,0.9940589666366576,0.9998472929000854,0.0183438714593648,0.9558216333389282,0.0443695560097694,0.9228315949440002,0.0586143210530281,0.8948252201080322,0.0596518516540527,0.8863126635551453,0.0593252256512641,0.8264631032943726,0.996798038482666,0.9976786971092224,0.2930210530757904,0.8732765316963196,0.5839961767196655,0.914920210838318,0.6771897077560425,0.8472582697868347,0.7295302748680115,0.9009637236595154,0.7604295611381531,0.7567360997200012,0.7559958696365356,0.7551587820053101,0.7563086152076721,0.755370020866394,0.7543640732765198,0.7456815242767334,0.7451609969139099,0.7576497793197632,0.7566618919372559,0.7271189093589783,0.7338513731956482,0.7335507869720459,0.731899619102478,0.7440468668937683,0.7529943585395813,0.7476288676261902,0.7546576261520386,0.7508261799812317,0.7588886618614197,0.7494010925292969,0.758219838142395,0.7377157211303711,0.7435008883476257,0.7383231520652771,0.7297748327255249,0.7523230910301208,0.6891083121299744,0.7438207864761353,0.6750276684761047,0.7856707572937012,0.716754138469696,0.333804190158844,0.3238242864608764,0.3235687911510467,0.3233540952205658,0.3239730298519134,0.3238789439201355,0.323839008808136,0.3273907899856567,0.3288042843341827,0.3431145250797272,0.3437620103359222,0.3787036836147308,0.3785130083560943,0.4684744775295257,0.4647709131240845,0.5371156930923462,0.5420734882354736,0.5543838143348694,0.5601990818977356,0.5545013546943665,0.5584260821342468,0.5488006472587585,0.551223635673523,0.526121199131012,0.528424859046936,0.6096019148826599,0.6187346577644348,0.6961719989776611,0.7051354646682739,0.7196769118309021,0.7222650051116943,0.7168036103248596,0.7311634421348572,-0.1351232826709747,-0.126673012971878,-0.1266702562570572,-0.1266414225101471,-0.1541405469179153,-0.154191255569458,-0.1542921066284179,-0.0741670355200767,-0.1997616440057754,-0.1113279908895492,-0.1477255523204803,0.0177802294492721,-0.2434240132570266,0.0472312979400157,-0.2720569372177124,0.0114725967869162,-0.2608926892280578,0.0119103975594043,-0.2882254719734192,-0.008857718668878,-0.2822481095790863,0.0006471303058788,-0.2577235996723175,0.0815966874361038,-0.0817902013659477,0.1829471886157989,-0.0269020311534404,0.317593514919281,0.087056778371334,0.3274758458137512,0.0958055034279823,0.2879176139831543,0.0347393751144409,Walk-From-Chair
292,0.9767871499061584,0.9452486038208008,0.9396378993988036,0.9505954384803772,0.960474967956543,0.9616785049438475,0.9670963287353516,0.8621835708618164,0.9551562666893004,0.9545922875404358,0.97553688287735,0.9944762587547302,0.9998566508293152,0.0196234863251447,0.9576180577278136,0.0465683303773403,0.9258663654327391,0.0603196769952774,0.8982123136520386,0.0617149882018566,0.8902279138565063,0.0614204406738281,0.8312414288520813,0.9969823956489564,0.9977899193763732,0.2987961173057556,0.880544126033783,0.5919659733772278,0.9201513528823853,0.6807981133460999,0.8517279028892517,0.735645592212677,0.9067913889884948,0.761568009853363,0.7575287222862244,0.7568379640579224,0.7561172842979431,0.7573569416999817,0.7566000819206238,0.755808413028717,0.7481198310852051,0.7473074197769165,0.7592422366142273,0.7584605813026428,0.733341634273529,0.7364971041679382,0.7449526786804199,0.7336663603782654,0.7595192193984985,0.7564542889595032,0.7643699645996094,0.7588829398155212,0.7673417329788208,0.763666570186615,0.765211284160614,0.7626911401748657,0.7445340156555176,0.7454750537872314,0.7448049783706665,0.7298991680145264,0.7547678351402283,0.688715398311615,0.7468608021736145,0.6746093034744263,0.785025954246521,0.7163753509521484,0.3323480486869812,0.3224298357963562,0.3222135603427887,0.3220430016517639,0.3226545751094818,0.32266765832901,0.3227281272411346,0.3265714049339294,0.3282351195812225,0.3417729139328003,0.3424854874610901,0.3776317834854126,0.3780215084552765,0.4646192193031311,0.4631773829460144,0.5320951342582703,0.5407671332359314,0.548279881477356,0.5582533478736877,0.5488747954368591,0.5559763312339783,0.5433487296104431,0.5491471886634827,0.5242447257041931,0.5264142155647278,0.6092453598976135,0.619499146938324,0.6962833404541016,0.7052242755889893,0.7193674445152283,0.7208023071289062,0.7162573337554932,0.7329733967781067,-0.142067551612854,-0.1332261711359024,-0.1332277655601501,-0.1332092732191085,-0.1608744412660598,-0.1609226763248443,-0.1610170602798462,-0.0774104818701744,-0.2037468403577804,-0.1170675605535507,-0.1536556631326675,0.0175106041133403,-0.248003676533699,0.0477500483393669,-0.2786688208580017,0.0128193367272615,-0.2681776881217956,0.0128289144486188,-0.2963172793388366,-0.0080565745010972,-0.2915595173835754,0.0021256781183183,-0.2655777633190155,0.0838960856199264,-0.0840866938233375,0.1752645671367645,-0.0281844232231378,0.2985042929649353,0.0919184833765029,0.3072279095649719,0.1011369228363037,0.2675584852695465,0.0398198440670967,Walk-From-Chair
293,0.977551519870758,0.947323739528656,0.9416888952255248,0.9522112607955932,0.9620667099952698,0.9633110165596008,0.9683581590652466,0.863861083984375,0.9572415351867676,0.9551528692245485,0.975897490978241,0.9948012828826904,0.9998642802238464,0.0192348472774028,0.9593311548233032,0.0457584410905838,0.9298373460769652,0.0591317564249038,0.90321284532547,0.0605580806732177,0.8958165645599365,0.0602303482592105,0.8383792042732239,0.9971783757209778,0.997925341129303,0.3005429804325104,0.885709285736084,0.5963758826255798,0.9240387678146362,0.6798251271247864,0.8539987206459045,0.7381349802017212,0.9112102389335632,0.7633578181266785,0.7599722146987915,0.7593218684196472,0.7586301565170288,0.7595924735069275,0.7587383389472961,0.7578578591346741,0.7497308254241943,0.7489362955093384,0.7613058090209961,0.7601149082183838,0.7326029539108276,0.7397084832191467,0.7402120232582092,0.7440680265426636,0.7510474920272827,0.7631582617759705,0.754642903804779,0.7660682797431946,0.7578418254852295,0.7694845795631409,0.7564951181411743,0.7684990167617798,0.7442013621330261,0.7491477727890015,0.7475001215934753,0.7382153272628784,0.7559110522270203,0.6916695833206177,0.7483359575271606,0.6767504215240479,0.7846853733062744,0.7166028022766113,0.3323870003223419,0.3225329220294952,0.3222877383232116,0.3220717310905456,0.3227539360523224,0.3227421939373016,0.3227769434452057,0.3263699114322662,0.3281857073307037,0.3418208062648773,0.3425187468528747,0.376788318157196,0.3780300915241241,0.4640433490276336,0.4630727469921112,0.5298046469688416,0.5394133925437927,0.5458564162254333,0.5564057230949402,0.545551598072052,0.553878903388977,0.5397723913192749,0.5476152300834656,0.5243145823478699,0.5263916254043579,0.6087483167648315,0.6174203753471375,0.6965333223342896,0.7041482329368591,0.7186549305915833,0.7162052392959595,0.7162317633628845,0.733066976070404,-0.1365664452314376,-0.1285942494869232,-0.1285979449748993,-0.1285777688026428,-0.1565365493297577,-0.1565886735916137,-0.1566902697086334,-0.0777487680315971,-0.2064199447631836,-0.1130450963973999,-0.1500040590763092,0.0169127788394689,-0.2520745098590851,0.0482742264866828,-0.2772932648658752,0.0147344721481204,-0.2647494077682495,0.0170527752488851,-0.2927424311637878,-0.0046749059110879,-0.2864441275596618,0.0038042434025555,-0.2614950835704803,0.084878459572792,-0.0850981920957565,0.1797350198030471,-0.0274094380438327,0.3095192313194275,0.0933625251054763,0.3189966082572937,0.1028654798865318,0.2814739346504211,0.0450450107455253,Walk-From-Chair
294,0.9781172275543212,0.9492717385292052,0.9436564445495604,0.953770875930786,0.9633926153182985,0.9646545648574828,0.9692898392677308,0.8660299181938171,0.958738088607788,0.9556527733802797,0.9760640263557434,0.9950932860374452,0.999869465827942,0.0191750545054674,0.9597207903862,0.0453950315713882,0.9322127103805542,0.0584614500403404,0.906291961669922,0.0598431266844272,0.899230420589447,0.0594982169568538,0.8421435356140137,0.9973698258399964,0.9980536103248596,0.3011592328548431,0.8904570937156677,0.5994361639022827,0.9273895621299744,0.6767719984054565,0.8548524379730225,0.7387742400169373,0.9148035645484924,0.7656142115592957,0.7616731524467468,0.7609760761260986,0.7602656483650208,0.7616450786590576,0.7609630227088928,0.7602565288543701,0.7520629167556763,0.7523688673973083,0.7641394138336182,0.7632150650024414,0.7324284315109253,0.748240053653717,0.7395222187042236,0.7580439448356628,0.7504541277885437,0.7713378667831421,0.7533079385757446,0.7746614217758179,0.7574458122253418,0.7770988941192627,0.7565573453903198,0.7760893106460571,0.7455631494522095,0.7519940137863159,0.7515655755996704,0.7440857887268066,0.7565674185752869,0.6935044527053833,0.7499441504478455,0.678425133228302,0.7849099040031433,0.7178565263748169,0.3321962058544159,0.322122186422348,0.3217882812023163,0.3214856088161468,0.3224695324897766,0.3224772810935974,0.3225496113300323,0.3254736363887787,0.3278306424617767,0.3414076566696167,0.342208057641983,0.3761881589889526,0.377899169921875,0.4633406400680542,0.4615748524665832,0.5274950265884399,0.5382758378982544,0.543338418006897,0.5544713735580444,0.542816162109375,0.5523207783699036,0.5372539758682251,0.5462684631347656,0.5235007405281067,0.5263680815696716,0.6075088381767273,0.6150504350662231,0.6967059969902039,0.7029945254325867,0.7186000347137451,0.7131102681159973,0.7162297964096069,0.7332361340522766,-0.1319094002246856,-0.1267748922109604,-0.1267886012792587,-0.1267983019351959,-0.1561937630176544,-0.1562629044055938,-0.1563765704631805,-0.0741002112627029,-0.1989688128232956,-0.1125632673501968,-0.1480517089366912,0.0178049635142087,-0.2457241117954254,0.0510578267276287,-0.2706061601638794,0.0242204684764146,-0.2591016590595245,0.0273304674774408,-0.2862285375595093,0.0061083026230335,-0.2811912596225738,0.013680949807167,-0.2563698887825012,0.0844203382730484,-0.0846492946147918,0.1844412833452224,-0.0246026292443275,0.3149271309375763,0.0948389247059822,0.3247297406196594,0.1044058948755264,0.2907168567180633,0.0486689731478691,Walk-From-Chair
295,0.9772626161575316,0.9482523798942566,0.9425158500671388,0.9523870944976808,0.9625824093818665,0.9640223383903505,0.9681121110916138,0.8603218197822571,0.9580829739570618,0.95400470495224,0.9751938581466676,0.9954041838645936,0.9998769164085388,0.0202309805899858,0.95995831489563,0.0464934334158897,0.9353089332580566,0.0593938492238521,0.9106113910675048,0.0606106929481029,0.9039536118507384,0.0600365735590457,0.8479759097099304,0.997569739818573,0.9982011318206788,0.3024857342243194,0.8955954313278198,0.6041895747184753,0.930207371711731,0.6728622317314148,0.8547924160957336,0.7383557558059692,0.9178063273429872,0.7678202390670776,0.7641071081161499,0.7633343935012817,0.7625787258148193,0.7644232511520386,0.7639208436012268,0.7634127736091614,0.7544182538986206,0.7558586001396179,0.7659568786621094,0.7656134366989136,0.7301806211471558,0.757032036781311,0.7365687489509583,0.7660779356956482,0.7476854920387268,0.7780337333679199,0.7468085289001465,0.7813947796821594,0.7543591260910034,0.7837437987327576,0.7533443570137024,0.7812882661819458,0.7442220449447632,0.7577944397926331,0.7530764937400818,0.7493296265602112,0.7587696313858032,0.693597674369812,0.751076877117157,0.6801447868347168,0.7871302962303162,0.7198864221572876,0.3317933976650238,0.3219728767871856,0.3216174244880676,0.3212981820106506,0.3223210275173187,0.3223070204257965,0.3223688304424286,0.3247729837894439,0.327239453792572,0.340631753206253,0.3415296971797943,0.3762286007404327,0.3769601583480835,0.4600961804389953,0.4602316915988922,0.5221216082572937,0.5366331934928894,0.5316113829612732,0.5523288249969482,0.53724205493927,0.5502604246139526,0.5322093367576599,0.544289767742157,0.5236150026321411,0.5264045596122742,0.607605516910553,0.6146501302719116,0.6976266503334045,0.6998037695884705,0.718653678894043,0.7080376148223877,0.7162626385688782,0.7329061031341553,-0.0948108583688736,-0.0915512293577194,-0.0915607362985611,-0.0915493965148925,-0.1186204329133033,-0.1186686307191848,-0.1187827736139297,-0.0618659630417823,-0.1842396110296249,-0.0795277506113052,-0.1147906929254531,0.0221627093851566,-0.2419739216566085,0.0599282793700695,-0.2550217807292938,0.0462664291262626,-0.2328418046236038,0.0521052107214927,-0.2583499252796173,0.0324903354048728,-0.2516703307628631,0.0370110049843788,-0.2292517125606537,0.0839306563138961,-0.0841743648052215,0.1893337070941925,-0.0327563397586345,0.3220536112785339,0.0826384574174881,0.332405149936676,0.0924792513251304,0.3044847846031189,0.043663140386343,Walk-From-Chair
296,0.9777767658233644,0.9492488503456116,0.9435779452323914,0.9530468583106996,0.9635149240493774,0.9649400115013124,0.9685074687004088,0.8602617979049683,0.9591025114059448,0.9549288153648376,0.9757863879203796,0.9957730770111084,0.9998864531517028,0.0242696125060319,0.9605700969696044,0.0519828870892524,0.938107967376709,0.0644062906503677,0.9143273234367372,0.065433457493782,0.9081035256385804,0.0641735717654228,0.8532847762107849,0.9977775812149048,0.9983543753623962,0.3098601996898651,0.9033446311950684,0.6147816181182861,0.9350464344024658,0.6750854253768921,0.8618096113204956,0.7425163984298706,0.9235092401504515,0.7705577611923218,0.7663555145263672,0.7654778957366943,0.7646285891532898,0.7669427394866943,0.7665152549743652,0.766086757183075,0.7559601664543152,0.7585019469261169,0.7683513164520264,0.7684420943260193,0.7293674945831299,0.7614914178848267,0.7360914945602417,0.7700752019882202,0.7434249520301819,0.782412588596344,0.741279125213623,0.7853115200996399,0.7531107068061829,0.786932110786438,0.7519127130508423,0.7856128811836243,0.7459636330604553,0.7623854875564575,0.7573521733283997,0.7573408484458923,0.75648033618927,0.7004541158676147,0.7496090531349182,0.6836661100387573,0.7869991660118103,0.7211441397666931,0.3314615488052368,0.3215190172195434,0.3211708962917328,0.3208761215209961,0.3218261301517486,0.3217789530754089,0.3218236565589905,0.3242860734462738,0.3265209197998047,0.3401674032211303,0.3409978747367859,0.3763305842876434,0.375488132238388,0.4576263427734375,0.4576058685779571,0.5191605687141418,0.5345315337181091,0.5312517285346985,0.5511266589164734,0.5367271900177002,0.55016028881073,0.5317949652671814,0.5438374876976013,0.5241541266441345,0.5264304876327515,0.6091949939727783,0.6148891448974609,0.6998745203018188,0.6950775980949402,0.7192373871803284,0.7005144357681274,0.7163506150245667,0.7326774597167969,-0.0668112412095069,-0.0640890225768089,-0.0641012117266655,-0.0640861019492149,-0.0912452861666679,-0.0912890806794166,-0.0914069861173629,-0.040033645927906,-0.1633534282445907,-0.0529636144638061,-0.0887647196650505,0.0401579365134239,-0.2311752736568451,0.0765857174992561,-0.2510946393013,0.0679882392287254,-0.231354758143425,0.0748552531003952,-0.2571532130241394,0.0550394281744957,-0.250040739774704,0.0584692731499671,-0.2276907265186309,0.0881858095526695,-0.0884595066308975,0.1905363947153091,-0.0700785666704177,0.3157458901405334,0.0384997799992561,0.3252147436141968,0.0484193190932273,0.2942241728305816,0.000181371171493,Walk-From-Chair
297,0.9764775037765504,0.9471771121025084,0.9413776993751526,0.9508962035179138,0.9617980718612672,0.9630111455917358,0.9659596681594848,0.8545225858688354,0.9568166732788086,0.9535806179046632,0.9747897386550904,0.9960984587669371,0.99989253282547,0.0333644859492778,0.957809329032898,0.0570123270153999,0.9349067211151124,0.0682671293616294,0.910299837589264,0.0690459534525871,0.9042953848838806,0.0672106221318245,0.847637414932251,0.9979695677757264,0.9984948635101318,0.3107257783412933,0.9081156849861144,0.6209940910339355,0.9382143020629884,0.6746244430541992,0.8660302758216858,0.7410271763801575,0.9276439547538756,0.7722525000572205,0.7683769464492798,0.7676112651824951,0.7668905854225159,0.7685460448265076,0.7679557204246521,0.767345666885376,0.7584811449050903,0.759611964225769,0.7701749801635742,0.7697188854217529,0.7307103872299194,0.7637757062911987,0.7346771359443665,0.7746802568435669,0.7429386377334595,0.787168562412262,0.741287350654602,0.7896308898925781,0.7521147727966309,0.7905009984970093,0.7510725259780884,0.7893831133842468,0.7489251494407654,0.7663700580596924,0.761821448802948,0.7646884918212891,0.7574368119239807,0.7107983827590942,0.7518851161003113,0.6931599378585815,0.7871671915054321,0.7251471877098083,0.3315382003784179,0.321573793888092,0.3212238848209381,0.3209260106086731,0.3218763768672943,0.321821004152298,0.3218496143817901,0.3243148922920227,0.326564222574234,0.3402563631534576,0.3410660624504089,0.3775227665901184,0.3764567077159881,0.4570169150829315,0.458149254322052,0.5176662802696228,0.5342969298362732,0.5297272801399231,0.5509987473487854,0.5346754789352417,0.5491427183151245,0.5298203825950623,0.5432164669036865,0.5257360339164734,0.5281568169593811,0.6110910177230835,0.6154975295066833,0.6998773217201233,0.6901998519897461,0.7185999751091003,0.6913658976554871,0.7155267000198364,0.7309629321098328,-0.0477476380765438,-0.0456771589815616,-0.0457068458199501,-0.045706070959568,-0.0713966712355613,-0.071428008377552,-0.0715406090021133,-0.0264984779059886,-0.1427527964115142,-0.035871535539627,-0.0696144625544548,0.0454558953642845,-0.2098615169525146,0.088146299123764,-0.2265431135892868,0.0961484163999557,-0.1985714882612228,0.1043164357542991,-0.220691442489624,0.08748559653759,-0.2156622856855392,0.0883097425103187,-0.1957850754261016,0.0879124850034713,-0.0881839245557785,0.2114221602678299,-0.0544735677540302,0.3520166277885437,0.0616402328014373,0.3635087609291076,0.0724173858761787,0.3372387886047363,0.0231642220169305,Walk-From-Chair
298,0.9744411110877992,0.9435904026031494,0.9370789527893066,0.9471582174301147,0.9593252539634703,0.9605032801628112,0.9632726907730104,0.844277024269104,0.95436429977417,0.950226068496704,0.9729613065719604,0.9962974190711976,0.99989515542984,0.0330057814717292,0.9564976692199708,0.0572547763586044,0.935104250907898,0.0688795372843742,0.9109512567520142,0.0694752857089042,0.9050512313842772,0.0673978999257087,0.8478420376777649,0.9981158375740052,0.9985907077789308,0.3031266927719116,0.9107661843299866,0.6140093803405762,0.9394727349281312,0.667705237865448,0.8681167960166931,0.7348176836967468,0.9298732876777648,0.7756211161613464,0.7720146775245667,0.7715327143669128,0.7709699273109436,0.7713011503219604,0.7703225016593933,0.7692696452140808,0.7632743120193481,0.7603099942207336,0.773714005947113,0.7724244594573975,0.7352744936943054,0.7634320855140686,0.7390355467796326,0.7752574682235718,0.7512239217758179,0.7905243635177612,0.752962589263916,0.7936975359916687,0.7589132785797119,0.7962916493415833,0.7580668330192566,0.7948155999183655,0.7552732825279236,0.7689077258110046,0.7644238471984863,0.7728332281112671,0.7540336847305298,0.7228940725326538,0.7482672333717346,0.704869270324707,0.7845949530601501,0.7356579303741455,0.3315552771091461,0.3215837776660919,0.3212444186210632,0.3209563791751861,0.3218790292739868,0.3218320310115814,0.3218675553798675,0.3243560194969177,0.3265479505062103,0.3402848243713379,0.3410767614841461,0.3782959580421448,0.3764814734458923,0.4590582847595215,0.458252876996994,0.5187699198722839,0.5329957604408264,0.5314878225326538,0.5502411127090454,0.5357688665390015,0.5480688214302063,0.5309088230133057,0.5424185991287231,0.5275567770004272,0.5294727683067322,0.6131962537765503,0.617091953754425,0.6992925405502319,0.6888944506645203,0.7175544500350952,0.6902919411659241,0.7156506180763245,0.7269307971000671,-0.0677274763584137,-0.0637149736285209,-0.0637405067682266,-0.0637380480766296,-0.0905594453215599,-0.0905919671058654,-0.090699590742588,-0.0342832691967487,-0.155186578631401,-0.0518816784024238,-0.0870948955416679,0.0451676920056343,-0.2147541493177414,0.0829424262046814,-0.2355096042156219,0.0724518224596977,-0.2285060435533523,0.0781678631901741,-0.2577478289604187,0.0590124800801277,-0.247720330953598,0.0631706863641738,-0.2246442586183548,0.0878557860851287,-0.0881091058254242,0.2141783535480499,-0.0481212623417377,0.3530205190181732,0.0930307880043983,0.3643459677696228,0.1071501597762107,0.3367956280708313,0.0669276788830757,Walk-From-Chair
299,0.9737953543663024,0.9426977038383484,0.9365405440330504,0.9461672306060792,0.9582636952400208,0.9593318700790404,0.9612082839012146,0.8451831340789795,0.9527289867401124,0.9495379328727722,0.9719853401184082,0.9965495467185974,0.9998988509178162,0.0396400280296802,0.9566829800605774,0.0600316487252712,0.935093343257904,0.0714518204331398,0.9106882214546204,0.0717106163501739,0.904725193977356,0.0693931356072425,0.8467527031898499,0.9982441663742064,0.9986651539802552,0.2867565155029297,0.9086570739746094,0.5942370295524597,0.939289689064026,0.653987467288971,0.8691259026527405,0.7188703417778015,0.930601954460144,0.776518702507019,0.7730263471603394,0.7724668383598328,0.7718610763549805,0.7727534770965576,0.771978497505188,0.7711612582206726,0.7638058662414551,0.7633243799209595,0.774522602558136,0.7737585306167603,0.734747588634491,0.7705885171890259,0.7383860349655151,0.7813526391983032,0.7498059868812561,0.7957912683486938,0.7508561611175537,0.7984338402748108,0.7575041055679321,0.7998180389404297,0.7567609548568726,0.798440158367157,0.7539965510368347,0.7721341848373413,0.765378475189209,0.7800557017326355,0.7536286115646362,0.7390018105506897,0.7536810040473938,0.72029048204422,0.7845693826675415,0.7598889470100403,0.3322126269340515,0.3221141695976257,0.3218200504779815,0.3215823471546173,0.3223286867141723,0.3222716450691223,0.3223000168800354,0.3249849677085876,0.3267933428287506,0.3410931527614593,0.3416686952114105,0.3811635673046112,0.3766155242919922,0.4618622362613678,0.4586218297481537,0.5197681784629822,0.5316498875617981,0.5318984985351562,0.5488850474357605,0.5357505083084106,0.547011137008667,0.5310688614845276,0.54073166847229,0.5291521549224854,0.5306299328804016,0.6142410039901733,0.6171255111694336,0.696564793586731,0.6898231506347656,0.7195013761520386,0.6947712302207947,0.7155435085296631,0.7248478531837463,-0.0324941501021385,-0.0303309354931116,-0.0303682424128055,-0.030373265966773,-0.0557829067111015,-0.05579499527812,-0.0558850094676017,-0.0118440566584467,-0.1260838359594345,-0.0206697508692741,-0.0538535937666893,0.0576324984431266,-0.1969799101352691,0.0943621546030044,-0.2270877808332443,0.0963737741112709,-0.2171956598758697,0.1059556156396865,-0.2421591579914093,0.0890139788389206,-0.2325702011585235,0.0886119902133941,-0.2133029401302337,0.0877330526709556,-0.0880026742815971,0.2182239294052124,-0.011148115620017,0.3350376784801483,0.1084893196821212,0.3453281223773956,0.120811641216278,0.3188590705394745,0.0852278545498848,Walk-From-Chair
300,0.9745008945465088,0.9444116353988647,0.9385119080543518,0.9477158784866332,0.9597018957138062,0.9605974555015564,0.9622901678085328,0.8521212339401245,0.9540427923202516,0.9512080550193788,0.972934901714325,0.9967270493507384,0.9999006986618042,0.0455136485397815,0.9577661752700806,0.064517430961132,0.9367849826812744,0.0764146074652671,0.9126906394958496,0.0761977806687355,0.9067336320877076,0.0734771639108657,0.8491807579994202,0.9983149766921996,0.9987065196037292,0.2723015546798706,0.9008187055587769,0.5737041234970093,0.9364013075828552,0.6387438178062439,0.8681497573852539,0.7026066780090332,0.9291895627975464,0.7819647192955017,0.7772481441497803,0.776232123374939,0.7751675844192505,0.7781489491462708,0.7777906656265259,0.7774296998977661,0.7664647102355957,0.7705751061439514,0.7797026634216309,0.780326247215271,0.735126256942749,0.7769196033477783,0.7371343374252319,0.7853754758834839,0.748576819896698,0.7991509437561035,0.7498412132263184,0.8023239970207214,0.7562400698661804,0.8030673861503601,0.7555457949638367,0.801733672618866,0.7537151575088501,0.7773889899253845,0.7643488645553589,0.7876340746879578,0.7533749341964722,0.7542358636856079,0.7528888583183289,0.7383970022201538,0.7795947790145874,0.7726303339004517,0.3310878574848175,0.3212425410747528,0.3210577666759491,0.3209226727485657,0.3213237524032593,0.321262389421463,0.3212669193744659,0.3247832655906677,0.3261261582374573,0.3402847051620483,0.3405898511409759,0.3824493288993835,0.3766365051269531,0.4616794288158417,0.4590592980384826,0.5186579823493958,0.5319542288780212,0.5330113768577576,0.5487124919891357,0.5339276790618896,0.5467175245285034,0.5277844667434692,0.540558934211731,0.5323657393455505,0.5319389700889587,0.6141226291656494,0.6162188053131104,0.6963472366333008,0.6908887624740601,0.7158396244049072,0.697860062122345,0.718534529209137,0.7245455980300903,-0.0111866537481546,-0.0103357648476958,-0.0103650884702801,-0.010364132001996,-0.0357567779719829,-0.0357705764472484,-0.035862062126398,-0.0003149929398205,-0.1143677830696106,-0.0026696331333369,-0.0357618704438209,0.0586093887686729,-0.1849058717489242,0.0912851318717002,-0.2197655886411667,0.0898895338177681,-0.2118500918149948,0.0993391573429107,-0.2348717749118805,0.0826132521033287,-0.223869651556015,0.0822502598166465,-0.207161858677864,0.0845074206590652,-0.0848077312111854,0.2091409713029861,-0.0048825582489371,0.2882264256477356,0.0884701907634735,0.2937773168087005,0.0968637987971305,0.2737911641597748,0.083066776394844,Walk-From-Chair
301,0.9755537509918212,0.9471840858459472,0.9414505958557128,0.9502215385437012,0.9616879224777222,0.962340235710144,0.9639808535575868,0.8605191111564636,0.9556081295013428,0.9523972868919371,0.9734321236610411,0.9967373609542848,0.999891757965088,0.0450860410928726,0.9565072059631348,0.0623988062143325,0.934302568435669,0.0746523514389991,0.910228669643402,0.074236199259758,0.9039955139160156,0.0718288719654083,0.8449499011039734,0.99834805727005,0.998691201210022,0.2617676258087158,0.8933259844779968,0.5599468946456909,0.932732105255127,0.6299072504043579,0.8646775484085083,0.6909804940223694,0.9247804284095764,0.7859212160110474,0.7811070680618286,0.7801085710525513,0.7790948748588562,0.7816452383995056,0.7810589671134949,0.780447244644165,0.7699172496795654,0.7723068594932556,0.7833551168441772,0.7836859822273254,0.7377385497093201,0.7773820161819458,0.737637996673584,0.785620927810669,0.7534099221229553,0.7987799644470215,0.7529478669166565,0.8017691373825073,0.7606716156005859,0.803133487701416,0.7603970766067505,0.8015004396438599,0.7544792890548706,0.7797521352767944,0.7638616561889648,0.795343816280365,0.7558779716491699,0.7669119834899902,0.7502707839012146,0.751902163028717,0.7794901728630066,0.7832638025283813,0.3304838240146637,0.3206988871097564,0.320527970790863,0.3204258382320404,0.3208766877651214,0.3208784759044647,0.3209573030471802,0.3243936896324157,0.3259405195713043,0.3397657573223114,0.3401529192924499,0.3823085129261017,0.376645028591156,0.4616467654705047,0.4589502513408661,0.5164989829063416,0.5292271375656128,0.5302053093910217,0.5465360879898071,0.5298150777816772,0.5439037680625916,0.525156557559967,0.5374997854232788,0.532136857509613,0.5320776700973511,0.6121793389320374,0.6110464334487915,0.6963785290718079,0.692632794380188,0.715382993221283,0.704842746257782,0.7205379009246826,0.7246016263961792,-0.0257228054106235,-0.0212334394454956,-0.0212618969380855,-0.0212705433368682,-0.0471213981509208,-0.0471042580902576,-0.0471656993031501,0.0024942744057625,-0.1132531017065048,-0.0122876456007361,-0.0458424612879753,0.0672971159219741,-0.176827847957611,0.1076477989554405,-0.2073213756084442,0.1080009341239929,-0.1882132589817047,0.1167108416557312,-0.2096980512142181,0.1003656387329101,-0.2007170915603637,0.1005709543824195,-0.1839088499546051,0.0814523845911026,-0.0817705988883972,0.2146232426166534,0.0386857464909553,0.2990294694900512,0.1474412977695465,0.3048411905765533,0.1587255597114563,0.3001210391521454,0.1390221863985061,Walk-From-Chair
302,0.9755104780197144,0.94798344373703,0.9418432712554932,0.9505155086517334,0.9624227285385132,0.962876319885254,0.9647314548492432,0.8630897998809814,0.9560607075691224,0.9492207765579224,0.9714685678482056,0.99633127450943,0.9998691082000732,0.0429395474493503,0.953828752040863,0.0590602830052375,0.9275109171867372,0.0711875930428505,0.9024150371551514,0.0706438273191452,0.8957407474517822,0.0684586688876152,0.8343324661254883,0.9981340765953064,0.9984496235847472,0.2548949122428894,0.8833070993423462,0.5419759750366211,0.9243651032447816,0.611988365650177,0.8544819951057434,0.6729581356048584,0.9156157970428468,0.7883251905441284,0.7841118574142456,0.7833584547042847,0.782565712928772,0.7839406728744507,0.7830813527107239,0.7821617126464844,0.7738137245178223,0.773067831993103,0.7858175039291382,0.7852978706359863,0.7439948320388794,0.7769867777824402,0.7456538677215576,0.7873193025588989,0.7606915831565857,0.8005707859992981,0.7620130777359009,0.8031285405158997,0.7673837542533875,0.8047842979431152,0.7672588229179382,0.8032360076904297,0.7568956017494202,0.7820383310317993,0.7640820741653442,0.8008409738540649,0.7568078637123108,0.7721280455589294,0.7483735680580139,0.7573314905166626,0.7838287949562073,0.7951282858848572,0.3299221098423004,0.3199982047080993,0.3198247849941253,0.3197316229343414,0.3202479183673858,0.3202761113643646,0.3203987777233124,0.3238762617111206,0.3255702257156372,0.339244931936264,0.3397236764431,0.3818622231483459,0.3764195144176483,0.4588961899280548,0.4591765701770782,0.5169931054115295,0.529371976852417,0.5310271978378296,0.5462027192115784,0.5306577086448669,0.543648898601532,0.525938868522644,0.5374451875686646,0.5320267081260681,0.5320339798927307,0.6117517948150635,0.6107560992240906,0.6978750824928284,0.6947391033172607,0.7162376642227173,0.710607647895813,0.7206563353538513,0.7247716784477234,-0.0416572354733943,-0.0347271338105201,-0.0347558185458183,-0.0347675457596778,-0.0607695654034614,-0.0607648193836212,-0.060839258134365,0.0022551859728991,-0.1136661022901535,-0.0244991462677717,-0.0581534393131732,0.0796457082033157,-0.1760296821594238,0.1176380291581153,-0.2051048278808593,0.1167904138565063,-0.1817606985569,0.1260877549648285,-0.2019485235214233,0.111274279654026,-0.1938248574733734,0.1096856221556663,-0.177630990743637,0.0813577026128768,-0.0816729664802551,0.2026055604219436,0.015468681231141,0.2875469923019409,0.1235227137804031,0.2944259941577911,0.1344051361083984,0.2800995707511902,0.1014567390084266,Walk-From-Chair
303,0.9768205881118774,0.9508399367332458,0.9450546503067015,0.9530317783355712,0.9644916653633118,0.9648979902267456,0.9666977524757384,0.8714047074317932,0.9579843282699584,0.9515249133110046,0.9728395938873292,0.9961333870887756,0.9998659491539,0.0407179556787014,0.9533362984657288,0.056778185069561,0.9262572526931764,0.0694744810461998,0.9014634490013124,0.0687071830034256,0.8943400979042053,0.0665490552783012,0.8327658772468567,0.9980939626693726,0.9984533786773682,0.2684648931026459,0.8895103931427002,0.5507172346115112,0.9267103672027588,0.6174005270004272,0.8578963875770569,0.6767205595970154,0.9150155186653136,0.7898696660995483,0.7865604758262634,0.7860579490661621,0.7855533361434937,0.7859567403793335,0.785004198551178,0.7839483022689819,0.7772074937820435,0.7747185826301575,0.787450909614563,0.7864659428596497,0.7446640729904175,0.7782779932022095,0.7464272379875183,0.7876218557357788,0.7635881304740906,0.8015245199203491,0.7596783638000488,0.8051241040229797,0.7707163691520691,0.8056473731994629,0.7707253694534302,0.8039852380752563,0.7582884430885315,0.7828364968299866,0.7639209032058716,0.800210177898407,0.7579782605171204,0.7851470112800598,0.7497116923332214,0.7763329148292542,0.783475935459137,0.810317873954773,0.3299401998519897,0.3199358880519867,0.3197368085384369,0.3196137249469757,0.3201960325241089,0.3202071785926819,0.3203192055225372,0.3235615193843841,0.3253325521945953,0.3392468988895416,0.3397381603717804,0.3802463412284851,0.3748620748519897,0.4577981829643249,0.4592970013618469,0.5171133279800415,0.5296764969825745,0.5315966010093689,0.5465732216835022,0.53098464012146,0.5439161062240601,0.5267828702926636,0.5379073619842529,0.5313131213188171,0.53089839220047,0.609373152256012,0.6091479659080505,0.6989136934280396,0.6987485289573669,0.7167097926139832,0.727976381778717,0.7146582007408142,0.7246257066726685,-0.0423891320824623,-0.0372473038733005,-0.0372646227478981,-0.0372584499418735,-0.0603216215968132,-0.0603135041892528,-0.0603832826018333,-0.0070689404383301,-0.1105062738060951,-0.0269852094352245,-0.0568278543651104,0.0779687911272049,-0.1617413312196731,0.0867835581302642,-0.1855055391788482,0.0752763599157333,-0.1648620069026947,0.08091851323843,-0.1847570836544037,0.0679560676217079,-0.1788867115974426,0.0690069645643234,-0.1619288772344589,0.0719065517187118,-0.0722168236970901,0.1734252125024795,0.0223009586334228,0.2807239294052124,0.1365316957235336,0.290143758058548,0.1471936553716659,0.2777019739151001,0.1204528585076332,Walk-From-Chair
304,0.978525161743164,0.954432249069214,0.9491279721260072,0.9563574194908142,0.9670878648757936,0.9674901366233826,0.9691623449325562,0.8813037872314453,0.960813045501709,0.9546036124229432,0.974664866924286,0.996079921722412,0.9998673796653748,0.038419734686613,0.952523112297058,0.0543127283453941,0.9251297116279602,0.0674813687801361,0.9006151556968689,0.0665529742836952,0.893123209476471,0.0644106417894363,0.8311511278152466,0.9981351494789124,0.9985090494155884,0.2943728268146515,0.8972383141517639,0.5685082674026489,0.9308992624282836,0.6316251158714294,0.86396723985672,0.685987651348114,0.9171594381332396,0.7924399375915527,0.789309561252594,0.7888170480728149,0.7883389592170715,0.7886888384819031,0.7877753376960754,0.7867964506149292,0.7800451517105103,0.7774686217308044,0.7901960611343384,0.7891274094581604,0.7475084066390991,0.779539167881012,0.7475458383560181,0.7867778539657593,0.7653802633285522,0.8025404810905457,0.7606222033500671,0.8058009147644043,0.7725820541381836,0.8060355186462402,0.7726258039474487,0.8044583201408386,0.7605376839637756,0.7839809656143188,0.7648756504058838,0.8044193983078003,0.7589751482009888,0.7960942387580872,0.7501888275146484,0.7852383255958557,0.7833139300346375,0.824449360370636,0.3299664855003357,0.3199602663516998,0.3197499811649322,0.3196097314357757,0.3202166557312011,0.3202120959758758,0.3203028440475464,0.3234663605690002,0.3252381682395935,0.3392708003520965,0.33976811170578,0.3797437846660614,0.3743661642074585,0.4578407108783722,0.4593825042247772,0.518470048904419,0.5304479002952576,0.5319580435752869,0.5468843579292297,0.5326479077339172,0.5450982451438904,0.5289487838745117,0.5395588278770447,0.5312303304672241,0.5308093428611755,0.6086790561676025,0.6088478565216064,0.6991365551948547,0.7010568380355835,0.7167989015579224,0.7237799167633057,0.7131779193878174,0.7239485383033752,-0.0469182953238487,-0.0418789125978946,-0.041898526251316,-0.0418941341340541,-0.065751813352108,-0.0657487139105796,-0.065818503499031,-0.0115199470892548,-0.1148190125823021,-0.0313322767615318,-0.0621695443987846,0.0684629455208778,-0.1626410186290741,0.0762679651379585,-0.1881906390190124,0.0631320476531982,-0.1699837297201156,0.068736657500267,-0.1906244158744812,0.0544169656932354,-0.1842128485441208,0.0563675239682197,-0.1669095009565353,0.0694594457745552,-0.0697709247469902,0.1680387556552887,0.0276969913393259,0.268503338098526,0.1416189968585968,0.2773977220058441,0.152136355638504,0.2660064101219177,0.1288005411624908,Walk-From-Chair
305,0.979164719581604,0.9558610916137696,0.9508301615715028,0.957828402519226,0.9679821729660034,0.9682267904281616,0.9699921011924744,0.8872871398925781,0.9608799815177916,0.95665842294693,0.9757518768310548,0.9958701133728028,0.999864101409912,0.0379078686237335,0.9511341452598572,0.0535595640540123,0.9228605628013612,0.0671829804778099,0.897984504699707,0.065976895391941,0.8897650837898254,0.0637551620602607,0.8269334435462952,0.9981508255004884,0.998541295528412,0.2975441813468933,0.9005666375160217,0.5703086256980896,0.9316880106925964,0.6325105428695679,0.8657753467559814,0.6856496334075928,0.9154626727104188,0.7923207879066467,0.788847804069519,0.788147509098053,0.7874808311462402,0.7892669439315796,0.7888721227645874,0.7885165810585022,0.7791726589202881,0.7814829349517822,0.7902696132659912,0.7901284098625183,0.7489648461341858,0.7836389541625977,0.7492787837982178,0.7895673513412476,0.7637116312980652,0.804112434387207,0.7591739296913147,0.8068985939025879,0.7706522345542908,0.8073755502700806,0.7706872224807739,0.8060463666915894,0.7626968622207642,0.7865514755249023,0.766261100769043,0.8055963516235352,0.7589000463485718,0.8024471402168274,0.7493426203727722,0.7921408414840698,0.7826071977615356,0.8305870294570923,0.3286121785640716,0.3190536499023437,0.3189229369163513,0.3188736736774444,0.3192946314811706,0.3193217515945434,0.3194522559642792,0.3230058252811432,0.3246021568775177,0.3378743231296539,0.3382655382156372,0.3796463310718536,0.3739460110664367,0.4581353962421417,0.4594447016716003,0.5199309587478638,0.5307247638702393,0.5322838425636292,0.5477393269538879,0.5347349643707275,0.5460500121116638,0.5307868719100952,0.5405479073524475,0.5314180254936218,0.5309703946113586,0.6082042455673218,0.6090863943099976,0.6991697549819946,0.7039400339126587,0.7168229818344116,0.730806291103363,0.7131548523902893,0.7231992483139038,-0.0002323829976376,0.0007768646464683,0.0007582219550386,0.0007749727228656,-0.0208058468997478,-0.0207969639450311,-0.0208852626383304,0.0077952137216925,-0.0885858535766601,0.0065184338018298,-0.021404605358839,0.0627705529332161,-0.1473316401243209,0.0767595171928405,-0.1729683578014373,0.0650476962327957,-0.1551922857761383,0.0709231868386268,-0.1743398159742355,0.0560744106769561,-0.1666295230388641,0.058032214641571,-0.1517983973026275,0.0681173056364059,-0.0684027820825576,0.1621336638927459,0.0319850072264671,0.2529971301555633,0.1324376910924911,0.2609547674655914,0.1419756263494491,0.2469018995761871,0.1145426854491233,Walk-From-Chair
306,0.9796929955482484,0.9563159942626952,0.95164293050766,0.958328902721405,0.968408703804016,0.9687057733535768,0.9704875349998474,0.890632152557373,0.9603362679481506,0.9581623673439026,0.9765517115592957,0.9954532384872437,0.9998602271080016,0.0367720313370227,0.9486392736434937,0.0526791661977767,0.9222792983055116,0.0669856816530227,0.8979089260101318,0.0655146017670631,0.8892356157302856,0.0632816702127456,0.8258650302886963,0.9981876015663148,0.9985926747322084,0.320150077342987,0.9071256518363952,0.5833069086074829,0.935173511505127,0.6467821598052979,0.8726579546928406,0.683157205581665,0.914364755153656,0.7946848273277283,0.7912298440933228,0.7906916737556458,0.79021817445755,0.7914243340492249,0.7909944653511047,0.7906113862991333,0.7830871939659119,0.7839032411575317,0.7928651571273804,0.7926331162452698,0.7524353861808777,0.786980926990509,0.7526341080665588,0.791042685508728,0.7654474973678589,0.8027545809745789,0.7589094042778015,0.8057042360305786,0.7715638875961304,0.8069618940353394,0.7717458009719849,0.8051553964614868,0.7651948928833008,0.7890118360519409,0.7672544121742249,0.8069009780883789,0.7589735984802246,0.8051896095275879,0.7491072416305542,0.79511559009552,0.7820472121238708,0.8320894241333008,0.3281081318855285,0.3187804818153381,0.3187087774276733,0.3187233805656433,0.3190139234066009,0.3190848231315613,0.3192625045776367,0.3230088055133819,0.3245254158973694,0.3374766409397125,0.3377242088317871,0.3794687390327453,0.3737872540950775,0.458023726940155,0.4592233896255493,0.522548258304596,0.5325331091880798,0.5335548520088196,0.5514104962348938,0.5386801362037659,0.5495761036872864,0.5344079732894897,0.5435686707496643,0.5318996906280518,0.5313790440559387,0.608154833316803,0.60931795835495,0.6993312239646912,0.7047005295753479,0.7171314358711243,0.731034517288208,0.7132588624954224,0.7230215668678284,-0.0010448306566104,0.0002092373324558,0.0001890299026854,0.0002152873930754,-0.0221589058637619,-0.0221500750631093,-0.022244518622756,0.0104320207610726,-0.0894799903035163,0.0074290297925472,-0.0216186176985502,0.0615262165665626,-0.150613933801651,0.0776819214224815,-0.1787856370210647,0.0628444477915763,-0.1640646010637283,0.0677951499819755,-0.1856548935174942,0.0523094609379768,-0.1784616261720657,0.0553853809833526,-0.1608962118625641,0.0691053792834281,-0.0694033354520797,0.16720050573349,0.0338567942380905,0.2689716219902038,0.1503340154886245,0.2777497172355652,0.1614062041044235,0.2597860693931579,0.1331749111413955,Walk-From-Chair
307,0.9797176122665404,0.9557204246520996,0.9513651728630066,0.957835853099823,0.9681189656257628,0.9684450626373292,0.970307469367981,0.8923987150192261,0.9592338800430298,0.9590007066726683,0.977091372013092,0.9952131509780884,0.9998575448989868,0.0356136113405227,0.9488139152526855,0.0515523515641689,0.92390239238739,0.0664845630526542,0.9002162218093872,0.0647536963224411,0.8915363550186157,0.0623913370072841,0.829409122467041,0.9981772303581238,0.9986039400100708,0.3448183536529541,0.9120616316795348,0.5963459610939026,0.936588168144226,0.661077618598938,0.8774121999740601,0.6841773390769958,0.9104265570640564,0.8001888394355774,0.7966626882553101,0.7959632277488708,0.7953177690505981,0.796668529510498,0.7960196137428284,0.7953968644142151,0.7867818474769592,0.7871313095092773,0.7978971004486084,0.7972047328948975,0.754598081111908,0.7901625037193298,0.7561020851135254,0.7935655117034912,0.7681301832199097,0.8020824193954468,0.7618294954299927,0.8053573369979858,0.7735728025436401,0.8066156506538391,0.7739775776863098,0.8051077723503113,0.7677179574966431,0.7934332489967346,0.7682540416717529,0.8078324198722839,0.7585455179214478,0.8064290881156921,0.7486394047737122,0.7973032593727112,0.7818940877914429,0.8332821726799011,0.3289354145526886,0.3191191554069519,0.3189668953418731,0.3189000785350799,0.3193863928318023,0.3194063305854797,0.3195328116416931,0.3230450451374054,0.3247532844543457,0.3380559086799621,0.338352769613266,0.3792952597141266,0.3738044500350952,0.4578531980514526,0.4593442976474762,0.524766206741333,0.5357828736305237,0.5373991131782532,0.5560176968574524,0.5418637990951538,0.5540681481361389,0.5374606251716614,0.5469674468040466,0.5326729416847229,0.5328216552734375,0.6088833212852478,0.6106601357460022,0.6996781229972839,0.7067354917526245,0.7172162532806396,0.7323270440101624,0.7133470177650452,0.7230227589607239,-0.010995453223586,-0.0086647439748048,-0.0086842272430658,-0.0086609590798616,-0.0309313740581274,-0.0309249646961689,-0.031014934182167,0.0065656290389597,-0.0927973240613937,-0.0007154926424846,-0.029590805992484,0.0581359155476093,-0.1484262645244598,0.0700601637363433,-0.1750029176473617,0.0535613819956779,-0.1587626039981842,0.0571999140083789,-0.1790797561407089,0.0432290621101856,-0.1738747954368591,0.0466842949390411,-0.1563749015331268,0.0661658495664596,-0.0664693862199783,0.1578826904296875,0.0402652397751808,0.2617921233177185,0.1596060693264007,0.2714896202087402,0.1710147261619568,0.2553728222846985,0.1434800326824188,Walk-From-Chair
308,0.98074871301651,0.957656741142273,0.9536072611808776,0.9598302841186525,0.9695069789886476,0.9697123765945436,0.9716047644615172,0.8982484340667725,0.9605280160903932,0.9613495469093324,0.9783855080604552,0.9950599074363708,0.9998546838760376,0.0352788418531417,0.9474326372146606,0.0519348308444023,0.9246206283569336,0.0678603574633598,0.9013445377349854,0.0657455697655677,0.8924309015274048,0.0632353201508522,0.8308662176132202,0.9980627298355104,0.998545467853546,0.3552854359149933,0.911389172077179,0.5970019102096558,0.9343075156211852,0.6695482134819031,0.8796500563621521,0.6719738841056824,0.8981947898864746,0.8029975891113281,0.7991173267364502,0.7983840107917786,0.7976763844490051,0.7989338636398315,0.798193097114563,0.7974651455879211,0.788820207118988,0.7888143658638,0.8008669018745422,0.800048828125,0.7600367665290833,0.7899138927459717,0.7587316036224365,0.7934545874595642,0.7714182734489441,0.8030668497085571,0.772428035736084,0.8066443204879761,0.7765222787857056,0.8078688383102417,0.7785037755966187,0.8064093589782715,0.772083044052124,0.7967804074287415,0.7696243524551392,0.8056456446647644,0.7583035230636597,0.8037139177322388,0.7487872838973999,0.7955599427223206,0.7784220576286316,0.831978440284729,0.3286357223987579,0.3188138604164123,0.3186475336551666,0.3185570538043976,0.3191278278827667,0.3191675245761871,0.3193024396896362,0.3227475583553314,0.3245366513729095,0.3377397656440735,0.3381116986274719,0.3792353868484497,0.3738389611244201,0.4600529074668884,0.4600075483322143,0.5300540328025818,0.5381872653961182,0.545062243938446,0.5593710541725159,0.5478110909461975,0.557242751121521,0.538908064365387,0.5496061444282532,0.5336591005325317,0.5337830185890198,0.6105145812034607,0.6141624450683594,0.7005814909934998,0.7080491185188293,0.7181922197341919,0.7299891710281372,0.7132778763771057,0.7248566746711731,-0.0125274034217,-0.0087747862562537,-0.0087903104722499,-0.0087681617587804,-0.0321248061954975,-0.032115139067173,-0.0322057455778121,0.0119790509343147,-0.0927513539791107,-0.0004603714332915,-0.0307725369930267,0.0591283738613128,-0.1488395631313324,0.0723143517971038,-0.1787657886743545,0.0512779429554939,-0.1637857109308242,0.0521142072975635,-0.1846982836723327,0.0385422185063362,-0.1797321140766143,0.0441288538277149,-0.1613158732652664,0.0652851164340972,-0.0655891448259353,0.1644715070724487,0.0470929071307182,0.2720517516136169,0.1724760979413986,0.2842797935009002,0.1848862320184707,0.2688636779785156,0.1530934423208236,Walk-From-Chair
309,0.98131263256073,0.9586119055747986,0.9547985196113586,0.9608909487724304,0.9701486229896544,0.9702221155166626,0.9721839427947998,0.9022544622421264,0.9608694911003112,0.9629282355308532,0.9792459607124328,0.9948816299438475,0.9998497366905212,0.0350404530763626,0.9449832439422609,0.052154142409563,0.924441933631897,0.0689399093389511,0.9013256430625916,0.0664762631058693,0.8920369148254395,0.0638036578893661,0.8305569291114807,0.997955322265625,0.9984862804412842,0.3621136546134949,0.9093350768089294,0.5954717397689819,0.9304516315460204,0.6749992966651917,0.8793929815292358,0.6593948602676392,0.8845176696777344,0.8066636323928833,0.8025701642036438,0.8017305135726929,0.8009245991706848,0.8026359677314758,0.8019993901252747,0.8013902902603149,0.7920609712600708,0.7931872010231018,0.8045860528945923,0.8040435910224915,0.7620307803153992,0.795000433921814,0.7617043256759644,0.7959624528884888,0.773763120174408,0.8051837682723999,0.7758272886276245,0.8075992465019226,0.778491735458374,0.8104490041732788,0.7791256308555603,0.8092929124832153,0.7744306325912476,0.8006418347358704,0.7710602879524231,0.8079180717468262,0.7592693567276001,0.801984965801239,0.7506864666938782,0.7930339574813843,0.7782232761383057,0.8321337699890137,0.3282616734504699,0.31854447722435,0.3183763325214386,0.3182762563228607,0.3188974261283874,0.3189577460289001,0.3191014528274536,0.3225955069065094,0.3244315981864929,0.3373374938964844,0.3377958834171295,0.3791872560977936,0.373866468667984,0.461533635854721,0.4620716869831085,0.5329395532608032,0.540372908115387,0.5484843850135803,0.5612992644309998,0.5506384968757629,0.558836817741394,0.544488787651062,0.5512712597846985,0.5343765020370483,0.5349864959716797,0.610517680644989,0.6160179376602173,0.7008402347564697,0.7083775401115417,0.7181453108787537,0.7286339998245239,0.7133340835571289,0.7248663306236267,-0.0104190958663821,-0.0070546977221965,-0.0070682801306247,-0.0070505030453205,-0.0301400069147348,-0.030123671516776,-0.0302120838314294,0.0120612736791372,-0.0915825441479682,0.0010625822469592,-0.0288798511028289,0.0584333129227161,-0.1475246697664261,0.072885975241661,-0.1768441796302795,0.0510996803641319,-0.1631343066692352,0.0519264340400695,-0.1842202246189117,0.038337018340826,-0.1793858557939529,0.0440287962555885,-0.1607428342103958,0.0643697306513786,-0.064681202173233,0.1710938960313797,0.0519753508269786,0.2944788932800293,0.1859764754772186,0.3066681027412414,0.199614480137825,0.2925627529621124,0.1701156198978424,Walk-From-Chair
310,0.982474446296692,0.9609800577163696,0.9573418498039246,0.963204562664032,0.9719061851501464,0.971897542476654,0.9738861918449402,0.908383309841156,0.9631921648979188,0.9654216766357422,0.9806748032569884,0.9949007034301758,0.9998502135276794,0.0338370278477668,0.946783483028412,0.0513825640082359,0.9262852668762208,0.0689905881881713,0.9031589031219482,0.0663619711995124,0.8937404155731201,0.0637874901294708,0.833659827709198,0.997774302959442,0.9983534812927246,0.3496321141719818,0.8923147320747375,0.5785671472549438,0.9181857109069824,0.6704312562942505,0.8728415369987488,0.6448432207107544,0.8665148019790649,0.8100220561027527,0.8067126274108887,0.8064135313034058,0.806098461151123,0.8053229451179504,0.8041521310806274,0.8029801249504089,0.798363447189331,0.7942933440208435,0.8087128400802612,0.8066591024398804,0.7719405293464661,0.7926782369613647,0.7739760875701904,0.7946544885635376,0.7897751331329346,0.8057414889335632,0.79310542345047,0.8088086247444153,0.795861542224884,0.8117289543151855,0.7958912253379822,0.810761570930481,0.7801029682159424,0.8033310770988464,0.7740311622619629,0.8067376017570496,0.759926438331604,0.7981749773025513,0.7525191307067871,0.791162371635437,0.7784978747367859,0.8295584917068481,0.3282431662082672,0.3185482323169708,0.3183729350566864,0.318266361951828,0.3189147114753723,0.3189667761325836,0.3191271126270294,0.3225979506969452,0.3244488835334778,0.3372936844825744,0.337808609008789,0.3788952529430389,0.3738752901554107,0.4640647768974304,0.4640227556228637,0.5335403680801392,0.5422075986862183,0.5504561066627502,0.5629534125328064,0.5495216250419617,0.5605567097663879,0.5438938736915588,0.5528494119644165,0.5344371795654297,0.5359967947006226,0.6112196445465088,0.6200574040412903,0.7008703351020813,0.7082870006561279,0.7181110382080078,0.7378246784210205,0.71338951587677,0.7255181074142456,-0.0362433455884456,-0.0293452925980091,-0.0293542183935642,-0.0293394569307565,-0.0526150874793529,-0.0526087507605552,-0.0526832416653633,0.0100838430225849,-0.0933855175971984,-0.0187000520527362,-0.0488754883408546,0.0572680160403251,-0.1523841023445129,0.0736680477857589,-0.1817464828491211,0.0491941571235656,-0.1679627895355224,0.0489712469279766,-0.1904850602149963,0.0342685654759407,-0.1882434338331222,0.0416569858789444,-0.1668155789375305,0.0620765388011932,-0.0622848682105541,0.1587271392345428,0.0452556684613227,0.2693211734294891,0.1741962432861328,0.2790440917015075,0.1866709142923355,0.2555620074272156,0.152424156665802,Walk-From-Chair
311,0.9830361604690552,0.9621466994285583,0.9586355090141296,0.9644185900688172,0.97269606590271,0.9725255370140076,0.9746137261390686,0.9126213192939758,0.9640939831733704,0.9669917225837708,0.9815542101860046,0.9947810173034668,0.9998462200164796,0.0329437814652919,0.9472066164016724,0.0509242676198482,0.9269749522209167,0.0694108605384826,0.9038004875183104,0.0665800720453262,0.8941947817802429,0.0639495402574539,0.8348568081855774,0.9976324439048768,0.9982447028160096,0.3368559181690216,0.8778995871543884,0.5596263408660889,0.9048599004745485,0.663426399230957,0.8669551014900208,0.6259596943855286,0.8461649417877197,0.812973141670227,0.8093961477279663,0.8088957667350769,0.808441162109375,0.808426022529602,0.8073645830154419,0.8063090443611145,0.8004619479179382,0.7973824143409729,0.811077892780304,0.8095062971115112,0.7714961767196655,0.7957336902618408,0.7711998820304871,0.7955472469329834,0.7886301279067993,0.8077088594436646,0.7914261221885681,0.8104778528213501,0.7941231727600098,0.8139519691467285,0.7939098477363586,0.8131640553474426,0.7817893624305725,0.8069425821304321,0.7766805291175842,0.8075324296951294,0.7614489793777466,0.798661470413208,0.7533438801765442,0.7921386361122131,0.7785029411315918,0.8259639739990234,0.3284613490104675,0.3186395764350891,0.3184623718261719,0.3183587789535522,0.3190147578716278,0.3190711140632629,0.3192325234413147,0.322847306728363,0.3247960805892944,0.3377993702888489,0.3383752107620239,0.3790800869464874,0.373948186635971,0.4642705619335174,0.4650954008102417,0.533947229385376,0.5435001850128174,0.5503535866737366,0.5638708472251892,0.5500415563583374,0.5612698197364807,0.544828474521637,0.5536423921585083,0.5363563895225525,0.5379099249839783,0.6132538318634033,0.6224216818809509,0.7012718319892883,0.7090502381324768,0.7174972295761108,0.7397497296333313,0.7134243249893188,0.7255129218101501,-0.0219550747424364,-0.0163474641740322,-0.0163620635867118,-0.0163526553660631,-0.0387984924018383,-0.0387895107269287,-0.0388651750981807,0.0121587878093123,-0.0894375219941139,-0.007828970439732,-0.0369359962642192,0.0573270097374916,-0.1429807692766189,0.0714932531118393,-0.1734422147274017,0.0430972501635551,-0.1614137440919876,0.0426589176058769,-0.1818308234214782,0.0290409512817859,-0.1775126010179519,0.0358345210552215,-0.1593362838029861,0.0597844235599041,-0.0599841699004173,0.1525383591651916,0.0463470630347728,0.2557885944843292,0.1692362129688263,0.2648996412754059,0.181324690580368,0.245358869433403,0.1505989730358123,Walk-From-Chair
312,0.9837473630905152,0.9635468125343324,0.960163950920105,0.965844750404358,0.9737029671669006,0.9734990000724792,0.9756017923355104,0.9166786670684814,0.9653462767601012,0.9686917066574096,0.9824864268302916,0.994795024394989,0.9998416304588318,0.0331091210246086,0.947245180606842,0.0525713376700878,0.9265596270561218,0.0724418386816978,0.9032132625579834,0.069363497197628,0.8931660652160645,0.0664691627025604,0.8341808915138245,0.9974615573883056,0.9981037378311156,0.3205012381076813,0.8616287708282471,0.5395446419715881,0.893272340297699,0.6538355946540833,0.860701322555542,0.611195981502533,0.8313603401184082,0.8166364431381226,0.8129392862319946,0.8125529289245605,0.8121529817581177,0.8115601539611816,0.8102904558181763,0.8090100288391113,0.8033964037895203,0.7995494604110718,0.8150621652603149,0.8130367994308472,0.7766711115837097,0.7964136600494385,0.7789969444274902,0.7958571910858154,0.7921562790870667,0.8083733320236206,0.7940906286239624,0.8103998303413391,0.7975608110427856,0.8147855997085571,0.7979758381843567,0.8141106367111206,0.786544919013977,0.8087277412414551,0.7791544198989868,0.8061808347702026,0.7624772191047668,0.7991147041320801,0.7539819478988647,0.7895629405975342,0.7817603945732117,0.8253090977668762,0.3283284306526184,0.3186410665512085,0.3184709250926971,0.3183698654174804,0.3190140724182129,0.319079041481018,0.3192455470561981,0.3229161202907562,0.3248162567615509,0.3377867639064789,0.3383354544639587,0.379087895154953,0.3739652931690216,0.4660688936710357,0.4654188454151153,0.5339903235435486,0.5441434383392334,0.5509831309318542,0.5641692876815796,0.5496060252189636,0.5610586404800415,0.5443313717842102,0.5538864135742188,0.5364291667938232,0.5383360385894775,0.6148370504379272,0.6239319443702698,0.7013314962387085,0.7094672918319702,0.7174894213676453,0.7401537299156189,0.7134853601455688,0.7261933088302612,-0.0345815196633338,-0.0277356468141078,-0.0277527030557394,-0.0277381353080272,-0.0503294393420219,-0.0503250658512115,-0.050390638411045,0.0108743701130151,-0.0916712284088134,-0.0177704561501741,-0.0470415391027927,0.0563480854034423,-0.1474736183881759,0.0720650106668472,-0.177878126502037,0.0453972145915031,-0.1673585772514343,0.044795423746109,-0.1904858648777008,0.0305281933397054,-0.1872341334819793,0.0380280241370201,-0.166053369641304,0.060202918946743,-0.0603825859725475,0.154765784740448,0.0424088276922702,0.2609515488147735,0.1638943701982498,0.2701622247695923,0.1757717877626419,0.2498003989458084,0.1465446799993515,Walk-From-Chair
313,0.984650492668152,0.9654132723808287,0.9622557163238524,0.9676210284233092,0.9750210642814636,0.9748355746269226,0.9768821001052856,0.9217128157615662,0.9671847224235536,0.9706239700317384,0.983585238456726,0.9948270916938782,0.9998429417610168,0.0343275964260101,0.9488340616226196,0.0554581619799137,0.9262108206748962,0.0767937451601028,0.9019913077354432,0.0734731703996658,0.8916459083557129,0.0699192285537719,0.8333911895751953,0.997393012046814,0.9980858564376832,0.3140016496181488,0.8622866272926331,0.5359634757041931,0.8932496905326843,0.6555736064910889,0.8630107641220093,0.6122093796730042,0.8309934735298157,0.8177018165588379,0.8147491216659546,0.8147455453872681,0.8146507143974304,0.8126349449157715,0.8111457824707031,0.8095389604568481,0.8071334958076477,0.8005937337875366,0.816726803779602,0.8139029741287231,0.7797393202781677,0.7985838651657104,0.7789251804351807,0.795110285282135,0.791608452796936,0.8098915219306946,0.7934664487838745,0.811331570148468,0.7956867218017578,0.8162258863449097,0.7955600023269653,0.8158935308456421,0.7892477512359619,0.8082994222640991,0.7819300293922424,0.8075477480888367,0.7630921602249146,0.8033782839775085,0.7535620331764221,0.7966067790985107,0.7835948467254639,0.8280795812606812,0.3283414244651794,0.3186998069286346,0.3185379207134247,0.3184504806995392,0.3190728724002838,0.3191641271114349,0.3193670213222503,0.3230563402175903,0.3250389695167541,0.3378549218177795,0.3384319245815277,0.3787900507450104,0.374170571565628,0.467355340719223,0.4659101665019989,0.5337541699409485,0.5443001389503479,0.55064857006073,0.5637877583503723,0.5497295260429382,0.5606299042701721,0.5445571541786194,0.5535158514976501,0.5369099378585815,0.538910448551178,0.6146812438964844,0.6252574920654297,0.7001279592514038,0.7097763419151306,0.7160063982009888,0.7386140823364258,0.7130966782569885,0.7262858748435974,-0.0401708073914051,-0.0334694422781467,-0.0334871411323547,-0.0334687680006027,-0.0544864609837532,-0.0544833913445472,-0.0545450039207935,0.0060505680739879,-0.0942477583885192,-0.0233219712972641,-0.050528697669506,0.0534115508198738,-0.1443825960159301,0.0694881156086921,-0.1748529970645904,0.0457442477345466,-0.1676051616668701,0.0452160127460956,-0.1898533701896667,0.0318332538008689,-0.1862547248601913,0.0388011150062084,-0.1660361438989639,0.0600436031818389,-0.0602222457528114,0.1577233970165252,0.0481505692005157,0.2678583264350891,0.1707225739955902,0.2782315611839294,0.1825685501098632,0.2611915171146393,0.1516650468111038,Walk-From-Chair
314,0.9851515293121338,0.9661095142364502,0.9630381464958192,0.9682771563529968,0.9757069945335388,0.9755709171295166,0.9776582717895508,0.9237683415412904,0.9681618213653564,0.9717188477516174,0.9843315482139589,0.9946668148040771,0.9998446106910706,0.0330090224742889,0.9505905508995056,0.0540606305003166,0.9269168972969056,0.0758165642619133,0.9022928476333618,0.072490356862545,0.8916757702827454,0.0690027400851249,0.8339241743087769,0.997096300125122,0.9979723691940308,0.3017812371253967,0.858511745929718,0.5240868926048279,0.8923047780990601,0.6506410241127014,0.8643183708190918,0.6081897616386414,0.8298652172088623,0.8211091160774231,0.8183819055557251,0.8183231353759766,0.8182228803634644,0.8161245584487915,0.8144785761833191,0.8127539753913879,0.8096005320549011,0.8028627634048462,0.8197230100631714,0.8168781995773315,0.7824969291687012,0.7990425825119019,0.782296895980835,0.7949710488319397,0.7969648241996765,0.8109923601150513,0.7990879416465759,0.8122832179069519,0.8013354539871216,0.8176186680793762,0.8010079264640808,0.8172034025192261,0.7925853729248047,0.8100339770317078,0.7878727316856384,0.8111287951469421,0.7661024928092957,0.8052248954772949,0.7532550096511841,0.797467827796936,0.7853313088417053,0.8288601636886597,0.3286590874195099,0.3191758692264557,0.3189972043037414,0.3188706040382385,0.3195283114910126,0.3196249902248382,0.3198184370994568,0.3232412338256836,0.3252951502799988,0.3381299972534179,0.3387399017810821,0.3785178363323211,0.3741835951805115,0.4671548306941986,0.4658409059047699,0.531520426273346,0.5445452332496643,0.5483410358428955,0.5634782314300537,0.5470966100692749,0.5603045225143433,0.5426514148712158,0.553330659866333,0.5368267297744751,0.5388834476470947,0.614598274230957,0.6267911195755005,0.6993314027786255,0.7114403247833252,0.7130612134933472,0.739457905292511,0.713252604007721,0.7271513342857361,-0.0497141852974891,-0.0425019897520542,-0.0425199344754219,-0.0424909628927707,-0.0648907274007797,-0.0648932009935379,-0.0649606510996818,-0.0005937807145528,-0.1024297848343849,-0.0312646962702274,-0.0602823570370674,0.0528031401336193,-0.1451010555028915,0.0700967088341713,-0.1813023537397384,0.0449434556066989,-0.1798361390829086,0.0439460314810276,-0.2040204554796219,0.0294181518256664,-0.1992900669574737,0.0373946987092494,-0.1779509037733078,0.0606104955077171,-0.0608236007392406,0.1668855398893356,0.0450989045202732,0.2867857813835144,0.1702345907688141,0.2974326610565185,0.1820053160190582,0.2763535976409912,0.1471690833568573,Walk-From-Chair
315,0.9859152436256408,0.9675401449203492,0.9646515250205994,0.9696030020713806,0.9769577383995056,0.976960062980652,0.9790010452270508,0.92699933052063,0.9700407385826112,0.9732673168182372,0.9853191375732422,0.9945330619812012,0.999850571155548,0.0321666039526462,0.9534353017807008,0.0530920475721359,0.9297016263008118,0.0749913603067398,0.905210018157959,0.0717350170016288,0.8946858644485474,0.0683238506317138,0.8382527828216553,0.9969013333320618,0.9979630708694458,0.3007333874702453,0.8661969900131226,0.5306738018989563,0.8990001678466797,0.6569352149963379,0.8708949089050293,0.6227560639381409,0.8399966359138489,0.8233423233032227,0.8206121325492859,0.8204636573791504,0.8202921152114868,0.818571925163269,0.8170159459114075,0.8154231309890747,0.8118873834609985,0.8054522275924683,0.8218194246292114,0.8189438581466675,0.7870876789093018,0.7998435497283936,0.7911574244499207,0.7945011854171753,0.8038632273674011,0.8124154806137085,0.8057092428207397,0.8133856058120728,0.8070554733276367,0.8186514973640442,0.8066892623901367,0.8182423710823059,0.7961081266403198,0.8100989460945129,0.7911805510520935,0.8115224838256836,0.7672271728515625,0.8031046986579895,0.7539715766906738,0.7978262305259705,0.7889125347137451,0.8327535390853882,0.3294483423233032,0.319998562335968,0.3197435736656189,0.3195416629314422,0.3202773630619049,0.3202707469463348,0.320375382900238,0.323579728603363,0.3255431354045868,0.338485836982727,0.3391428589820862,0.3772306144237518,0.374325543642044,0.4647611975669861,0.4656091630458832,0.5280067324638367,0.5444048047065735,0.5450328588485718,0.5632239580154419,0.5436905026435852,0.5601505041122437,0.5393819212913513,0.5531561374664307,0.5339514017105103,0.5380797982215881,0.6129922866821289,0.626535952091217,0.6950708627700806,0.71133953332901,0.7079842686653137,0.738666832447052,0.712281346321106,0.726930558681488,-0.0765306204557418,-0.0689146146178245,-0.0689213424921035,-0.0688830539584159,-0.0922283977270126,-0.0922457799315452,-0.0923109948635101,-0.0234590973705053,-0.1285165846347808,-0.0559365078806877,-0.0861820355057716,0.043873906135559,-0.1707021594047546,0.0680481344461441,-0.2050328999757766,0.0369409546256065,-0.2070138454437255,0.0355571582913398,-0.2333299368619918,0.0194923598319292,-0.2287884950637817,0.0286131408065557,-0.2050570696592331,0.0641269832849502,-0.0642527267336845,0.1734212636947631,0.0411629453301429,0.2961812019348144,0.166607066988945,0.3067170977592468,0.1764301359653473,0.2819333076477051,0.1286334693431854,Walk-From-Chair
316,0.9855681657791138,0.9663771390914916,0.9634698033332824,0.968606173992157,0.976584494113922,0.9767935872077942,0.9790486693382264,0.925247609615326,0.970022678375244,0.972916305065155,0.9854625463485718,0.99410879611969,0.999850869178772,0.0306151807308197,0.9550619125366212,0.0508535541594028,0.9312477111816406,0.0723331123590469,0.9069651365280152,0.0691975653171539,0.8965924978256226,0.065978430211544,0.841255784034729,0.9963865876197816,0.9977723360061646,0.2943825125694275,0.8664402961730957,0.5245964527130127,0.9001266956329346,0.6532678008079529,0.8726299405097961,0.6265201568603516,0.8440017104148865,0.8271509408950806,0.8241626620292664,0.8238146901130676,0.8233765363693237,0.8224179148674011,0.8208960294723511,0.8192922472953796,0.813742995262146,0.8087155222892761,0.825135350227356,0.8227149844169617,0.7885792255401611,0.8019148111343384,0.7894594669342041,0.7943822145462036,0.8032415509223938,0.8124545812606812,0.8059865236282349,0.8132342100143433,0.8078465461730957,0.8187559843063354,0.8070613741874695,0.8184390068054199,0.7973629236221313,0.8104998469352722,0.7980865240097046,0.811916708946228,0.7690525054931641,0.8017715215682983,0.7546089291572571,0.7970495820045471,0.7904249429702759,0.8337310552597046,0.3294935822486877,0.3200688362121582,0.3198050260543823,0.3195880055427551,0.3203606307506561,0.3203561902046203,0.3204423785209656,0.323576956987381,0.3255470395088196,0.3385213911533355,0.3391764461994171,0.375427782535553,0.3743349909782409,0.4610317051410675,0.4646738171577453,0.5241749286651611,0.5443680286407471,0.54054194688797,0.5630335211753845,0.5400935411453247,0.5599580407142639,0.5360803604125977,0.5530746579170227,0.5300103425979614,0.5357446670532227,0.6114631295204163,0.6263535618782043,0.6908261179924011,0.7113018035888672,0.7024761438369751,0.737976610660553,0.7106354832649231,0.7269513607025146,-0.0899907127022743,-0.0826727226376533,-0.0826848894357681,-0.0826523080468177,-0.1067884564399719,-0.1068053841590881,-0.106874980032444,-0.0379099734127521,-0.1465355306863784,-0.0693510174751281,-0.1006310582160949,0.0339672043919563,-0.1871268451213836,0.0603108219802379,-0.2170182466506958,0.0314620211720466,-0.2147643566131591,0.0305082201957702,-0.2400103062391281,0.0147453593090176,-0.2364679872989654,0.0231144018471241,-0.2130131423473358,0.0652648881077766,-0.06535504758358,0.1755804866552353,0.0385311804711818,0.2968345582485199,0.1612438112497329,0.3071650564670563,0.1705141514539718,0.2839056849479675,0.123097263276577,Walk-From-Chair
317,0.9851882457733154,0.9644041657447816,0.9615471959114076,0.9670302867889404,0.9755262732505798,0.9760354161262512,0.9784446358680724,0.922530472278595,0.9688717126846312,0.9723619222640992,0.9853171110153198,0.9940351843833924,0.9998512268066406,0.0308740567415952,0.9561331272125244,0.0509882159531116,0.9328875541687012,0.0721838548779487,0.90880686044693,0.0690879747271537,0.8985023498535156,0.0656816065311431,0.8434150815010071,0.9963045120239258,0.997743844985962,0.2840792238712311,0.8661563992500305,0.5139193534851074,0.9015833735466005,0.6464923024177551,0.8736065030097961,0.6313425302505493,0.8492006063461304,0.8306161761283875,0.8278300166130066,0.8274539709091187,0.8269562721252441,0.8261621594429016,0.8246477246284485,0.8229436874389648,0.8166773915290833,0.8119370341300964,0.8287318348884583,0.8262555003166199,0.7912245988845825,0.8015526533126831,0.7895375490188599,0.7979639172554016,0.7998112440109253,0.8146699666976929,0.800992488861084,0.8142951130867004,0.803672194480896,0.820140540599823,0.8031600713729858,0.8198380470275879,0.8014790415763855,0.8103909492492676,0.8049203753471375,0.8135789036750793,0.7795339226722717,0.801661491394043,0.7628961205482483,0.7974473237991333,0.7962692975997925,0.8346425294876099,0.3300536870956421,0.3206061422824859,0.3203041851520538,0.3200228810310364,0.3209588229656219,0.3209488689899444,0.3209708034992218,0.3237016499042511,0.3256952166557312,0.3392218351364136,0.3397331535816192,0.3744122385978699,0.3746399283409118,0.4605401456356048,0.4646565616130829,0.526207447052002,0.544221818447113,0.5405729413032532,0.5630537271499634,0.5438770055770874,0.5600412487983704,0.5395234227180481,0.5529886484146118,0.5299347043037415,0.5355094075202942,0.6114767789840698,0.6257486939430237,0.69133460521698,0.7111634016036987,0.7007337808609009,0.7358541488647461,0.7090228199958801,0.7269086837768555,-0.113233283162117,-0.1054870709776878,-0.1055110841989517,-0.1054838672280311,-0.1307130455970764,-0.1307277083396911,-0.1307969540357589,-0.0576534047722816,-0.1713178306818008,-0.0911506414413452,-0.1239610910415649,0.0175684634596109,-0.2093770056962967,0.047614686191082,-0.2371576130390167,0.0227942857891321,-0.2375319898128509,0.0203846544027328,-0.265993058681488,0.0055817910470068,-0.2624755799770355,0.0148651720955967,-0.2360303848981857,0.06624336540699,-0.0663299337029457,0.1892925649881363,0.055741686373949,0.3285917341709137,0.2034139633178711,0.341075450181961,0.2163313329219818,0.3168986439704895,0.1718078851699829,Walk-From-Chair
318,0.9855549931526184,0.9649993181228638,0.9621317982673644,0.9676570892333984,0.9761157035827636,0.9766852259635924,0.9791079163551332,0.9235938787460328,0.9696967005729676,0.9731985330581664,0.985856831073761,0.9941661953926086,0.9998542070388794,0.0304344315081834,0.957606315612793,0.0506330281496048,0.9349868893623352,0.0716881081461906,0.9110900163650512,0.0687350109219551,0.9010106921195984,0.0653094202280044,0.8466286659240723,0.996257781982422,0.997741401195526,0.2772245705127716,0.8672118186950684,0.5055020451545715,0.90438312292099,0.6401153802871704,0.8756006956100464,0.6359037756919861,0.8554908633232117,0.8325347900390625,0.8295590281486511,0.8291757702827454,0.8286735415458679,0.8279843330383301,0.8265194892883301,0.8248820304870605,0.8185960650444031,0.8142819404602051,0.8307206034660339,0.8283475041389465,0.7962303757667542,0.8030551075935364,0.7955594062805176,0.7979519367218018,0.8068393468856812,0.8151631355285645,0.8091252446174622,0.8154918551445007,0.8108401298522949,0.8215234875679016,0.810332179069519,0.8214066624641418,0.8058055639266968,0.8119813799858093,0.8094221949577332,0.8146787881851196,0.7818082571029663,0.8012275695800781,0.7635815739631653,0.7965738773345947,0.8000885248184204,0.833344578742981,0.330314576625824,0.320928692817688,0.3205998539924621,0.3202822804450989,0.321323961019516,0.321306049823761,0.3213134407997131,0.3237791359424591,0.3258064389228821,0.3395161628723144,0.3400075137615204,0.3738518357276916,0.3750025033950805,0.460405170917511,0.4647162556648254,0.5262436866760254,0.5441169142723083,0.541572630405426,0.5631935000419617,0.5438591837882996,0.5605679154396057,0.5384093523025513,0.5532066226005554,0.528690755367279,0.5349423885345459,0.6102545261383057,0.6254829168319702,0.6900956034660339,0.7097974419593811,0.6970011591911316,0.733655571937561,0.708714485168457,0.7255923748016357,-0.1197295412421226,-0.1115009188652038,-0.1115217208862304,-0.1114998832345008,-0.1369588375091552,-0.1369737088680267,-0.137042224407196,-0.0602074675261974,-0.1747684776782989,-0.0962091982364654,-0.1293036043643951,0.0173287615180015,-0.2114505022764206,0.0503765642642974,-0.2403677254915237,0.021622447296977,-0.241064503788948,0.0185202993452548,-0.2697258293628692,0.0025377532001584,-0.2670069932937622,0.0130733083933591,-0.2398780584335327,0.0681599602103233,-0.0682516321539878,0.1967068016529083,0.0537816882133483,0.339724600315094,0.2003871649503708,0.3524023592472076,0.2132571041584015,0.326450765132904,0.1670533865690231,Walk-From-Chair
319,0.9862819910049438,0.966745376586914,0.963948130607605,0.9693071246147156,0.9773122668266296,0.9778699278831482,0.9802053570747375,0.9273937344551086,0.9712263345718384,0.9746265411376952,0.9866540431976318,0.994343876838684,0.9998583793640136,0.0293703768402338,0.9591073393821716,0.0500858090817928,0.9379859566688538,0.0712730810046196,0.914877712726593,0.0685436651110649,0.9052433967590332,0.0652170181274414,0.8526300191879272,0.9962483644485474,0.99772047996521,0.2679885625839233,0.8638696074485779,0.4865288436412811,0.9006040692329407,0.623491108417511,0.8718898892402649,0.6239322423934937,0.8525680303573608,0.8326791524887085,0.8299304246902466,0.8296941518783569,0.8294246792793274,0.8282135128974915,0.8267468214035034,0.8252021074295044,0.8198223114013672,0.8148311376571655,0.8309229612350464,0.8285019993782043,0.7944377064704895,0.8059055209159851,0.7956974506378174,0.8010123372077942,0.8114345669746399,0.8158237338066101,0.8148924708366394,0.8167106509208679,0.816643238067627,0.8226109743118286,0.8154255747795105,0.8225029110908508,0.8048155903816223,0.8139126896858215,0.8121784925460815,0.8162897229194641,0.7909420728683472,0.8009988069534302,0.7749099731445312,0.7963238954544067,0.815019965171814,0.8326982259750366,0.331017792224884,0.3215309083461761,0.3211750984191894,0.3208031058311462,0.3219097852706909,0.3218818604946136,0.3218746483325958,0.3240851759910583,0.3261173069477081,0.3401934802532196,0.3408390283584595,0.3732208907604217,0.3750130534172058,0.4592801928520202,0.4648860991001129,0.5226073861122131,0.5440158843994141,0.5378571152687073,0.5634788870811462,0.5384302735328674,0.5606822967529297,0.5342224836349487,0.5533565878868103,0.5262776613235474,0.5332342982292175,0.6041345000267029,0.6220185160636902,0.6904809474945068,0.7064577341079712,0.6988288760185242,0.7318430542945862,0.7100446820259094,0.7230790853500366,-0.0997591763734817,-0.0926113128662109,-0.0926261842250824,-0.0926088690757751,-0.1169992238283157,-0.1170059442520141,-0.117069587111473,-0.0485090501606464,-0.1584201008081436,-0.0791599974036216,-0.1108584851026535,0.0230381563305854,-0.1980182081460952,0.0536446496844291,-0.2269238531589508,0.0264080259948968,-0.2243532836437225,0.0241696909070014,-0.2506822347640991,0.0059638028033077,-0.2473492175340652,0.0170855987817049,-0.2228246629238128,0.0676263123750686,-0.0676798000931739,0.1666617691516876,0.0449564009904861,0.2837973237037658,0.1766670048236847,0.2934728562831878,0.1875570714473724,0.2685891687870025,0.1432689726352691,Walk-From-Chair
320,0.9872326254844666,0.9688276648521424,0.9661664366722108,0.9712092280387878,0.9787833094596864,0.9793606400489808,0.981536030769348,0.9318023920059204,0.9731670618057252,0.976427972316742,0.9876139163970948,0.9946351051330566,0.9998642206192015,0.0289593320339918,0.960498571395874,0.0497996360063552,0.9395527243614196,0.0703765302896499,0.916331708431244,0.0680880323052406,0.9069164395332336,0.0650585293769836,0.8544340133666992,0.996315598487854,0.997746765613556,0.2586245834827423,0.860777735710144,0.4758566319942474,0.9011647701263428,0.6154024004936218,0.8695022463798523,0.6278961896896362,0.856220543384552,0.8364741206169128,0.8332903981208801,0.8328299522399902,0.8322994112968445,0.8316752314567566,0.8301313519477844,0.8285242319107056,0.8217312097549438,0.817681610584259,0.8345409631729126,0.8323280215263367,0.803207516670227,0.8048105239868164,0.8140205144882202,0.8002369999885559,0.8317911028862,0.8155155181884766,0.8357963562011719,0.8162438273429871,0.8354336619377136,0.8220744132995605,0.8337491154670715,0.8219425082206726,0.8098980188369751,0.8138017654418945,0.8134347200393677,0.815944492816925,0.7944013476371765,0.8009929656982422,0.7812765836715698,0.7944895029067993,0.8180925250053406,0.8348221778869629,0.3310143649578094,0.3215172588825226,0.3211566507816314,0.3207737505435943,0.3219064772129059,0.3218787908554077,0.3218684196472168,0.3240895569324493,0.3261198401451111,0.3402589857578277,0.3409596979618072,0.3730500638484955,0.3749231100082397,0.4582355916500091,0.4649738073348999,0.5225307941436768,0.5438472032546997,0.5383683443069458,0.5631858706474304,0.538746178150177,0.5606593489646912,0.5343917012214661,0.5533235669136047,0.5245730876922607,0.5303087830543518,0.6044648885726929,0.6180989146232605,0.690936267375946,0.7055073380470276,0.6992601156234741,0.7265262007713318,0.7107720971107483,0.7231732606887817,-0.1297283768653869,-0.1205209866166114,-0.1205429285764694,-0.1205314993858337,-0.1461800038814544,-0.1462010741233825,-0.1462689340114593,-0.0649958997964859,-0.1808171272277832,-0.1047851666808128,-0.138298824429512,0.0132458712905645,-0.2141222506761551,0.051948606967926,-0.2425485551357269,0.0219129212200641,-0.2483046501874923,0.0180327463895082,-0.2784808874130249,0.0004267277545295,-0.2783206701278686,0.0125745441764593,-0.2484550029039383,0.0676263496279716,-0.0676820129156112,0.1844100952148437,0.0549851283431053,0.3280364871025085,0.2083398401737213,0.3406030535697937,0.2212871611118316,0.3093167841434479,0.1703885495662689,Walk-From-Chair
321,0.9880976676940918,0.9706423282623292,0.968236207962036,0.972829043865204,0.9800334572792052,0.980705201625824,0.9826589822769164,0.9351566433906556,0.9747572541236876,0.9778186678886414,0.9883391261100768,0.9949385523796082,0.999865710735321,0.0298777036368846,0.9618345499038696,0.0524298287928104,0.9409238696098328,0.0718907788395881,0.9168645143508912,0.0704158097505569,0.9077525734901428,0.0673115625977516,0.8549123406410217,0.996350347995758,0.9976398348808287,0.2514500319957733,0.8450616002082825,0.4648721814155578,0.894032895565033,0.603278636932373,0.8573639988899231,0.6298136711120605,0.8540256023406982,0.8380218744277954,0.8348925709724426,0.8344540596008301,0.8339318037033081,0.8333228230476379,0.8317705392837524,0.8300905227661133,0.8230447769165039,0.8186564445495605,0.836178183555603,0.8339945077896118,0.8083038330078125,0.8045279383659363,0.8189964294433594,0.7995941042900085,0.834518313407898,0.8140572309494019,0.842093288898468,0.8159713745117188,0.8361032605171204,0.8215510249137878,0.8350001573562622,0.8213530778884888,0.8188706636428833,0.8129420280456543,0.8180896639823914,0.8158837556838989,0.8046369552612305,0.8022695779800415,0.7958972454071045,0.7940533757209778,0.833145797252655,0.8349682688713074,0.3309795260429382,0.321499764919281,0.3211304545402527,0.3207256495952606,0.3218804895877838,0.3218313157558441,0.3217716813087463,0.3239893615245819,0.325903058052063,0.3402218818664551,0.3409528434276581,0.3731204271316528,0.3738419711589813,0.4580094218254089,0.4654050767421722,0.5211858749389648,0.5432025790214539,0.5384299159049988,0.5628328919410706,0.5389118194580078,0.5604060888290405,0.5345895886421204,0.5530256628990173,0.5226040482521057,0.5275635123252869,0.6032465100288391,0.6140052676200867,0.6931779980659485,0.7046594023704529,0.7067416310310364,0.7241962552070618,0.7127740383148193,0.7227652072906494,-0.1220651865005493,-0.1130164116621017,-0.1130433306097984,-0.1130348294973373,-0.1383297592401504,-0.1383543908596038,-0.1384330540895462,-0.059034127742052,-0.1733609288930893,-0.0978388935327529,-0.1309723407030105,0.0159150455147027,-0.2071961909532547,0.0515536777675151,-0.2362228631973266,0.012410657480359,-0.2398038208484649,0.0072734639979898,-0.2676593959331512,-0.0109669296070933,-0.2677181363105774,0.0024153932463377,-0.2396917790174484,0.0631610229611396,-0.0631714910268783,0.1417346447706222,0.052657701075077,0.2591845691204071,0.1995047777891159,0.2681523263454437,0.2114527225494384,0.2251202762126922,0.1632611751556396,Walk-From-Chair
322,0.9886296391487122,0.9719891548156738,0.9697253704071044,0.9740479588508606,0.9809447526931764,0.9816732406616212,0.983521282672882,0.9378894567489624,0.9760424494743348,0.9787947535514832,0.9888887405395508,0.9950867891311646,0.9998652338981628,0.0301180239766836,0.9636270999908448,0.0537253022193908,0.9428194165229796,0.0729072615504264,0.9184644818305968,0.0718414187431335,0.9096275568008424,0.0686738938093185,0.8576040267944336,0.9962705373764038,0.9974780082702636,0.2448999434709549,0.8392210602760315,0.4503372311592102,0.8871505260467529,0.5890200734138489,0.849851131439209,0.6211763024330139,0.8493799567222595,0.8385455012321472,0.8353074193000793,0.8348946571350098,0.8344020843505859,0.8336793780326843,0.832089900970459,0.8303568959236145,0.8236594200134277,0.8192592859268188,0.8367964625358582,0.8345762491226196,0.8067499399185181,0.8047882914543152,0.8149847984313965,0.7995519042015076,0.8308342695236206,0.8138929605484009,0.8357194066047668,0.8159262537956238,0.834648609161377,0.821313202381134,0.8329986333847046,0.8211077451705933,0.8211607933044434,0.8146006464958191,0.8210644721984863,0.819670557975769,0.8118680715560913,0.8099910020828247,0.8043433427810669,0.8005671501159668,0.8388996124267578,0.8412367105484009,0.3306234776973724,0.3211879134178161,0.3208095729351043,0.3203841745853424,0.3215610086917877,0.3214759826660156,0.3213654458522796,0.3236802220344543,0.3255068957805633,0.3399471640586853,0.3407539427280426,0.3728847503662109,0.3728318810462951,0.4561772346496582,0.4652851819992065,0.5173586010932922,0.5411056876182556,0.5343424677848816,0.5620868802070618,0.533654510974884,0.5593744516372681,0.5288863778114319,0.5518743395805359,0.5191202163696289,0.5215524435043335,0.6007019281387329,0.6068354845046997,0.6936790943145752,0.7039180994033813,0.7092643976211548,0.7224700450897217,0.7116135954856873,0.7173507213592529,-0.1103383675217628,-0.1019441932439804,-0.1019661203026771,-0.1019532829523086,-0.1266800910234451,-0.1266968846321106,-0.1267715841531753,-0.0525603182613849,-0.1647538542747497,-0.0877892524003982,-0.1200884580612182,0.0192276947200298,-0.2045503854751587,0.0523867011070251,-0.2349839210510254,0.0182465724647045,-0.2357009649276733,0.0148323457688093,-0.266323447227478,-0.0021573859266936,-0.2624074518680572,0.0090730907395482,-0.2349511086940765,0.0623212829232215,-0.0623208470642566,0.1280921995639801,0.0290723145008087,0.2281832247972488,0.1523719131946563,0.2353609502315521,0.1616151481866836,0.1983268558979034,0.1097382456064224,Walk-From-Chair
323,0.9890428185462952,0.973072350025177,0.9708377122879028,0.975062906742096,0.9816149473190308,0.9823371767997742,0.9841547012329102,0.9402586221694946,0.976916253566742,0.979635775089264,0.9892877340316772,0.9952853322029114,0.9998572468757628,0.0317936651408672,0.9639298319816588,0.058266207575798,0.94315505027771,0.0765390694141388,0.9180795550346376,0.0759980008006095,0.9095088243484496,0.0725521221756935,0.8579099774360657,0.9962315559387208,0.99727863073349,0.2400922179222107,0.8145070672035217,0.4390271008014679,0.867369532585144,0.5784907937049866,0.8307687640190125,0.6128475666046143,0.8367293477058411,0.8393720388412476,0.8365298509597778,0.836207389831543,0.8358205556869507,0.8348185420036316,0.8331884145736694,0.8313800096511841,0.825095534324646,0.8197644948959351,0.8375690579414368,0.8353350758552551,0.8142242431640625,0.8047415018081665,0.819659411907196,0.7997671961784363,0.8348088264465332,0.8137457966804504,0.8391910791397095,0.8148053884506226,0.8393872976303101,0.8208746910095215,0.8373256921768188,0.8208686709403992,0.8222846984863281,0.8141099810600281,0.822189450263977,0.8191543817520142,0.8209660649299622,0.8131061792373657,0.8137503862380981,0.8034453392028809,0.8381527066230774,0.8395174145698547,0.3319349586963653,0.3220028281211853,0.3214742243289947,0.3208804130554199,0.3223376870155334,0.3220371901988983,0.3217085897922516,0.3237229883670807,0.3255086839199066,0.3409002423286438,0.341715931892395,0.3728895783424377,0.3723922073841095,0.4536911249160766,0.46370729804039,0.514897346496582,0.5400009155273438,0.5326277613639832,0.5606154203414917,0.5317226052284241,0.5580655932426453,0.5265185832977295,0.5512407422065735,0.5189820528030396,0.5213816165924072,0.6011954545974731,0.6085895299911499,0.7040882110595703,0.7039137482643127,0.7222921848297119,0.7225236892700195,0.7127158045768738,0.7179287672042847,-0.1054887324571609,-0.0974310189485549,-0.0974508672952652,-0.0974353402853012,-0.1222785487771034,-0.1222909241914749,-0.1223606243729591,-0.0503708906471729,-0.1601434350013733,-0.0836600288748741,-0.1161968111991882,0.0213056970387697,-0.1897019296884536,0.0536446385085582,-0.2129313647747039,0.0210630223155021,-0.2095175236463546,0.0183640159666538,-0.232936292886734,0.0015683356905356,-0.2342621386051178,0.0120265260338783,-0.2097033262252807,0.0554608181118965,-0.0554779097437858,0.1129751205444336,0.0191620457917451,0.2080876529216766,0.1293975710868835,0.2145913392305374,0.1372850388288498,0.1753796488046646,0.0834877341985702,Walk-From-Chair
324,0.989676594734192,0.9744800925254822,0.97226744890213,0.9762279391288756,0.982672154903412,0.9833621978759766,0.9850758910179138,0.9426456689834596,0.9782857298851012,0.980746328830719,0.9898824095726012,0.9954865574836732,0.9998548030853271,0.0368367284536361,0.9654903411865234,0.0703423544764518,0.9458448886871338,0.086719736456871,0.9210933446884156,0.0874111577868461,0.9130443334579468,0.0836004242300987,0.8633372783660889,0.996052622795105,0.9970744848251344,0.2442814409732818,0.7911530137062073,0.4390331506729126,0.8534722328186035,0.5794745087623596,0.8127548694610596,0.614674985408783,0.828005313873291,0.8406206965446472,0.8377885818481445,0.8374783396720886,0.8370994329452515,0.8358784914016724,0.8341389894485474,0.8321671485900879,0.8260046243667603,0.8203729391098022,0.8391308784484863,0.8365764617919922,0.8219768404960632,0.8044492602348328,0.8288442492485046,0.7983772158622742,0.8475406765937805,0.8106538653373718,0.8530588150024414,0.8119343519210815,0.8534917831420898,0.8182662129402161,0.8504500389099121,0.8177274465560913,0.8282557725906372,0.8146442174911499,0.8296782374382019,0.8185117840766907,0.8256869316101074,0.81413733959198,0.8195350766181946,0.805485725402832,0.8438616991043091,0.8384977579116821,0.3317095935344696,0.3218320608139038,0.3213023245334625,0.3207072913646698,0.3221701979637146,0.3218727111816406,0.3215349912643432,0.3237012922763824,0.3254455029964447,0.3408231139183044,0.3416887819766998,0.372923195362091,0.3724287152290344,0.4509569406509399,0.4621902704238891,0.5101208090782166,0.5394576787948608,0.5271441340446472,0.5595657825469971,0.5266981720924377,0.5575433969497681,0.5218232274055481,0.550470232963562,0.5188627243041992,0.5208731889724731,0.6042566895484924,0.6085968017578125,0.7046056389808655,0.7028623223304749,0.7225964665412903,0.7208105325698853,0.7125953435897827,0.7253567576408386,-0.118814967572689,-0.1104942932724952,-0.1105186715722084,-0.1105139032006263,-0.1345572024583816,-0.134583443403244,-0.134669080376625,-0.0574706010520458,-0.1661388278007507,-0.0950352028012275,-0.126592680811882,0.0118991835042834,-0.1911487281322479,0.0467545241117477,-0.2130891531705856,0.0088394181802868,-0.2123856991529464,0.0040897601284086,-0.2337261438369751,-0.0141258956864476,-0.2398322373628616,-0.000878635328263,-0.2141413390636444,0.0500162057578563,-0.0500463731586933,0.1036151200532913,0.0195672772824764,0.2027787417173385,0.1405504643917083,0.2095384895801544,0.1493154317140579,0.1651315540075302,0.0910663455724716,Walk-From-Chair
325,0.9905822277069092,0.9766631722450256,0.9746235609054564,0.9782135486602784,0.9841558337211608,0.9847864508628844,0.9863297939300536,0.9474807381629944,0.980202317237854,0.982455313205719,0.9907665848731996,0.9958512187004088,0.9998610019683838,0.0429366007447242,0.9674160480499268,0.0829510167241096,0.9490638375282288,0.0974332019686698,0.925119698047638,0.099433347582817,0.9176322817802428,0.0960247963666915,0.8701700568199158,0.9961617588996888,0.9971051812171936,0.2441225796937942,0.7710011601448059,0.4311974644660949,0.838884174823761,0.575020432472229,0.7931370735168457,0.6110525131225586,0.8164771199226379,0.8418510556221008,0.8385196924209595,0.8382465243339539,0.8379272222518921,0.8364481925964355,0.8346295356750488,0.8326719999313354,0.8271178007125854,0.8207095861434937,0.840654730796814,0.8376771211624146,0.82319575548172,0.8038762211799622,0.8330815434455872,0.7953997850418091,0.8549777865409851,0.8086689710617065,0.8649256825447083,0.8104837536811829,0.8643413782119751,0.8175522089004517,0.86089026927948,0.8171224594116211,0.8343076705932617,0.8161684274673462,0.8363683819770813,0.8189916610717773,0.8304236531257629,0.8160041570663452,0.823365330696106,0.803896427154541,0.846834659576416,0.8379767537117004,0.3306938707828522,0.3207063376903534,0.3201606869697571,0.3195901811122894,0.3212717473506927,0.3211387693881988,0.3209955990314483,0.3233254253864288,0.3254313766956329,0.3401683270931244,0.3411884009838104,0.3736484944820404,0.3753732144832611,0.4492629170417785,0.4628259837627411,0.5089948773384094,0.5399000644683838,0.5253754258155823,0.5599364042282104,0.5253190398216248,0.5578387379646301,0.5209164619445801,0.5510692000389099,0.5194268822669983,0.5217350721359253,0.6082406640052795,0.6086578965187073,0.7040193676948547,0.7051069736480713,0.7212617993354797,0.7207426428794861,0.712863028049469,0.7301135659217834,-0.1270018219947815,-0.1183242574334144,-0.1183562129735946,-0.1183688268065452,-0.1424829214811325,-0.1424887478351593,-0.1425528824329376,-0.0627651438117027,-0.172145813703537,-0.102375604212284,-0.1340266764163971,0.0062821097671985,-0.1946236193180084,0.04610226303339,-0.2158025503158569,0.0089304558932781,-0.2184380292892456,0.0032215625979006,-0.2402366697788238,-0.0155598996207118,-0.2486769706010818,-0.0010273727821186,-0.2211711406707763,0.0502251759171485,-0.0502509698271751,0.1161614805459976,0.0301306154578924,0.2245695888996124,0.1775263845920562,0.2326077967882156,0.1891267895698547,0.1898821890354156,0.1295609772205352,Walk-From-Chair
326,0.9914048314094543,0.978693187236786,0.9768146872520448,0.980076253414154,0.9855352640151978,0.9861167669296264,0.9875209331512452,0.9519522190093994,0.98199725151062,0.98403400182724,0.9915986061096193,0.9961565732955932,0.9998673796653748,0.0469203889369964,0.9699262380599976,0.0928449109196662,0.9521575570106506,0.1074576452374458,0.928812861442566,0.1103338822722435,0.9218233823776244,0.1069845929741859,0.8765972852706909,0.9963507652282716,0.997218370437622,0.2518559694290161,0.7755066752433777,0.4401623010635376,0.8409311175346375,0.5808380246162415,0.7877742052078247,0.6247539520263672,0.8202669620513916,0.841673731803894,0.8387110829353333,0.838635265827179,0.8385289311408997,0.8362089395523071,0.8342915773391724,0.8322707414627075,0.8285036087036133,0.8207076191902161,0.8405312299728394,0.837072491645813,0.8233898282051086,0.8031241297721863,0.8325473070144653,0.7941089868545532,0.8502645492553711,0.807399570941925,0.8560389280319214,0.8085843324661255,0.8554261326789856,0.8158478736877441,0.8525451421737671,0.8159724473953247,0.8313521146774292,0.8171192407608032,0.832432746887207,0.8192194700241089,0.8263915777206421,0.8141570091247559,0.820482611656189,0.8036350011825562,0.8488627672195435,0.8375763893127441,0.3287484347820282,0.3193279504776001,0.3189594149589538,0.318582534790039,0.3198890686035156,0.3199478387832641,0.3200314342975616,0.3228648602962494,0.3252733051776886,0.3388603925704956,0.3400788903236389,0.3741230964660644,0.3770175874233246,0.4500142633914947,0.4645697474479675,0.5105543732643127,0.5420885682106018,0.526991069316864,0.5613462328910828,0.5269573926925659,0.5591496825218201,0.5224065184593201,0.552165687084198,0.5196600556373596,0.5221871137619019,0.6081241369247437,0.6093841791152954,0.6998745799064636,0.7049239277839661,0.7205842733383179,0.7205161452293396,0.713412880897522,0.7287846207618713,-0.1421345472335815,-0.1323991119861602,-0.1324251741170883,-0.132430300116539,-0.1557102650403976,-0.1557270437479019,-0.155784398317337,-0.072208285331726,-0.1779962480068206,-0.1161300688982009,-0.1466691344976425,-0.0009143532952293,-0.1995720416307449,0.0418361611664295,-0.2228093594312667,0.0079576019197702,-0.2326280325651168,0.0017500013345852,-0.2568588852882385,-0.0159037895500659,-0.2632142901420593,-0.0013388250954449,-0.2348814308643341,0.0521517023444175,-0.0521927550435066,0.1230124682188034,0.0387120842933654,0.2297515422105789,0.1900063455104828,0.2375517636537552,0.2018206119537353,0.1943627595901489,0.1429718434810638,Turn-First
327,0.9921969175338744,0.9806615114212036,0.9789413809776306,0.9818885326385498,0.9868794083595276,0.9874076247215272,0.9886825680732728,0.9563485383987428,0.9837185740470886,0.9855411052703856,0.9923976063728333,0.9964520931243896,0.9998760223388672,0.0519866943359375,0.9724083542823792,0.104272685945034,0.9553732872009276,0.1191909089684486,0.9328910708427428,0.1226861774921417,0.9264185428619384,0.1196794956922531,0.8838634490966797,0.9965705871582032,0.9973796606063844,0.2671884596347809,0.7844109535217285,0.4569789171218872,0.8442421555519104,0.5934074521064758,0.7851327061653137,0.6412649154663086,0.8241214752197266,0.8415648341178894,0.8387714624404907,0.8387699127197266,0.838728129863739,0.8360191583633423,0.8340047597885132,0.8318439722061157,0.8292530179023743,0.8204506039619446,0.8403345346450806,0.8365904688835144,0.8262667655944824,0.8015891313552856,0.8331886529922485,0.7911325693130493,0.8527056574821472,0.8053657412528992,0.8578727841377258,0.8065287470817566,0.857326328754425,0.8135924339294434,0.8541766405105591,0.8135358095169067,0.8309074640274048,0.8168972730636597,0.830314040184021,0.8189576268196106,0.8209020495414734,0.8131513595581055,0.815248966217041,0.8044678568840027,0.8467909097671509,0.8391181230545044,0.3287316560745239,0.3192979097366333,0.3189273476600647,0.3185611665248871,0.3198241591453552,0.3198593556880951,0.3199481070041656,0.3228696286678314,0.3252671062946319,0.3388198912143707,0.3400514721870422,0.3753025829792022,0.3788972198963165,0.4501248002052307,0.4669613242149353,0.5115113258361816,0.5441808104515076,0.5280116200447083,0.5629462599754333,0.5279595851898193,0.5607549548149109,0.523328423500061,0.5538316369056702,0.5218192934989929,0.52313631772995,0.6085404753684998,0.6116700768470764,0.6988416314125061,0.7041367292404175,0.7177543640136719,0.7204107642173767,0.713926374912262,0.7265419363975525,-0.1504418104887008,-0.1408810019493103,-0.1408986896276474,-0.1408999860286712,-0.1628902107477188,-0.1629076153039932,-0.1629503816366195,-0.0799756944179534,-0.1803589761257171,-0.1242726668715477,-0.1531627476215362,-0.0083076767623424,-0.199107751250267,0.0371230132877826,-0.2226528376340866,0.0053674764931201,-0.2302395403385162,-0.0009006294421851,-0.2545278370380401,-0.018632061779499,-0.2593891620635986,-0.0036842538975179,-0.231881782412529,0.0526393949985504,-0.0526856780052185,0.1284169107675552,0.0525085404515266,0.2371544539928436,0.2059742510318756,0.2454909384250641,0.2188219726085662,0.1961589753627777,0.1643575727939605,Turn-First
328,0.9929232597351074,0.9824726581573486,0.9809049367904664,0.9835692644119264,0.9881049394607544,0.988581120967865,0.9897353053092957,0.9604263305664062,0.985276997089386,0.9869219660758972,0.9931246042251588,0.996735692024231,0.9998825788497924,0.0567793361842632,0.9743785858154296,0.1178045719861984,0.9570891261100768,0.1326813995838165,0.9345595836639404,0.1371895372867584,0.9284960627555848,0.1340886056423187,0.8877553939819336,0.996796727180481,0.9975425601005554,0.2849387526512146,0.7895506024360657,0.4705838561058044,0.841990053653717,0.6031128168106079,0.7741758227348328,0.6547083854675293,0.8235761523246765,0.8417385816574097,0.8390995264053345,0.8391760587692261,0.8392311930656433,0.8361579775810242,0.8340861201286316,0.8318253755569458,0.8299156427383423,0.8203689455986023,0.8404639363288879,0.8364845514297485,0.8294792175292969,0.8004115223884583,0.8334156274795532,0.7889893054962158,0.8549134135246277,0.8026964068412781,0.8585265874862671,0.8016413450241089,0.8593818545341492,0.8107544779777527,0.8547809720039368,0.8107298016548157,0.8335747718811035,0.8168702125549316,0.8300819396972656,0.818780779838562,0.8249199986457825,0.8125424385070801,0.82176274061203,0.8038622736930847,0.8504859209060669,0.8393129110336304,0.3277744054794311,0.3185199201107025,0.3182810544967651,0.3180637061595917,0.3189513981342315,0.3190538287162781,0.3192501068115234,0.3226832151412964,0.3246464133262634,0.338043600320816,0.3391399383544922,0.3767444193363189,0.3793629109859466,0.450443834066391,0.4668775498867035,0.5115687251091003,0.5440865159034729,0.5286377668380737,0.5629646182060242,0.5285532474517822,0.560848593711853,0.5238732099533081,0.5539547204971313,0.5239352583885193,0.5249024629592896,0.6099765300750732,0.6146205067634583,0.6987980604171753,0.7041845321655273,0.7189031839370728,0.7206472754478455,0.716328501701355,0.7263925671577454,-0.1365182697772979,-0.1281113922595977,-0.128128319978714,-0.1281152665615081,-0.1550333350896835,-0.1550728976726532,-0.1551758050918579,-0.076699323952198,-0.1585566997528076,-0.1126026958227157,-0.1487887054681778,-0.0005162177258171,-0.1737464368343353,0.0399483516812324,-0.1917605996131897,0.0077250129543244,-0.2002265900373459,0.0020982234273105,-0.2218658030033111,-0.0152669670060276,-0.2273734360933303,-0.0010333390673622,-0.2022855281829834,0.0493376813828945,-0.0493513122200965,0.1258242726325988,0.0573303699493408,0.2274118661880493,0.2072491198778152,0.2352205067873001,0.2198857814073562,0.1927307993173599,0.1662554442882537,Turn-First
329,0.9933450818061828,0.9835394024848938,0.9819511771202089,0.9843177795410156,0.9889187216758728,0.989380180835724,0.9904494285583496,0.961686670780182,0.986452341079712,0.9877809286117554,0.9936473369598388,0.9968137741088868,0.9998852610588074,0.0626611709594726,0.9764252305030824,0.1335369646549224,0.9592373967170716,0.1458885073661804,0.9367823600769044,0.1516454815864563,0.9312760233879088,0.1486318558454513,0.8927447199821472,0.996835470199585,0.997583508491516,0.3084524273872375,0.7915654182434082,0.4856369197368622,0.8347831964492798,0.6099166870117188,0.7528569102287292,0.6672877073287964,0.8212651610374451,0.8413750529289246,0.8391156196594238,0.8393617868423462,0.8395981788635254,0.8357657194137573,0.8336572647094727,0.8315623998641968,0.8307962417602539,0.8200567960739136,0.8401357531547546,0.8360868692398071,0.8338874578475952,0.796244204044342,0.8391023874282837,0.7861161828041077,0.8574573397636414,0.8004523515701294,0.8605796694755554,0.7994548082351685,0.8621099591255188,0.8079411387443542,0.857516884803772,0.8084222674369812,0.8378569483757019,0.8162509799003601,0.8375649452209473,0.8156414031982422,0.8345409631729126,0.810437798500061,0.8265036344528198,0.8014528155326843,0.8538187742233276,0.8381376266479492,0.3278160989284515,0.3185515701770782,0.3183265626430511,0.3181333839893341,0.3190087974071502,0.3191482126712799,0.3193719685077667,0.3228141665458679,0.3246493935585022,0.3381053805351257,0.3392630219459533,0.3778146803379059,0.3823686838150024,0.4510978758335113,0.4684309363365173,0.5122121572494507,0.5453138947486877,0.5293453931808472,0.5645990967750549,0.5292608141899109,0.5633594989776611,0.5242765545845032,0.5557785034179688,0.5271679162979126,0.5290640592575073,0.6154792904853821,0.6178058385848999,0.6988352537155151,0.7045146822929382,0.7186974287033081,0.7213085293769836,0.7195056080818176,0.7285003662109375,-0.168387696146965,-0.1580950915813446,-0.1581037789583206,-0.1580928564071655,-0.1780621707439422,-0.1781004518270492,-0.1781801730394363,-0.0911105945706367,-0.1777655184268951,-0.1404746323823928,-0.1671303212642669,-0.015156140550971,-0.18368561565876,0.0324207618832588,-0.1926030963659286,0.0036869714967906,-0.2140755653381347,-0.0019217437366023,-0.2302426844835281,-0.0199826490134,-0.2403322458267212,-0.0053820270113646,-0.2166831046342849,0.0494963452219963,-0.0495171807706356,0.1241814643144607,0.0390351228415966,0.2267872840166092,0.1787774413824081,0.2344083338975906,0.1893834769725799,0.1898226588964462,0.1221059411764144,Turn-First
330,0.9938952922821044,0.9848982095718384,0.9833635687828064,0.985452115535736,0.9898765683174132,0.9903053641319276,0.9912813305854796,0.9640116095542908,0.98768949508667,0.9888094663619996,0.9942181706428528,0.9969513416290284,0.9998912215232848,0.0719422250986099,0.9784173965454102,0.1574179381132125,0.9619322419166564,0.1665875017642974,0.9402164816856384,0.1735568940639495,0.9352486729621888,0.1700565069913864,0.8993984460830688,0.9969799518585204,0.9977038502693176,0.3349858522415161,0.7974672913551331,0.5046446323394775,0.8316961526870728,0.6213356256484985,0.7374153733253479,0.6819907426834106,0.8220781683921814,0.840981125831604,0.8388298153877258,0.8392038345336914,0.8395999670028687,0.835486888885498,0.8335984945297241,0.8308718800544739,0.831936240196228,0.8196685910224915,0.8398173451423645,0.8359512090682983,0.8361185789108276,0.7933507561683655,0.8412293195724487,0.7843259572982788,0.857779860496521,0.7976191639900208,0.8621667623519897,0.7963206171989441,0.8640034794807434,0.8050804138183594,0.859666645526886,0.805761992931366,0.839981734752655,0.8161447644233704,0.838805079460144,0.8152197599411011,0.8349412083625793,0.8102677464485168,0.827822208404541,0.8003591299057007,0.8551347851753235,0.8370531797409058,0.3279225528240204,0.3186656534671783,0.318483829498291,0.318349152803421,0.3191302120685577,0.3193049430847168,0.3195725977420807,0.3232441842556,0.3246572315692901,0.338203877210617,0.339344173669815,0.379518985748291,0.3833224177360534,0.4537108838558197,0.469003289937973,0.51373690366745,0.5454359650611877,0.5310579538345337,0.5650426745414734,0.5309320688247681,0.5634969472885132,0.5258972644805908,0.5560497641563416,0.5306052565574646,0.5332213044166565,0.6192866563796997,0.6211370229721069,0.6992537975311279,0.7047615051269531,0.7189470529556274,0.7213380932807922,0.7228634357452393,0.7301309704780579,-0.1811101287603378,-0.1691366881132125,-0.1691406071186065,-0.1691210716962814,-0.1867184340953827,-0.1867552697658538,-0.1868209093809127,-0.0943352654576301,-0.1765272319316864,-0.1509678363800048,-0.1744501888751983,-0.0164966508746147,-0.1839879006147384,0.0302600804716348,-0.1995842009782791,-0.0030845038127154,-0.2158739566802978,-0.0103604067116975,-0.2310141772031784,-0.0287730451673269,-0.2436834871768951,-0.0123647786676883,-0.2190519869327545,0.0492783710360527,-0.0493070408701896,0.1261362582445144,0.0375090166926384,0.2310909926891327,0.1783138960599899,0.2389978468418121,0.1891166269779205,0.1956463754177093,0.1245134845376014,Turn-First
331,0.9944379329681396,0.9862574338912964,0.9848356246948242,0.9867000579833984,0.9907856583595276,0.9911781549453736,0.9920578598976136,0.9669936299324036,0.9888350367546082,0.9898368716239928,0.9947555065155028,0.9971824884414672,0.999894917011261,0.0934883803129196,0.9801209568977356,0.1938081234693527,0.9637302756309508,0.1964955031871795,0.942119598388672,0.2051563113927841,0.937631368637085,0.2008077055215835,0.9038568139076232,0.9971129894256592,0.9977895617485046,0.3635935187339782,0.8004454970359802,0.524512767791748,0.8292106986045837,0.6340576410293579,0.7218104004859924,0.6949748396873474,0.8220186829566956,0.8414710164070129,0.8397711515426636,0.8402183651924133,0.8406200408935547,0.8359910845756531,0.833796501159668,0.8310047388076782,0.8330785036087036,0.819514274597168,0.840610682964325,0.8358268737792969,0.840817928314209,0.7912763357162476,0.847602367401123,0.7834764122962952,0.8610031008720398,0.79604572057724,0.8639510273933411,0.7961996793746948,0.8655568957328796,0.8036901354789734,0.863563060760498,0.804375946521759,0.8435014486312866,0.8156028985977173,0.8412448167800903,0.8146300315856934,0.8374015092849731,0.8101625442504883,0.8270547986030579,0.8003354072570801,0.85484379529953,0.8360055088996887,0.3281682133674621,0.3189373910427093,0.3187924921512604,0.3187097609043121,0.3193687796592712,0.3195407092571258,0.3197973072528839,0.323511391878128,0.3246916830539703,0.3384114503860473,0.3394766449928283,0.3802178502082824,0.3832102715969085,0.455462783575058,0.4692303836345672,0.5140005946159363,0.5453662276268005,0.5319001078605652,0.5651997327804565,0.5316176414489746,0.5636070370674133,0.5259438753128052,0.556269645690918,0.5302199721336365,0.5331496000289917,0.6191245913505554,0.6226304173469543,0.7018347382545471,0.7053711414337158,0.7190017700195312,0.7214482426643372,0.7269550561904907,0.7330313324928284,-0.1860336512327194,-0.1737674176692962,-0.1737789809703827,-0.1737657636404037,-0.1926312446594238,-0.1926586329936981,-0.1927090287208557,-0.0941407978534698,-0.1813642978668213,-0.153743714094162,-0.1790040582418441,-0.0146578373387455,-0.1803816258907318,0.03378926217556,-0.1881600767374038,-0.0103281615301966,-0.2110799551010131,-0.0210222247987985,-0.230952113866806,-0.0425602793693542,-0.2417263090610504,-0.0210668016225099,-0.2146018743515014,0.0468993373215198,-0.0468938425183296,0.1116955652832984,0.0165929216891527,0.2298419773578643,0.1535174250602722,0.2384132146835327,0.1632961928844452,0.1887369453907013,0.0895961150527,Turn-First
332,0.9948703050613404,0.987366020679474,0.9860248565673828,0.9876772165298462,0.9915295243263244,0.9918957948684692,0.9926949739456176,0.9693055748939514,0.9898205399513244,0.99070006608963,0.9952174425125122,0.997360110282898,0.9998976588249208,0.1117817088961601,0.9817131757736206,0.2253937423229217,0.9656003713607788,0.2229320704936981,0.9442501068115234,0.2330470085144043,0.9402164816856384,0.2280298918485641,0.9084312319755554,0.9971961379051208,0.997847020626068,0.3888425230979919,0.8035557866096497,0.5404064059257507,0.823360025882721,0.6431744694709778,0.7040430307388306,0.7056202292442322,0.8190726637840271,0.8419740796089172,0.8406127095222473,0.8411154747009277,0.8415442705154419,0.836534321308136,0.8341080546379089,0.8312495350837708,0.8342296481132507,0.8195518255233765,0.84125155210495,0.8359304666519165,0.8438353538513184,0.7906560301780701,0.8502453565597534,0.781452476978302,0.8625898361206055,0.793515682220459,0.8659135103225708,0.7942797541618347,0.8674260973930359,0.8014184236526489,0.8641120195388794,0.8027834892272949,0.8449374437332153,0.815485954284668,0.8436212539672852,0.8140338063240051,0.8376379013061523,0.8105548620223999,0.8298039436340332,0.800677478313446,0.8563199043273926,0.8360004425048828,0.3281082808971405,0.3188775479793548,0.3187401592731476,0.3186644613742828,0.3192978501319885,0.3194726109504699,0.3197250664234161,0.3235053420066833,0.3246602416038513,0.338340699672699,0.3394074738025665,0.3801686465740204,0.3832120895385742,0.4562064111232757,0.4694232046604156,0.5140451788902283,0.5450218319892883,0.5325781106948853,0.5650927424430847,0.5322015285491943,0.5635030269622803,0.5264920592308044,0.5561847686767578,0.5303338766098022,0.5336719751358032,0.6195566058158875,0.6234639883041382,0.7017275094985962,0.7057454586029053,0.7193357944488525,0.7214230895042419,0.7270141243934631,0.7328605055809021,-0.1817237138748169,-0.1697129905223846,-0.1697306036949157,-0.1697215586900711,-0.1883312314748764,-0.1883644312620163,-0.1884249895811081,-0.0921884775161743,-0.1793732643127441,-0.1504099369049072,-0.1753603667020797,-0.0153152849525213,-0.1770451664924621,0.0337393023073673,-0.1863279938697815,-0.0132663799449801,-0.210377812385559,-0.0244427639991045,-0.2317148447036743,-0.0454995818436145,-0.2413791120052337,-0.023860989138484,-0.2137359082698822,0.0459665581583976,-0.0459537357091903,0.1174534112215042,0.0216724779456853,0.2371780425310135,0.1607930660247802,0.2465554475784301,0.1711821854114532,0.1931957155466079,0.1009940952062606,Turn-First
333,0.9953418970108032,0.9885412454605104,0.9873127937316896,0.9887802004814148,0.9923125505447388,0.992646872997284,0.9933664202690125,0.972015619277954,0.9907912611961364,0.9915790557861328,0.9956757426261902,0.9975681900978088,0.9999018907546996,0.1452440023422241,0.9831352829933168,0.2730396687984466,0.967182159423828,0.2653389573097229,0.9460899829864502,0.2763864398002624,0.9424934387207032,0.2698891758918762,0.9128507971763612,0.9973673820495604,0.997986614704132,0.4253340065479278,0.8145220875740051,0.5691707730293274,0.8284899592399597,0.662536084651947,0.6999542713165283,0.723197877407074,0.824037492275238,0.841774582862854,0.8407478332519531,0.8415010571479797,0.8422319293022156,0.8363310098648071,0.8339503407478333,0.8310903310775757,0.837041974067688,0.8194392919540405,0.8413232564926147,0.8357716798782349,0.8475633859634399,0.7891062498092651,0.854656994342804,0.779004693031311,0.8644554018974304,0.7898796200752258,0.8679956197738647,0.7910223603248596,0.8689097166061401,0.7977050542831421,0.8655664324760437,0.799059271812439,0.8455567359924316,0.8144405484199524,0.8425039052963257,0.8134783506393433,0.8360234498977661,0.8107488751411438,0.8290144205093384,0.8051802515983582,0.8558476567268372,0.8321507573127747,0.3290006518363952,0.3196622431278229,0.3195780813694,0.3195412456989288,0.3198557198047638,0.319875419139862,0.3199840188026428,0.324277400970459,0.3246608376502991,0.3392016291618347,0.3400951027870178,0.3811231851577759,0.3837839663028717,0.4579813182353973,0.4693374633789062,0.51390540599823,0.5424457788467407,0.5328949689865112,0.5629310607910156,0.5323936939239502,0.5612715482711792,0.5266165137290955,0.5546216368675232,0.5317626595497131,0.5348502397537231,0.6210277080535889,0.62481290102005,0.7019463777542114,0.7057927250862122,0.7183501720428467,0.7205327153205872,0.7278196811676025,0.7329819202423096,-0.2000845372676849,-0.1867927610874176,-0.1868081986904144,-0.1867935359477996,-0.2018534839153289,-0.201880931854248,-0.2019238919019699,-0.1012601107358932,-0.1776093542575836,-0.1663567721843719,-0.1868418604135513,-0.0241039264947175,-0.1586864292621612,0.0259542949497699,-0.1600109785795211,-0.035299003124237,-0.1980154067277908,-0.0506946370005607,-0.2201105654239654,-0.0731037259101867,-0.2318888157606125,-0.0463953725993633,-0.2025254964828491,0.0421936511993408,-0.0421797707676887,0.1192920058965683,0.0249698385596275,0.2374150454998016,0.1624367535114288,0.2466030865907669,0.17257060110569,0.1944960206747055,0.1011026501655578,Turn-First
334,0.9957944750785828,0.989655077457428,0.9885411858558656,0.9898517727851868,0.9930578470230104,0.9933595657348632,0.994005560874939,0.9746776223182678,0.9916923642158508,0.9924018383026124,0.9960999488830566,0.9977907538414,0.9999075531959534,0.201229453086853,0.9843143820762634,0.333428144454956,0.968546748161316,0.3218872547149658,0.9478358626365662,0.3328881859779358,0.944632649421692,0.3255791962146759,0.9170509576797484,0.9975846409797668,0.9981553554534912,0.4750521183013916,0.83078533411026,0.6073094010353088,0.8424063920974731,0.6894117593765259,0.7131509184837341,0.7466926574707031,0.837215781211853,0.8416934013366699,0.8411241769790649,0.8420662879943848,0.8429747819900513,0.8362975120544434,0.8338043093681335,0.8310003280639648,0.8387292623519897,0.8193793296813965,0.8415274620056152,0.8356624841690063,0.8508111238479614,0.7891200184822083,0.8579634428024292,0.7781355977058411,0.8674637079238892,0.7875494360923767,0.8715863227844238,0.7878697514533997,0.8716720342636108,0.7937200665473938,0.8687992095947266,0.795442521572113,0.8455856442451477,0.8130014538764954,0.843737006187439,0.8121283650398254,0.8369529843330383,0.810810923576355,0.8298026919364929,0.8051491975784302,0.8554903268814087,0.8256247639656067,0.3313412368297577,0.3212263286113739,0.3210642635822296,0.3209564983844757,0.3214802742004394,0.3214697539806366,0.3214426934719085,0.3252168297767639,0.3251349329948425,0.3413366079330444,0.3421374261379242,0.3815813362598419,0.3838799297809601,0.4587862193584442,0.4692201614379883,0.5140326619148254,0.5385431051254272,0.5345808267593384,0.5593629479408264,0.5330334901809692,0.5576733350753784,0.5271187424659729,0.5516104102134705,0.5315876603126526,0.5350009799003601,0.6212270855903625,0.6246789693832397,0.7019062042236328,0.7052875757217407,0.7151714563369751,0.7180200219154358,0.7293151021003723,0.7331466674804688,-0.223031610250473,-0.209918737411499,-0.2099179774522781,-0.2098917663097381,-0.2228547036647796,-0.2228706181049347,-0.2228937596082687,-0.1193997263908386,-0.182372361421585,-0.1872881054878235,-0.2050319164991378,-0.0381974913179874,-0.1553672850131988,0.0194622166454792,-0.1534592360258102,-0.0442270077764987,-0.1965400278568267,-0.0606206841766834,-0.2193154990673065,-0.0853784084320068,-0.2331188917160034,-0.0560122206807136,-0.2022506892681121,0.0391133613884449,-0.0391187369823455,0.1203344836831092,0.0294060707092285,0.2449383735656738,0.1681211292743683,0.2540391087532043,0.1778847873210907,0.1949951946735382,0.1073130518198013,Turn-First
335,0.9961487650871276,0.9905261993408204,0.989485800266266,0.9906237125396729,0.9936428666114808,0.993919551372528,0.9945008754730223,0.9765797853469848,0.9924397468566896,0.9930840134620668,0.996459662914276,0.9979666471481324,0.9999102354049684,0.2373258620500564,0.9853781461715698,0.3741048276424408,0.9695389866828918,0.3585550487041473,0.948874056339264,0.370205670595169,0.9459848999977112,0.3624900579452514,0.9199977517127992,0.9977429509162904,0.9982861280441284,0.519308865070343,0.8454484343528748,0.6410746574401855,0.8547406792640686,0.711952805519104,0.7237637639045715,0.7674214243888855,0.8489089012145996,0.8433481454849243,0.842303454875946,0.8431422114372253,0.8439596891403198,0.8376824259757996,0.8350728750228882,0.832358717918396,0.8390404582023621,0.8212612867355347,0.8432267308235168,0.8375296592712402,0.8532983064651489,0.7896274924278259,0.8605343103408813,0.7772530913352966,0.8684830665588379,0.7854942083358765,0.8722215890884399,0.7850995063781738,0.8719169497489929,0.7908409237861633,0.8686403036117554,0.792733907699585,0.845953643321991,0.8117566108703613,0.8464077115058899,0.8105378150939941,0.8385747075080872,0.8105674982070923,0.831631064414978,0.8049795031547546,0.8566282987594604,0.8235212564468384,0.3307670652866363,0.3208945095539093,0.3207570016384125,0.3206701576709747,0.3211538195610046,0.3211625516414642,0.3211408853530884,0.3249492943286896,0.3248707056045532,0.3410046696662903,0.341710090637207,0.3815129697322845,0.3838011920452118,0.4577416777610779,0.4664506614208221,0.5127198100090027,0.5349356532096863,0.534491240978241,0.5556598901748657,0.5328094959259033,0.5543275475502014,0.5255373120307922,0.5486461520195007,0.5315447449684143,0.5348712205886841,0.6206786036491394,0.6245607137680054,0.7015300393104553,0.705221951007843,0.7129942774772644,0.7174251675605774,0.7299305200576782,0.7338036894798279,-0.2248091697692871,-0.2117840498685836,-0.2117933928966522,-0.2117749899625778,-0.2263427972793579,-0.2263654768466949,-0.2264151275157928,-0.1211117058992385,-0.1890077143907547,-0.1886378228664398,-0.2082829028367996,-0.0376488082110881,-0.1606985032558441,0.0209998302161693,-0.1583018004894256,-0.0511213950812816,-0.1981443464756012,-0.0688659697771072,-0.2215525209903717,-0.0944815352559089,-0.2345906049013137,-0.0637018382549285,-0.2037412375211715,0.0397427678108215,-0.0397458262741565,0.1243501752614975,0.0324492268264293,0.2707462906837463,0.1883493065834045,0.2816935181617737,0.2002356499433517,0.2218997180461883,0.1212203130125999,Turn-First
336,0.9964928030967712,0.9913688898086548,0.9904080629348756,0.9914005994796752,0.9942045211791992,0.9944560527801514,0.9949796795845032,0.9784952402114868,0.9931401014328004,0.9937185049057008,0.9967899918556212,0.9981334805488586,0.9999147653579712,0.25321164727211,0.986193597316742,0.3919019699096679,0.9695318341255188,0.3741592764854431,0.9481172561645508,0.3865589201450348,0.9455069303512572,0.3790248334407806,0.9207664132118224,0.9978925585746764,0.9984048008918762,0.5596825480461121,0.8585439324378967,0.6724126935005188,0.8658779859542847,0.7317138910293579,0.7327114343643188,0.7869583964347839,0.8599792122840881,0.8432890772819519,0.8425887823104858,0.843579888343811,0.8445594906806946,0.8376799821853638,0.8350650668144226,0.8323589563369751,0.8404666185379028,0.8216118812561035,0.8437210321426392,0.8375495076179504,0.8545970916748047,0.7899636030197144,0.8599330186843872,0.7762184143066406,0.8681123852729797,0.783150315284729,0.8717296719551086,0.7825595736503601,0.8714287877082825,0.7880644798278809,0.868111789226532,0.7897081971168518,0.8456716537475586,0.8103095889091492,0.8467303514480591,0.8104430437088013,0.8403231501579285,0.810498833656311,0.8343594670295715,0.8046542406082153,0.8581337928771973,0.8245501518249512,0.3307238221168518,0.3207505941390991,0.3206444680690765,0.3205868005752563,0.3210222125053406,0.3210693001747131,0.3210863173007965,0.3248525559902191,0.3248690068721771,0.3410041630268097,0.3417186737060547,0.3813991546630859,0.3833169937133789,0.4534174799919128,0.4635147154331207,0.5100386738777161,0.5334097743034363,0.5324522256851196,0.5536947846412659,0.5301892757415771,0.5524767637252808,0.5222885012626648,0.5468116998672485,0.5311707854270935,0.5342760682106018,0.6196886897087097,0.6241852641105652,0.7000058889389038,0.7051289677619934,0.7103884816169739,0.7168654799461365,0.7292128801345825,0.7335715889930725,-0.2298237085342407,-0.2165703773498535,-0.2165816277265548,-0.2165604084730148,-0.2299801409244537,-0.229997843503952,-0.230040356516838,-0.1219582706689834,-0.1864285916090011,-0.1918994486331939,-0.2099067717790603,-0.0343628413975238,-0.1545678675174713,0.023934444412589,-0.1445493996143341,-0.0495102033019065,-0.1844640523195266,-0.0664234831929206,-0.2075818330049514,-0.0922869890928268,-0.2229013741016388,-0.0624488368630409,-0.1908816993236541,0.0389473773539066,-0.0389664098620414,0.1245979666709899,0.0396249257028102,0.2733979225158691,0.2058786153793335,0.2845951318740845,0.2186497896909713,0.2215193212032318,0.1370400041341781,Turn-First
337,0.9968007206916808,0.9921280741691588,0.991235375404358,0.9920936822891236,0.9947117567062378,0.9949392080307008,0.9954110980033876,0.9801912903785706,0.9937735795974731,0.9942829012870787,0.9970880150794984,0.998284637928009,0.999918818473816,0.2764509916305542,0.9868866205215454,0.4187288582324981,0.969183385372162,0.3985209167003631,0.9468908309936525,0.411314308643341,0.944590389728546,0.4031886458396911,0.921026051044464,0.9980220198631288,0.9985164999961852,0.5966349244117737,0.8712661266326904,0.7009871602058411,0.8768242001533508,0.7511484026908875,0.7448363304138184,0.8045791983604431,0.8705514669418335,0.8431525230407715,0.8426936864852905,0.8438348770141602,0.8449510335922241,0.8375864028930664,0.8349553346633911,0.8322314023971558,0.841606616973877,0.821449875831604,0.843812108039856,0.8374042510986328,0.8554223775863647,0.7902003526687622,0.8617163896560669,0.7750375866889954,0.8684821128845215,0.7814353108406067,0.8712700009346008,0.7804304361343384,0.8711397051811218,0.7862064838409424,0.8676379919052124,0.7879295349121094,0.8449304699897766,0.8094388842582703,0.8460295796394348,0.8090372085571289,0.8387024998664856,0.8090742230415344,0.8328367471694946,0.8032091856002808,0.8583272099494934,0.8230394124984741,0.3307066559791565,0.3207052052021026,0.3206169903278351,0.3205801248550415,0.3209402859210968,0.3209829330444336,0.3210234344005584,0.3248313963413238,0.3248704373836517,0.3410342335700989,0.3417942821979522,0.381276786327362,0.3826713562011719,0.452238917350769,0.4618239402770996,0.5084637999534607,0.5315768122673035,0.5310203433036804,0.5521804094314575,0.5296263098716736,0.5511128306388855,0.5213707685470581,0.5456207394599915,0.5320435762405396,0.5341994762420654,0.6196116209030151,0.6240618228912354,0.7000111937522888,0.7052236795425415,0.7106053233146667,0.7167528867721558,0.7291794419288635,0.7334461212158203,-0.2506032884120941,-0.2378896027803421,-0.23790243268013,-0.2378841936588287,-0.2497792541980743,-0.2498038709163665,-0.2498504668474197,-0.1407577097415924,-0.1969509124755859,-0.211454838514328,-0.2275122702121734,-0.0465218797326087,-0.1592721939086914,0.0113393059000372,-0.1520286798477172,-0.0716393291950225,-0.191264122724533,-0.0906458646059036,-0.2142900675535202,-0.1173124760389328,-0.2241318225860595,-0.084807239472866,-0.1959057301282882,0.0396496802568435,-0.0396735817193985,0.1341989338397979,0.0374723114073276,0.2888674437999725,0.1961899250745773,0.3004768490791321,0.2082582712173462,0.2383478581905365,0.1349291354417801,Turn-First
338,0.9970592856407166,0.9927547574043274,0.9919127821922302,0.9926369786262512,0.9951319098472596,0.9953370094299316,0.9957599639892578,0.9815415740013124,0.994311511516571,0.9947647452354432,0.9973421096801758,0.9984204173088074,0.9999205470085144,0.3023641407489776,0.9872560501098632,0.4436677992343902,0.96747624874115,0.4206799864768982,0.9435836672782898,0.4338684678077698,0.9415779113769532,0.4254493713378906,0.918951153755188,0.9981252551078796,0.9986042380332948,0.6307710409164429,0.8822318315505981,0.7266258597373962,0.886025607585907,0.7678372263908386,0.7534451484680176,0.8201596736907959,0.8791548013687134,0.8433982133865356,0.8431493043899536,0.8443768620491028,0.8455544710159302,0.8378199338912964,0.8351090550422668,0.8322336077690125,0.8423770666122437,0.8213351964950562,0.8443911671638489,0.8376986384391785,0.8570758104324341,0.7903707027435303,0.8637136220932007,0.7742928266525269,0.8695569038391113,0.779570460319519,0.8714748620986938,0.7782173156738281,0.870968222618103,0.7831974029541016,0.8675478100776672,0.7849658727645874,0.8451968431472778,0.8087870478630066,0.8453851938247681,0.8082462549209595,0.8377273678779602,0.8091241121292114,0.8317998051643372,0.803374171257019,0.857421875,0.8213201761245728,0.3306887447834015,0.3206923902034759,0.3206094801425934,0.3205682337284088,0.3209043145179748,0.3209441900253296,0.320998877286911,0.3248093724250793,0.3248748481273651,0.3410722315311432,0.3418658971786499,0.3807236552238464,0.3820233941078186,0.4481209516525268,0.4599236845970154,0.503974974155426,0.5296937823295593,0.5255584120750427,0.5510839819908142,0.5252228379249573,0.5503336191177368,0.5164914727210999,0.5445737242698669,0.531946063041687,0.5339680314064026,0.6195394992828369,0.6230624318122864,0.7009369134902954,0.7052869200706482,0.71096271276474,0.7168406248092651,0.7293192148208618,0.7334229946136475,-0.2553653419017792,-0.2428029775619506,-0.2428118884563446,-0.2427932769060135,-0.2548983097076416,-0.2549204230308532,-0.2549656629562378,-0.1449915021657943,-0.2020055055618286,-0.2158673554658889,-0.2321771085262298,-0.0534433424472808,-0.1591868847608566,0.0083883330225944,-0.1453514397144317,-0.0744393244385719,-0.1866135746240615,-0.0934347361326217,-0.2091773003339767,-0.1205619350075721,-0.2249033749103546,-0.0877657532691955,-0.1934317052364349,0.0372864492237567,-0.0373099669814109,0.1333921253681183,0.0452098175883293,0.2835670411586761,0.2128439247608184,0.2950322926044464,0.22567979991436,0.2311797589063644,0.1440806090831756,Turn-First
339,0.9972915649414062,0.9933062195777892,0.99251127243042,0.9931116700172424,0.9955000281333924,0.9956873655319214,0.9960659742355348,0.982779026031494,0.9947874546051024,0.99521142244339,0.997574508190155,0.9985471963882446,0.9999221563339232,0.335859477519989,0.987614631652832,0.470881313085556,0.9660578966140748,0.4447020292282104,0.9408757090568542,0.4582190215587616,0.939177393913269,0.4497329890727997,0.917481541633606,0.9982092976570128,0.998675525188446,0.6620901823043823,0.8918406963348389,0.7492738366127014,0.893755316734314,0.782556414604187,0.7597641348838806,0.8337422609329224,0.886107861995697,0.844107449054718,0.8438678979873657,0.8450568318367004,0.8461750745773315,0.8386229276657104,0.8358935117721558,0.8328989148139954,0.8426380157470703,0.8218523263931274,0.8451040387153625,0.8384069204330444,0.8587139844894409,0.7904059886932373,0.8653338551521301,0.7734788656234741,0.8711013793945312,0.7768925428390503,0.8728936910629272,0.7752283811569214,0.8719791173934937,0.7796241044998169,0.8683434724807739,0.7815927863121033,0.8461388349533081,0.8086544275283813,0.8451699018478394,0.8074905276298523,0.837155818939209,0.8092468976974487,0.8312799334526062,0.8036791682243347,0.8568488955497742,0.8200773000717163,0.3307108879089355,0.3206885159015655,0.320604532957077,0.3205585777759552,0.3208956718444824,0.3209348618984222,0.3209907412528991,0.3248029351234436,0.3248834908008575,0.3411091566085815,0.3419728279113769,0.3801850378513336,0.3811157047748565,0.4469421803951263,0.4586000144481659,0.5050240755081177,0.5292378067970276,0.5258523225784302,0.5504851937294006,0.5256463289260864,0.5497010350227356,0.5175921320915222,0.5439802408218384,0.5324071049690247,0.5337992310523987,0.6202055811882019,0.622864305973053,0.7022348046302795,0.7054160833358765,0.7115614414215088,0.7169430255889893,0.7303162813186646,0.7333108186721802,-0.25355264544487,-0.2415487766265869,-0.241557314991951,-0.2415378987789154,-0.2537035346031189,-0.2537297904491424,-0.2537801265716553,-0.1452126204967498,-0.2029458284378051,-0.2144553661346435,-0.230960875749588,-0.0571175627410411,-0.1567002981901168,0.0086425608024001,-0.1363118886947631,-0.0691196471452713,-0.1737527251243591,-0.0873738005757331,-0.19447623193264,-0.1142843514680862,-0.2135741412639618,-0.0821352824568748,-0.1815754920244217,0.0337893702089786,-0.0337935015559196,0.1207837834954261,0.0444900430738925,0.2771083414554596,0.2140633761882782,0.2888147830963135,0.2270961701869964,0.2273053675889969,0.1436173915863037,Turn-First
340,0.9974949955940248,0.9937563538551332,0.9930082559585572,0.9934830069541932,0.9958001971244812,0.9959707260131836,0.9963127970695496,0.9838558435440063,0.9951794743537904,0.995597779750824,0.997774600982666,0.9986597299575806,0.9999212622642516,0.3721455335617065,0.9876677393913268,0.4938036799430847,0.9636096358299256,0.4655630588531494,0.9367449283599854,0.4792653620243072,0.9354239106178284,0.4704753458499908,0.9147041440010072,0.9982612729072572,0.9987233877182008,0.6913985013961792,0.8995259404182434,0.7692579030990601,0.8986377716064453,0.7926556468009949,0.7597810626029968,0.8449763059616089,0.8896942138671875,0.8447011709213257,0.8445098996162415,0.8456679582595825,0.8467367887496948,0.839337944984436,0.8366425633430481,0.8336086273193359,0.8430033922195435,0.8223079442977905,0.8456690907478333,0.8389676809310913,0.8617715835571289,0.7904731035232544,0.8677304983139038,0.7733122110366821,0.871935248374939,0.7763692736625671,0.8735479116439819,0.7742832899093628,0.8726056218147278,0.7789860367774963,0.8687740564346313,0.7811622619628906,0.8464123010635376,0.8070230484008789,0.845099925994873,0.8062344789505005,0.8375917673110962,0.8093965649604797,0.8338261842727661,0.8049579858779907,0.8565682172775269,0.8156455755233765,0.3307096064090729,0.3206826448440552,0.3205956220626831,0.3205485343933105,0.3208723664283752,0.3209042847156524,0.320956140756607,0.3247381746768951,0.3248827159404754,0.3411055505275726,0.3419790863990783,0.3801409006118774,0.3799406290054321,0.4465391337871551,0.4573184251785278,0.5055004358291626,0.5273482203483582,0.5265049338340759,0.5491472482681274,0.5243409872055054,0.5485341548919678,0.5181244611740112,0.5426875948905945,0.5327068567276001,0.5334046483039856,0.6201518774032593,0.6225713491439819,0.7032632231712341,0.7049242258071899,0.7130511403083801,0.7160061597824097,0.7307592034339905,0.736891508102417,-0.2555904388427734,-0.2442367821931839,-0.2442483901977539,-0.2442317008972168,-0.2547432482242584,-0.2547758221626282,-0.2548394799232483,-0.1511763334274292,-0.2020030915737152,-0.2176808416843414,-0.2320837676525116,-0.0748481303453445,-0.146360382437706,-0.0139423608779907,-0.1111071333289146,-0.096886821091175,-0.1373012214899063,-0.1170581951737403,-0.1535203009843826,-0.1420114338397979,-0.1747141629457473,-0.1091018766164779,-0.1456697732210159,0.0200489293783903,-0.0200154539197683,0.0879083350300788,0.0518604628741741,0.247138112783432,0.2278295755386352,0.2596981227397918,0.2414284497499466,0.1884924471378326,0.1575940996408462,Turn-First
341,0.9977158308029176,0.994275689125061,0.9935928583145142,0.9939852356910706,0.9961462616920472,0.9963029026985168,0.996608018875122,0.9851812720298768,0.9955963492393494,0.9959908127784728,0.997973620891571,0.9987732172012328,0.9999247789382936,0.4144119322299957,0.9880152344703674,0.5203226208686829,0.963137149810791,0.4892423152923584,0.9354034662246704,0.502981960773468,0.9343851804733276,0.4942944049835205,0.914815366268158,0.998346209526062,0.9987987279891968,0.717673659324646,0.9064225554466248,0.7876439690589905,0.903627872467041,0.8017467260360718,0.7630890011787415,0.8552522659301758,0.8935776948928833,0.8446778059005737,0.8445272445678711,0.8458247184753418,0.8470776677131653,0.8392236828804016,0.8365896344184875,0.8334113359451294,0.8445259928703308,0.8222033381462097,0.845492959022522,0.8389302492141724,0.8641297221183777,0.7905340790748596,0.8703314661979675,0.7727745175361633,0.8730610013008118,0.7751470804214478,0.8747738003730774,0.7730919718742371,0.8732695579528809,0.7778787612915039,0.8696789741516113,0.7800053954124451,0.8470171093940735,0.8058479428291321,0.8451158404350281,0.8057607412338257,0.8374381065368652,0.8092153668403625,0.8337056040763855,0.8055909872055054,0.8540464639663696,0.8077098727226257,0.3308568298816681,0.3206813633441925,0.3205932080745697,0.3205432891845703,0.320864737033844,0.3208933174610138,0.3209239840507507,0.3247036635875702,0.3247449100017547,0.3412459790706634,0.3420698940753937,0.3794088363647461,0.3780093193054199,0.4463163912296295,0.4553213715553283,0.5056653618812561,0.5250890254974365,0.5299801230430603,0.5478267669677734,0.5280240774154663,0.547328531742096,0.5188103914260864,0.5414087772369385,0.5319042801856995,0.5304256081581116,0.6188117861747742,0.6206821799278259,0.7032068967819214,0.7047899961471558,0.7130928635597229,0.7155317068099976,0.7306592464447021,0.732738196849823,-0.2682846784591675,-0.2579681575298309,-0.2579714357852936,-0.2579547166824341,-0.265503466129303,-0.2655334770679474,-0.2655784487724304,-0.1670126914978027,-0.2043112516403198,-0.230986550450325,-0.2414855659008026,-0.0933788865804672,-0.1440489292144775,-0.0344180986285209,-0.1142131686210632,-0.1080713644623756,-0.1543614417314529,-0.1270875930786132,-0.1728398948907852,-0.1522631049156189,-0.1928569972515106,-0.1199746578931808,-0.1626761704683303,0.0114752231165766,-0.0114464107900857,0.0870717391371727,0.0636478513479232,0.2305240631103515,0.2293830662965774,0.2412435114383697,0.2419045865535736,0.1693999171257019,0.1608250588178634,Turn-First
342,0.9978720545768738,0.9946049451828004,0.9939549565315248,0.9942273497581482,0.9963778257369996,0.9965311884880066,0.9968122839927672,0.9859686493873596,0.9959195256233216,0.9962993860244752,0.9981377720832824,0.9988453388214112,0.9999254941940308,0.4467529654502868,0.9883759021759032,0.5318054556846619,0.9619064927101136,0.4978245496749878,0.932765543460846,0.5118402242660522,0.932032585144043,0.5039272308349609,0.9133105278015136,0.9983828663825988,0.9988430738449096,0.7419858574867249,0.9132862091064452,0.8045045733451843,0.9083296656608582,0.8107830882072449,0.7651216983795166,0.8644323348999023,0.8964633941650391,0.8446289300918579,0.8449105024337769,0.8463821411132812,0.8478015661239624,0.8392727971076965,0.8365285992622375,0.8333295583724976,0.8458108901977539,0.8221414685249329,0.8455923795700073,0.83885657787323,0.8667036294937134,0.7905859351158142,0.8718668818473816,0.7723726630210876,0.8744401931762695,0.7738053202629089,0.8757203221321106,0.7717009782791138,0.8746579885482788,0.7766259908676147,0.8706138730049133,0.7785564064979553,0.8473928570747375,0.805207371711731,0.8456465601921082,0.8052489161491394,0.8373287320137024,0.8089038133621216,0.8340021371841431,0.8051484227180481,0.852846622467041,0.8070164918899536,0.3308515846729278,0.3205388486385345,0.3204701244831085,0.3204380869865417,0.3205852508544922,0.320546954870224,0.3205366432666778,0.324613094329834,0.3244419693946838,0.3412313163280487,0.3420318067073822,0.3791364729404449,0.377650648355484,0.4465604722499847,0.4553861021995544,0.506028950214386,0.5248804092407227,0.5303577184677124,0.5470543503761292,0.5288536548614502,0.5467674136161804,0.5189812183380127,0.5409420728683472,0.5320703983306885,0.5302315950393677,0.6191180348396301,0.6179348826408386,0.7047883868217468,0.704799473285675,0.714242160320282,0.7156031131744385,0.7320212721824646,0.7365203499794006,-0.2738927900791168,-0.2639652490615845,-0.2639679312705993,-0.2639563381671905,-0.2716538310050964,-0.2716949582099914,-0.2717534601688385,-0.1736485064029693,-0.2104453593492508,-0.2367869913578033,-0.2473600804805755,-0.0953467115759849,-0.1483768671751022,-0.029816785827279,-0.1218026652932167,-0.0990270227193832,-0.1620023846626281,-0.1171955019235611,-0.1810492575168609,-0.1419882476329803,-0.200651615858078,-0.1107245907187461,-0.1701074093580246,0.0135359959676861,-0.0135122537612915,0.076893612742424,0.0581314861774444,0.2322322577238083,0.2307281494140625,0.2439756840467453,0.2442572116851806,0.1708579659461975,0.159536063671112,Turn-First
343,0.9980518221855164,0.995027244091034,0.994437038898468,0.994653582572937,0.9966430068016052,0.996784806251526,0.997030794620514,0.9870927929878236,0.9962225556373596,0.996624767780304,0.9982972741127014,0.9989471435546876,0.9999244213104248,0.4952852725982666,0.9878249764442444,0.5686298608779907,0.9593983292579652,0.5333089232444763,0.9289737939834596,0.5467950105667114,0.9288451671600342,0.5384839177131653,0.911098837852478,0.9984866380691528,0.9989103674888612,0.7653048634529114,0.9196205735206604,0.8209311366081238,0.9132944345474244,0.8197991847991943,0.769292950630188,0.8736209869384766,0.9003381729125977,0.8439571261405945,0.8448019027709961,0.8462638854980469,0.8477461934089661,0.8388199806213379,0.8357967138290405,0.8322280049324036,0.8470650911331177,0.8217428922653198,0.8455325365066528,0.8381150960922241,0.8686248660087585,0.790634274482727,0.8732703328132629,0.7726808190345764,0.8741494417190552,0.7734234929084778,0.876299262046814,0.7710228562355042,0.8744985461235046,0.7756168246269226,0.8705984950065613,0.7776405215263367,0.8479719161987305,0.8050228357315063,0.8466792106628418,0.8046438097953796,0.8384428024291992,0.8079794049263,0.8351742029190063,0.8050612211227417,0.8515065312385559,0.8011060953140259,0.3308654129505157,0.3205334842205047,0.3204637467861175,0.3204309642314911,0.3205485045909881,0.3204801976680755,0.3204325139522552,0.3246100842952728,0.3242983520030975,0.3413401842117309,0.3420375287532806,0.3790243566036224,0.3767901659011841,0.4491726756095886,0.4550477564334869,0.5131863355636597,0.5237917304039001,0.540145754814148,0.5463594198226929,0.5392888784408569,0.545953094959259,0.5294901728630066,0.5402013659477234,0.5330455899238586,0.5305122137069702,0.6208822131156921,0.618018388748169,0.7049914598464966,0.7046515345573425,0.7152212262153625,0.7153609991073608,0.7330246567726135,0.7324410080909729,-0.2860934138298034,-0.2762710452079773,-0.2762757539749145,-0.2762705385684967,-0.2810850739479065,-0.2811181545257568,-0.2811620235443115,-0.1853062510490417,-0.2105634212493896,-0.2488431483507156,-0.2558098435401916,-0.1119952797889709,-0.1407482177019119,-0.0484580509364604,-0.1005854755640029,-0.1109310165047645,-0.1455023437738418,-0.1301337927579879,-0.1635253727436065,-0.1554600447416305,-0.188544288277626,-0.1220179200172424,-0.1560919731855392,0.0070307827554643,-0.0070093004032969,0.0703241974115371,0.0605043470859527,0.229895994067192,0.23696069419384,0.2418113499879837,0.2508713006973266,0.1654572188854217,0.1677570790052414,Turn-First
344,0.998167872428894,0.9952573776245116,0.9947152137756348,0.9948344826698304,0.9967976808547974,0.9969441890716552,0.9971694350242616,0.9877318739891052,0.9964480996131896,0.9968546628952026,0.9984134435653688,0.9990103840827942,0.999922811985016,0.5280229449272156,0.9874934554100036,0.5792803764343262,0.9562913179397584,0.5409412384033203,0.9240260720252992,0.5545462965965271,0.924338161945343,0.5461729168891907,0.9069837331771852,0.9985306859016418,0.9989544749259948,0.7853951454162598,0.9249578714370728,0.8353206515312195,0.9170045256614684,0.826244056224823,0.7703903913497925,0.8815925717353821,0.9028435945510864,0.8438898324966431,0.8447893261909485,0.8463138341903687,0.8478506803512573,0.8387792706489563,0.8357845544815063,0.8321440815925598,0.8476370573043823,0.8217039108276367,0.8454505801200867,0.8380175828933716,0.87034672498703,0.790692925453186,0.8743833303451538,0.7726887464523315,0.8735306859016418,0.7739400267601013,0.875644326210022,0.7721647024154663,0.8741602897644043,0.7765971422195435,0.8702630996704102,0.7785435914993286,0.8485361933708191,0.8042863607406616,0.8468502759933472,0.8046848177909851,0.8397860527038574,0.8077213168144226,0.8369129300117493,0.8056079745292664,0.8505188226699829,0.8032240867614746,0.3308627009391784,0.3204721212387085,0.3204032480716705,0.3203745186328888,0.3204763829708099,0.3204068839550018,0.320370465517044,0.3245615065097809,0.3242470622062683,0.341330885887146,0.3420248627662658,0.3790135979652405,0.3764959573745727,0.4496588110923767,0.4553686678409576,0.5135082602500916,0.5236203670501709,0.5397660136222839,0.5465509295463562,0.5386866927146912,0.5460976958274841,0.5289784669876099,0.5401670932769775,0.5333185791969299,0.5307704210281372,0.6206519603729248,0.6180369257926941,0.7051314115524292,0.7046526670455933,0.7155799865722656,0.7148020267486572,0.7333043217658997,0.7320865988731384,-0.2897181212902069,-0.2795514762401581,-0.279543936252594,-0.2795288264751434,-0.2856846451759338,-0.2857288122177124,-0.2857847213745117,-0.188156858086586,-0.2175839245319366,-0.2523800432682037,-0.2609198987483978,-0.1129021048545837,-0.1446278691291809,-0.0447170846164226,-0.0992532223463058,-0.1050884947180748,-0.1250257641077041,-0.1220247596502304,-0.1401980519294738,-0.1466061174869537,-0.1630844324827194,-0.116004541516304,-0.1341083347797393,0.0067528174258768,-0.0067333197221159,0.0785552412271499,0.0635520592331886,0.2354843616485595,0.2450781613588333,0.2467483729124069,0.2594602704048157,0.1722425669431686,0.1738050580024719,Turn-First
345,0.9982882738113404,0.9955056309700012,0.9950044751167296,0.9950509071350098,0.9969611167907716,0.9971042275428772,0.9973088502883912,0.9884082078933716,0.996654450893402,0.9970762729644777,0.9985204339027404,0.9990729093551636,0.9999228715896606,0.560400664806366,0.986710011959076,0.5931518077850342,0.9533420205116272,0.5519005656242371,0.9195808172225952,0.5656149387359619,0.9203813076019288,0.5575064420700073,0.90358704328537,0.9985560178756714,0.9989915490150452,0.802856981754303,0.9297174215316772,0.8474041223526001,0.9200704097747804,0.8326795101165771,0.7722122073173523,0.8877599835395813,0.9048299789428712,0.8431447148323059,0.8447515368461609,0.8462353944778442,0.8477584719657898,0.8383632898330688,0.8351649045944214,0.8314568400382996,0.8478416204452515,0.821672260761261,0.8451660871505737,0.8370203971862793,0.871074378490448,0.7912904620170593,0.8758646845817566,0.772847056388855,0.8747312426567078,0.7744638919830322,0.8759145736694336,0.7728129625320435,0.8745018243789673,0.7769626975059509,0.8705565333366394,0.7789121270179749,0.8491761088371277,0.8044664263725281,0.8469889760017395,0.8048363924026489,0.8404680490493774,0.8085427284240723,0.8372308015823364,0.8089572787284851,0.850513756275177,0.8040606379508972,0.3308277130126953,0.3204127848148346,0.3203584551811218,0.3203370273113251,0.3203330934047699,0.320201575756073,0.3201079368591308,0.3244170844554901,0.3239385783672333,0.3413233458995819,0.3418510854244232,0.3789853453636169,0.3763123154640198,0.4486119151115417,0.4552713930606842,0.5134450793266296,0.5227097868919373,0.5392562747001648,0.5459560751914978,0.5383524298667908,0.5455638766288757,0.5286226868629456,0.5395482182502747,0.5332868099212646,0.5307527780532837,0.6205764412879944,0.6180855631828308,0.7046530842781067,0.7048410177230835,0.7154942154884338,0.7146626710891724,0.7331269383430481,0.7309578061103821,-0.2828228175640106,-0.2732389271259308,-0.2732408046722412,-0.2732313275337219,-0.2779561281204223,-0.2779960036277771,-0.278052270412445,-0.1841025799512863,-0.2155122458934784,-0.2463209182024002,-0.2530838251113891,-0.1101546436548233,-0.1363134086132049,-0.0447032526135444,-0.0875936150550842,-0.1061793193221092,-0.1200101971626281,-0.1231717318296432,-0.1352803707122802,-0.1474848687648773,-0.1589039266109466,-0.1169793382287025,-0.1296350955963134,0.0050895814783871,-0.0050872713327407,0.0761664807796478,0.0628326386213302,0.2379167973995208,0.2397347241640091,0.2494882643222808,0.2538195252418518,0.1761242151260376,0.1711161583662033,Turn-First
346,0.9984017610549928,0.9957457780838012,0.9952873587608336,0.9952840805053712,0.9971051812171936,0.9972367286682128,0.9974191784858704,0.9891319274902344,0.9968116879463196,0.9972902536392212,0.9986194372177124,0.9991387724876404,0.9999207258224488,0.5949234366416931,0.9852977991104126,0.6141953468322754,0.950123131275177,0.5714205503463745,0.915333092212677,0.5849697589874268,0.9167196750640868,0.5768347978591919,0.9004310965538025,0.998586893081665,0.9990208745002748,0.8195585012435913,0.9340829253196716,0.858506441116333,0.9237267374992372,0.8378780484199524,0.7782784700393677,0.8935588002204895,0.9078625440597534,0.8430421948432922,0.8447515368461609,0.846390426158905,0.8480930328369141,0.8382836580276489,0.8349648714065552,0.8312340974807739,0.8488389253616333,0.8216541409492493,0.8451358079910278,0.8366808891296387,0.8726993799209595,0.7916877865791321,0.8779910206794739,0.7729629278182983,0.8757878541946411,0.774604320526123,0.8768932223320007,0.7729588150978088,0.8750429153442383,0.7771129608154297,0.8712385892868042,0.7790673971176147,0.8498465418815613,0.8045912981033325,0.8469346761703491,0.8048882484436035,0.840362548828125,0.809066116809845,0.8372810482978821,0.8089377284049988,0.8477537035942078,0.8030762672424316,0.3308083117008209,0.3203931152820587,0.3203413784503937,0.3203226625919342,0.3202903568744659,0.320133775472641,0.3200176954269409,0.3243419229984283,0.323832631111145,0.341303288936615,0.3417080342769623,0.3789630830287933,0.3759317994117737,0.4489394724369049,0.4552579224109649,0.515457034111023,0.522174060344696,0.5409991145133972,0.5449987649917603,0.5401229858398438,0.5444297194480896,0.5321628451347351,0.5384127497673035,0.5337438583374023,0.5307684540748596,0.622577428817749,0.618586003780365,0.7046087384223938,0.7051852941513062,0.7154103517532349,0.7151115536689758,0.7330043911933899,0.7305846810340881,-0.2881846725940704,-0.2788999676704407,-0.2789111137390136,-0.2789170145988464,-0.2822817862033844,-0.2823196351528168,-0.2823767960071563,-0.1892295777797699,-0.2118684500455856,-0.2511467337608337,-0.256083995103836,-0.1177353635430336,-0.132122129201889,-0.0581570193171501,-0.083692267537117,-0.1240159720182418,-0.1274185478687286,-0.1437281221151352,-0.1446930766105651,-0.1685633361339569,-0.1690995544195175,-0.1348886787891388,-0.137700080871582,0.0015177445020526,-0.0015046566259115,0.0629263818264007,0.0635334402322769,0.2387080639600753,0.2469838410615921,0.2521935105323791,0.2618350088596344,0.1784244775772094,0.1807492822408676,Turn-First
347,0.9984843134880066,0.9959023594856262,0.9954821467399596,0.995422899723053,0.9971951842308044,0.9973198771476746,0.9974842071533204,0.9896654486656188,0.9969052076339722,0.997465968132019,0.9986966252326964,0.9991939067840576,0.9999178051948548,0.6280197501182556,0.984627366065979,0.6376993656158447,0.9482017159461976,0.593512773513794,0.9128207564353944,0.6065465807914734,0.9145574569702148,0.5982611179351807,0.8987207412719727,0.9985812902450562,0.9990407824516296,0.8340443968772888,0.9381539225578308,0.8678980469703674,0.926698923110962,0.8428413271903992,0.7828378081321716,0.8981184363365173,0.9096730947494508,0.8431938290596008,0.8450935482978821,0.8468354344367981,0.8485892415046692,0.8383632898330688,0.8350213170051575,0.8312989473342896,0.8493693470954895,0.8220188021659851,0.8454445600509644,0.836692214012146,0.8749057650566101,0.7922388911247253,0.8810331225395203,0.7733091115951538,0.8766394853591919,0.7748228311538696,0.8773381114006042,0.7733212113380432,0.8748878240585327,0.7776170372962952,0.8717129826545715,0.7795430421829224,0.8510527610778809,0.804645836353302,0.8470193147659302,0.804908275604248,0.8405784368515015,0.8091534376144409,0.8371248245239258,0.808737576007843,0.8479737043380737,0.8031460046768188,0.3305984139442444,0.3201650977134704,0.320150226354599,0.3201640546321869,0.3199711143970489,0.3197646737098694,0.3196285963058471,0.3242378234863281,0.3236222267150879,0.341209352016449,0.3414712846279144,0.3789560198783874,0.375631183385849,0.4509886801242828,0.4553791284561157,0.5179941654205322,0.5219027996063232,0.5443658232688904,0.5446397662162781,0.5419259667396545,0.5437626242637634,0.5345776677131653,0.537551999092102,0.5356673002243042,0.5318843126296997,0.6246626377105713,0.6196670532226562,0.7044012546539307,0.7054513096809387,0.7127593159675598,0.7158568501472473,0.7328935861587524,0.7305110096931458,-0.2929968237876892,-0.2839351296424866,-0.2839391827583313,-0.2839390337467193,-0.2870813012123108,-0.2871266305446625,-0.2871893346309662,-0.1950762420892715,-0.212418720126152,-0.2562957108020782,-0.2608300745487213,-0.1255808770656585,-0.1363885402679443,-0.0694602578878402,-0.0950131341814994,-0.1371206939220428,-0.1347627341747284,-0.1582828164100647,-0.151328295469284,-0.182368129491806,-0.1732963025569915,-0.1476242542266845,-0.1414933502674102,0.0010812428081408,-0.0010654001962393,0.0705256611108779,0.0672706142067909,0.2524738609790802,0.2513088285923004,0.2676800191402435,0.2662144601345062,0.1951232999563217,0.1857730150222778,Turn-First
348,0.9985430836677552,0.9960152506828308,0.9956284761428832,0.9955427646636964,0.9972379207611084,0.997351348400116,0.9975019097328186,0.9900769591331482,0.9969372153282166,0.997610867023468,0.9987559914588928,0.999244213104248,0.9999167323112488,0.6577714681625366,0.983973741531372,0.6567524075508118,0.944097340106964,0.6093266010284424,0.9064345359802246,0.6220234632492065,0.908539891242981,0.612257182598114,0.8927739262580872,0.9986072182655334,0.9990651607513428,0.8473675847053528,0.9421135187149048,0.8770838975906372,0.9292606115341188,0.8483112454414368,0.782635509967804,0.903320610523224,0.9113430976867676,0.8429750204086304,0.8450603485107422,0.8468291163444519,0.8486611247062683,0.8382492065429688,0.8349095582962036,0.831279456615448,0.8500812649726868,0.8223821520805359,0.84541255235672,0.8364207148551941,0.8759889602661133,0.7930101156234741,0.8818715214729309,0.7743588089942932,0.8769150972366333,0.7750223875045776,0.8781133890151978,0.773425817489624,0.875536322593689,0.7778915762901306,0.8729149103164673,0.7796644568443298,0.8528240919113159,0.805112361907959,0.8472550511360168,0.8049609065055847,0.8404877781867981,0.8090179562568665,0.8370053172111511,0.808587908744812,0.8481294512748718,0.8039203882217407,0.3304012715816498,0.3200353384017944,0.3200490772724151,0.3201101124286651,0.3197879195213318,0.3195553123950958,0.319395363330841,0.3242315948009491,0.3234463632106781,0.3410809636116028,0.3411009013652801,0.3792730271816253,0.3753906786441803,0.4526337683200836,0.4538465440273285,0.5197372436523438,0.5209488272666931,0.5447630286216736,0.5442097187042236,0.543328046798706,0.5430578589439392,0.5346266627311707,0.536558985710144,0.5358679890632629,0.5319169163703918,0.6246699094772339,0.621261477470398,0.7043684124946594,0.7060387134552002,0.7133888006210327,0.7159073352813721,0.7335156798362732,0.7308762073516846,-0.3308923840522766,-0.3229804635047912,-0.3229723572731018,-0.3229846358299255,-0.324703961610794,-0.3247532844543457,-0.3248120844364166,-0.2325191497802734,-0.2421939671039581,-0.2933533787727356,-0.2961012721061706,-0.153661623597145,-0.1584216654300689,-0.0893267765641212,-0.1008221134543418,-0.1488026082515716,-0.1398342698812484,-0.1689864099025726,-0.157308429479599,-0.1945284307003021,-0.1766530871391296,-0.1595322787761688,-0.1467030793428421,0.0033634365536272,-0.0033567666541785,0.0746848434209823,0.0678061991930008,0.2726835906505584,0.2646592259407043,0.2885958254337311,0.2806759476661682,0.2074301689863205,0.1916714757680893,Turn-First
349,0.9986323714256288,0.9962342977523804,0.995890200138092,0.9957961440086364,0.99736225605011,0.9974619150161744,0.9975908398628236,0.990749716758728,0.997045874595642,0.9977878928184508,0.9988330006599426,0.9992993474006652,0.9999168515205384,0.6876811385154724,0.98316752910614,0.6815804839134216,0.940543293952942,0.6332219243049622,0.901116907596588,0.6453500390052795,0.9034773707389832,0.6346190571784973,0.8878746628761292,0.99863600730896,0.9990903735160828,0.8594260811805725,0.9461748600006104,0.8859253525733948,0.9324565529823304,0.8542314171791077,0.7849540710449219,0.9086721539497375,0.913918435573578,0.842582106590271,0.845032811164856,0.8468208312988281,0.8487337827682495,0.8379770517349243,0.8346672058105469,0.8311769366264343,0.850817859172821,0.8227270245552063,0.8453890085220337,0.8361564874649048,0.8768810033798218,0.7943983674049377,0.8825070261955261,0.7759717702865601,0.8772470355033875,0.7758392095565796,0.8793447613716125,0.7736479043960571,0.8767343759536743,0.7779477834701538,0.8741750717163086,0.779874861240387,0.8537461161613464,0.8055833578109741,0.8478657007217407,0.8049756288528442,0.8404601812362671,0.8084742426872253,0.8369576334953308,0.8084319829940796,0.8485115766525269,0.8042912483215332,0.3299388587474823,0.3195884823799133,0.3195643723011017,0.3196611702442169,0.3195715844631195,0.3193953931331634,0.3192797601222992,0.3239283263683319,0.3233835995197296,0.3405006229877472,0.340438574552536,0.3793070912361145,0.3747734725475311,0.4555116593837738,0.4525966048240661,0.5229375958442688,0.5202800631523132,0.548619270324707,0.5436525344848633,0.5481573343276978,0.5424899458885193,0.5388936996459961,0.5358120799064636,0.5357401371002197,0.5310360193252563,0.6244636178016663,0.621720552444458,0.7045738101005554,0.7071079015731812,0.7147406339645386,0.7174986004829407,0.7340044379234314,0.7311167120933533,-0.322228193283081,-0.3145447373390198,-0.31453737616539,-0.3145402073860168,-0.3156024515628814,-0.3156459629535675,-0.3157005906105041,-0.2278447598218917,-0.2349497526884079,-0.2863649427890777,-0.2882789969444275,-0.1542952805757522,-0.1563698053359985,-0.0953955203294754,-0.1000545993447303,-0.1544931828975677,-0.1417327523231506,-0.1749458014965057,-0.1591701954603195,-0.1999775022268295,-0.1801070868968963,-0.1648842394351959,-0.1499895602464676,0.0033219344913959,-0.0033136263955384,0.0772753879427909,0.0663955956697464,0.270343542098999,0.2547339797019958,0.2857939302921295,0.2703199982643127,0.1949593275785446,0.1849801838397979,Turn-First
350,0.9987292289733888,0.9964793920516968,0.9961681962013244,0.9960699677467346,0.9975205659866332,0.9976077079772948,0.9977214336395264,0.9914178848266602,0.9972076416015624,0.9979606866836548,0.9989181756973268,0.9993537664413452,0.9999191761016846,0.7157579064369202,0.983401358127594,0.7073819637298584,0.94046950340271,0.6592450141906738,0.900469183921814,0.6706225275993347,0.9028781056404114,0.6593258380889893,0.8875195980072021,0.9986377954483032,0.9991085529327391,0.8703498244285583,0.9502763152122498,0.8939042687416077,0.9359056353569032,0.860315203666687,0.788970947265625,0.9136703610420228,0.9169724583625792,0.8426119089126587,0.8452752232551575,0.8471481204032898,0.8491140604019165,0.838079571723938,0.8348150253295898,0.8314552307128906,0.851406455039978,0.8234968185424805,0.8456783294677734,0.8361729383468628,0.8785198330879211,0.7955803871154785,0.8843223452568054,0.7770536541938782,0.8789548873901367,0.7768685817718506,0.8810213208198547,0.7741273641586304,0.8781808018684387,0.7783776521682739,0.8752997517585754,0.7805644273757935,0.8547737002372742,0.8066763877868652,0.8481768369674683,0.8050433397293091,0.840358555316925,0.8082599639892578,0.836872398853302,0.8083142042160034,0.8493437767028809,0.8046296238899231,0.3299526870250702,0.3195641636848449,0.3194985091686249,0.3195557296276092,0.3195863366127014,0.319433182477951,0.3193486928939819,0.3237215280532837,0.3233867883682251,0.3404984176158905,0.3404537737369537,0.3792518079280853,0.3747866749763489,0.4571645855903625,0.4525002241134643,0.5238698124885559,0.5203595161437988,0.5492368936538696,0.5438094735145569,0.5493263006210327,0.542663037776947,0.5406200289726257,0.5360391139984131,0.5353062748908997,0.5307648181915283,0.6243114471435547,0.6218091249465942,0.7045543789863586,0.7085757851600647,0.7148957848548889,0.7184724807739258,0.7341728210449219,0.7320987582206726,-0.3512690663337707,-0.3441444039344787,-0.344127893447876,-0.3441229462623596,-0.3452455997467041,-0.3453002870082855,-0.3453496992588043,-0.2549126148223877,-0.2620920538902282,-0.3141348361968994,-0.3161234557628631,-0.1733429133892059,-0.1769026666879654,-0.1128629893064498,-0.1221397966146469,-0.1770789325237274,-0.1732013523578643,-0.1995774209499359,-0.1922167390584945,-0.2255951166152954,-0.2191386669874191,-0.1878491789102554,-0.1844077557325363,0.0046507441438734,-0.0046424129977822,0.0861649513244628,0.0655750557780265,0.2645409703254699,0.245558351278305,0.2786821722984314,0.2588792443275451,0.1935228407382965,0.1637195646762848,Turn-First
351,0.9988313317298888,0.996745765209198,0.9964706301689148,0.9963755011558532,0.9976881742477416,0.9977609515190125,0.9978544116020204,0.992133855819702,0.9973472356796264,0.9981340169906616,0.9989989399909972,0.9994106888771056,0.9999206066131592,0.7431119680404663,0.9825729727745056,0.7342309951782227,0.940469205379486,0.6883174777030945,0.9002350568771362,0.6988117098808289,0.9027230739593506,0.6875982284545898,0.8876292109489441,0.998691737651825,0.999139666557312,0.879563570022583,0.9529101252555848,0.9002938270568848,0.9382123351097108,0.862769365310669,0.7925751805305481,0.917364537715912,0.9195098876953124,0.8410536050796509,0.8447657823562622,0.8469233512878418,0.8490128517150879,0.837147057056427,0.8341448903083801,0.8311126828193665,0.851486086845398,0.8242849111557007,0.8454219102859497,0.8352975845336914,0.8798545598983765,0.7972356081008911,0.8867291212081909,0.7777916193008423,0.882038950920105,0.7770284414291382,0.8844254612922668,0.7743110060691833,0.8807240724563599,0.7784443497657776,0.8776549100875854,0.7807326912879944,0.8556915521621704,0.8076997995376587,0.8482719659805298,0.8053538203239441,0.8402752876281738,0.8081411123275757,0.8368450999259949,0.8083115816116333,0.8489185571670532,0.8040933609008789,0.3287605047225952,0.3183242380619049,0.3181812167167663,0.3182007372379303,0.3185661733150482,0.3184415400028229,0.3183808624744415,0.3225694000720978,0.3227483332157135,0.3390561044216156,0.3389549851417541,0.3792011439800262,0.3745409250259399,0.4589000344276428,0.4508803188800812,0.5254147052764893,0.51951664686203,0.5513414740562439,0.5428707003593445,0.5510872602462769,0.5415233373641968,0.5428816080093384,0.5345825552940369,0.5342581272125244,0.5291739106178284,0.6240142583847046,0.6216251254081726,0.7046102285385132,0.7086016535758972,0.7162774205207825,0.7186325192451477,0.7347919940948486,0.7317153811454773,-0.3437673151493072,-0.3363986909389496,-0.3363949656486511,-0.3363966941833496,-0.3357059359550476,-0.3357527256011963,-0.335798054933548,-0.2503814399242401,-0.2501030266284942,-0.3081931471824646,-0.3078573942184448,-0.1786844879388809,-0.169039100408554,-0.130066305398941,-0.1140405908226966,-0.1964925676584243,-0.1677909791469574,-0.2214708626270294,-0.187752678990364,-0.2467445880174636,-0.2153436839580536,-0.2068747729063034,-0.1794770956039428,-0.0002737149479798,0.0002894883800763,0.0851728469133377,0.0667066499590873,0.2622884213924408,0.2469895184040069,0.2750187814235687,0.2604278028011322,0.1857762336730957,0.1673515439033508,Turn-First
352,0.9989224672317504,0.9969792366027832,0.9967395663261414,0.9966496229171752,0.9978312253952026,0.9978960752487184,0.997973620891571,0.9927589893341064,0.9974592924118042,0.998291552066803,0.9990739822387696,0.9994618892669678,0.9999226927757264,0.7678031921386719,0.982900857925415,0.7584788799285889,0.94137442111969,0.7142489552497864,0.9008236527442932,0.7240006327629089,0.9033198356628418,0.712786078453064,0.8883249759674072,0.9987468123435974,0.9991745948791504,0.8879799246788025,0.9563137292861938,0.9065729379653932,0.9410285949707032,0.8659422397613525,0.7938212752342224,0.92170387506485,0.9225784540176392,0.8406497836112976,0.8446240425109863,0.8468791842460632,0.8489859700202942,0.837059497833252,0.8341387510299683,0.8311506509780884,0.8516070246696472,0.8253113031387329,0.8452598452568054,0.8350969552993774,0.8810898661613464,0.7984791398048401,0.8882471919059753,0.7794972658157349,0.884157657623291,0.7775812149047852,0.8863428831100464,0.7744258642196655,0.8823095560073853,0.7784779667854309,0.879295825958252,0.7809253931045532,0.8560699224472046,0.8086065053939819,0.8482753038406372,0.8053682446479797,0.8402107954025269,0.8062193989753723,0.8365209698677063,0.805092990398407,0.8489472270011902,0.8052839040756226,0.3284550607204437,0.318013995885849,0.3178144097328186,0.3177690804004669,0.3183257281780243,0.3181790113449096,0.3181032538414001,0.3221798837184906,0.3226062953472137,0.3386682868003845,0.3384560942649841,0.3791840374469757,0.3745909333229065,0.4598811268806457,0.4508657455444336,0.5269924998283386,0.5193172097206116,0.5524879693984985,0.5422258973121643,0.5523548722267151,0.5409374833106995,0.5445842742919922,0.5340936183929443,0.5339795351028442,0.528697669506073,0.6239193677902222,0.6213411092758179,0.7041752934455872,0.708534836769104,0.716205894947052,0.718621551990509,0.7347529530525208,0.7319098114967346,-0.3586639761924743,-0.3512300252914428,-0.3512174487113952,-0.3512149751186371,-0.3498443067073822,-0.3498997092247009,-0.3499435782432556,-0.2644498944282532,-0.2600759267807007,-0.3231467604637146,-0.3218136727809906,-0.1883024275302887,-0.1746180951595306,-0.140084758400917,-0.1176730841398239,-0.2108207494020462,-0.1751623451709747,-0.236474797129631,-0.1968667209148407,-0.2626236379146576,-0.2251937389373779,-0.2217143774032592,-0.1875336766242981,0.0013164752162992,-0.0012994511052966,0.0908164754509925,0.0627290681004524,0.266444981098175,0.245547741651535,0.2792291045188904,0.2590707540512085,0.1871896684169769,0.1616673767566681,Turn-First
353,0.9990025162696838,0.9971871376037598,0.9969784617424012,0.99689781665802,0.9979563355445862,0.9980098605155944,0.9980714321136476,0.9933242201805116,0.9975404739379884,0.9984323382377625,0.9991398453712464,0.9995088577270508,0.9999237656593324,0.7900623083114624,0.9825372695922852,0.7804820537567139,0.940554976463318,0.73796546459198,0.8991664052009583,0.7470104098320007,0.9017325639724731,0.7357578873634338,0.8865171074867249,0.9988054633140564,0.9992082715034484,0.8957527875900269,0.9591222405433656,0.912249743938446,0.9436641335487366,0.869078516960144,0.796026349067688,0.9256886839866638,0.9258157014846802,0.8419726490974426,0.8457586169242859,0.8480157852172852,0.8500795364379883,0.8380864858627319,0.8352058529853821,0.8324159383773804,0.8525687456130981,0.8267619013786316,0.8462340235710144,0.8358908891677856,0.8817132115364075,0.7990889549255371,0.8888565301895142,0.781267523765564,0.8852347135543823,0.777599036693573,0.8884375691413879,0.7742365598678589,0.8834646940231323,0.7786233425140381,0.8803070783615112,0.7810800671577454,0.8568404912948608,0.8091315031051636,0.8486117124557495,0.8053919076919556,0.8401724696159363,0.805672287940979,0.8360515832901001,0.8043968081474304,0.849817156791687,0.8058767318725586,0.3274135887622833,0.3172217309474945,0.3170416057109833,0.3170223534107208,0.3174888491630554,0.3173561990261078,0.3172859847545624,0.3214072287082672,0.3219725489616394,0.3376697897911072,0.3374579846858978,0.379190593957901,0.3746784925460815,0.4609331786632538,0.45082888007164,0.5296159386634827,0.5194581747055054,0.5552076101303101,0.5423516631126404,0.5548830032348633,0.5410522222518921,0.5472053289413452,0.5342716574668884,0.5335057377815247,0.5281286835670471,0.6234171390533447,0.6212005615234375,0.7041304707527161,0.708589494228363,0.7162846326828003,0.7196120023727417,0.7348533868789673,0.7322162985801697,-0.3729885220527649,-0.3651050925254822,-0.3650964498519897,-0.3651095032691955,-0.3642742931842804,-0.3643262982368469,-0.3643696904182434,-0.2756531834602356,-0.2736193835735321,-0.3364057838916778,-0.335826575756073,-0.1972162723541259,-0.1833644807338714,-0.1440939009189605,-0.1238346919417381,-0.2087601721286773,-0.181517407298088,-0.2333674877882003,-0.202892392873764,-0.259998619556427,-0.2330621927976608,-0.2195891141891479,-0.1946269869804382,0.0023188660852611,-0.0023058482911437,0.0912970826029777,0.0585284046828746,0.2673086524009704,0.2445781230926513,0.280125617980957,0.2582008242607116,0.1877367794513702,0.1594135612249374,Turn-First
354,0.9990842342376708,0.9974104762077332,0.9972271919250488,0.9971538782119752,0.9981039762496948,0.998150646686554,0.9982013702392578,0.9938871264457704,0.9976864457130432,0.998565912246704,0.9992060661315918,0.9995523691177368,0.9999256730079652,0.8100666999816895,0.9829055070877076,0.800363302230835,0.9408162832260132,0.7593725323677063,0.8988120555877686,0.7677738070487976,0.9014521837234496,0.7565721869468689,0.8861024975776672,0.9988778233528136,0.9992557764053344,0.9026058912277222,0.961993932723999,0.91765159368515,0.9465402960777284,0.873072624206543,0.7992115020751953,0.9296854734420776,0.929283857345581,0.8449722528457642,0.8479912877082825,0.8499776721000671,0.8519434928894043,0.8405864834785461,0.8375638723373413,0.8345978856086731,0.8539499044418335,0.827917218208313,0.848249614238739,0.8378615379333496,0.8828744888305664,0.7995980381965637,0.8896822929382324,0.782288670539856,0.8860885500907898,0.7777935862541199,0.8896533250808716,0.7741605043411255,0.8842336535453796,0.7787374258041382,0.8810256719589233,0.7811728119850159,0.8573662638664246,0.8094650506973267,0.8485890626907349,0.8053282499313354,0.8398426175117493,0.8044021725654602,0.8345130681991577,0.8035795092582703,0.8505901098251343,0.8059264421463013,0.3272309303283691,0.3171034157276153,0.3169412314891815,0.3169261813163757,0.3172418475151062,0.317029595375061,0.3168715536594391,0.3212792575359344,0.321692407131195,0.337560623884201,0.3373126685619354,0.379162460565567,0.37494096159935,0.4610515832901001,0.450754314661026,0.5299070477485657,0.5190482139587402,0.5556555986404419,0.5418943166732788,0.5552842020988464,0.5407808423042297,0.5474768280982971,0.5338143706321716,0.5334376692771912,0.5276468992233276,0.6233461499214172,0.6211082339286804,0.7041383981704712,0.7085713744163513,0.7162900567054749,0.7197388410568237,0.735983669757843,0.7330040335655212,-0.3974886536598205,-0.3893444836139679,-0.3893242478370666,-0.3893367052078247,-0.3896609246730804,-0.3897232413291931,-0.3897547423839569,-0.2958904504776001,-0.2993154227733612,-0.3591727912425995,-0.360135018825531,-0.2109418660402298,-0.2075138837099075,-0.1551826745271682,-0.1477747857570648,-0.2196626365184784,-0.1998555064201355,-0.2442151755094528,-0.2216356694698333,-0.2717284858226776,-0.2518956065177917,-0.2309082448482513,-0.2129089534282684,0.0038208242040127,-0.0038306880742311,0.1075108870863914,0.0569509454071521,0.2874467372894287,0.2439873963594436,0.3007617592811584,0.2577327191829681,0.2092395275831222,0.1579248309135437,Turn-First
355,0.9991655349731444,0.997628688812256,0.9974669814109802,0.9973971843719482,0.9982513189315796,0.9982919096946716,0.9983298182487488,0.9944257736206056,0.9978354573249816,0.9986957311630248,0.9992725849151612,0.9995937347412108,0.999928057193756,0.8284284472465515,0.9832738041877748,0.8191473484039307,0.9428121447563172,0.7805657386779785,0.9015726447105408,0.7883379459381104,0.9042235016822816,0.7776342630386353,0.8890775442123413,0.9989432692527772,0.9992852807044984,0.9096842408180236,0.9646069407463074,0.9230881929397584,0.9491844177246094,0.8770209550857544,0.8026213049888611,0.9336212277412416,0.932119071483612,0.8448201417922974,0.8480049967765808,0.8501389622688293,0.8521817922592163,0.8405058979988098,0.8375526666641235,0.8347037434577942,0.8548235893249512,0.8283258676528931,0.8482396006584167,0.837807834148407,0.8834931254386902,0.8006566166877747,0.8906214833259583,0.7830945253372192,0.8881219625473022,0.7780340909957886,0.892034649848938,0.7742136716842651,0.8857695460319519,0.7789299488067627,0.8825956583023071,0.7814464569091797,0.8575148582458496,0.8097645044326782,0.8486606478691101,0.8053159713745117,0.8398079872131348,0.8036053776741028,0.8342595100402832,0.8030499219894409,0.8505846858024597,0.8051450848579407,0.3273110091686249,0.3172078728675842,0.3170199692249298,0.3169806897640228,0.3174118399620056,0.31719571352005,0.3170273602008819,0.3213829398155212,0.3218178749084472,0.3376187682151794,0.3373786509037018,0.3791457712650299,0.3749495148658752,0.4616600275039673,0.4507025480270386,0.5312809944152832,0.5185646414756775,0.5569533705711365,0.5415939092636108,0.5566490888595581,0.540678858757019,0.5491566061973572,0.5335310697555542,0.5333846211433411,0.5271164774894714,0.6232753396034241,0.6211031675338745,0.7040460109710693,0.7079113721847534,0.71583092212677,0.7189707159996033,0.7370437979698181,0.7332779765129089,-0.3678219616413116,-0.3602303564548492,-0.360211968421936,-0.3602113127708435,-0.3605729639530182,-0.3606245219707489,-0.3606597781181335,-0.2709418833255768,-0.2757675945758819,-0.330845832824707,-0.3320501148700714,-0.1897464543581009,-0.1994009315967559,-0.1332679688930511,-0.1306658089160919,-0.197598248720169,-0.1907049119472503,-0.2206743508577346,-0.2106233090162277,-0.2474708259105682,-0.2456544637680053,-0.2085908949375152,-0.2052870541810989,0.003948600962758,-0.0039586154744029,0.0781997144222259,0.0573148839175701,0.2478987425565719,0.2440412938594818,0.260250449180603,0.2578126788139343,0.1696491092443466,0.1581108421087265,Turn-First
356,0.9992406964302064,0.9978328943252563,0.9976915121078492,0.9976257085800172,0.9983908534049988,0.9984268546104432,0.9984530210494996,0.994925022125244,0.9979745745658876,0.998813807964325,0.99933260679245,0.99963116645813,0.999928891658783,0.8451002836227417,0.9833738207817078,0.8362571001052856,0.9444093704223632,0.7999926209449768,0.9036246538162231,0.8071933388710022,0.9063538312911988,0.7969830632209778,0.891326367855072,0.9990071654319764,0.9993171691894532,0.916696548461914,0.9669780135154724,0.9285892844200134,0.9519822597503662,0.8806809186935425,0.8064820170402527,0.9377491474151612,0.935422420501709,0.8449853658676147,0.8484514355659485,0.8507412672042847,0.8528478741645813,0.840790867805481,0.8379193544387817,0.8352043032646179,0.8559406399726868,0.8289604187011719,0.84874427318573,0.8381717801094055,0.8836382627487183,0.8015137910842896,0.8909093737602234,0.783876359462738,0.8896881937980652,0.7792332768440247,0.8933529853820801,0.7749726176261902,0.8865834474563599,0.7795325517654419,0.8834792375564575,0.7821733355522156,0.8579694032669067,0.8101725578308105,0.8489017486572266,0.8053278923034668,0.8400323987007141,0.8029416799545288,0.8342547416687012,0.8025652170181274,0.8505856394767761,0.8035025596618652,0.3272373974323272,0.3171905875205993,0.3170050084590912,0.3169719576835632,0.3174079060554504,0.3171965777873993,0.3170315623283386,0.3214060366153717,0.3218199908733368,0.3374018967151642,0.3372390568256378,0.3793517053127289,0.3750935196876526,0.4631811380386352,0.4507581293582916,0.5328035354614258,0.5181012749671936,0.5580723285675049,0.5410640835762024,0.5575616359710693,0.5401815176010132,0.5501538515090942,0.5328890085220337,0.5333886742591858,0.5270628333091736,0.623045027256012,0.6210748553276062,0.7038532495498657,0.7069410681724548,0.7154245972633362,0.7182582020759583,0.737078845500946,0.7332350015640259,-0.3672959208488464,-0.3593184351921081,-0.3592985272407532,-0.3592956364154815,-0.3588636517524719,-0.3589147925376892,-0.3589431643486023,-0.2696935832500458,-0.2704485654830932,-0.3305488228797912,-0.3305475115776062,-0.1913225352764129,-0.1895366013050079,-0.1393327713012695,-0.1279127895832061,-0.2078980654478073,-0.1834089756011963,-0.2322886437177658,-0.2032030820846557,-0.2601338028907776,-0.2337740659713745,-0.2193324863910675,-0.1962558776140213,0.0022295303642749,-0.0022355006076395,0.0763256922364234,0.062383908778429,0.2458356320858001,0.2522194981575012,0.2579815983772278,0.2661632597446441,0.1649602204561233,0.1667986959218979,Turn-First
357,0.9993104338645936,0.9980255365371704,0.9979013204574584,0.9978399276733398,0.9985255002975464,0.9985570311546326,0.9985743165016174,0.995393931865692,0.998121440410614,0.9989237785339355,0.9993900656700134,0.9996657967567444,0.999931275844574,0.8602277636528015,0.9835318326950072,0.8518673181533813,0.9465463161468506,0.8179483413696289,0.9066716432571412,0.824587345123291,0.9094350337982178,0.8149014115333557,0.8945943713188171,0.999061405658722,0.9993394017219543,0.9232954382896424,0.9692182540893556,0.9338047504425048,0.9547508955001832,0.8844804763793945,0.8113932609558105,0.9417282342910768,0.9387725591659546,0.8448194265365601,0.8483484983444214,0.8507157564163208,0.8529208898544312,0.840719997882843,0.8378298878669739,0.8350971937179565,0.856543242931366,0.8293054699897766,0.8486631512641907,0.8381571769714355,0.8838790059089661,0.8026646375656128,0.8910986185073853,0.7849632501602173,0.8896771669387817,0.7799960374832153,0.8936576843261719,0.7752132415771484,0.886905312538147,0.7796564102172852,0.884048342704773,0.7824822068214417,0.8581417798995972,0.810339629650116,0.8488896489143372,0.804995059967041,0.8400001525878906,0.8008812665939331,0.8342504501342773,0.8011510968208313,0.8496686816215515,0.8004167675971985,0.3282343745231628,0.3180230557918548,0.3176966905593872,0.3175491094589233,0.3185615241527557,0.3183699250221252,0.3182331621646881,0.321775883436203,0.3224173784255981,0.3379200994968414,0.3380720913410187,0.3797586560249328,0.3751027286052704,0.4643577337265014,0.4507768452167511,0.5340126752853394,0.51785808801651,0.5592759251594543,0.540662407875061,0.558758556842804,0.5397327542304993,0.5512465238571167,0.5325000882148743,0.5329962968826294,0.5258398652076721,0.621386706829071,0.6200926899909973,0.7034242749214172,0.7060154676437378,0.7148874998092651,0.7170803546905518,0.7370177507400513,0.7331655621528625,-0.3750053942203522,-0.3679481148719787,-0.3679277300834656,-0.3679278194904327,-0.3669393360614776,-0.3669894337654114,-0.3670121133327484,-0.2783438861370086,-0.2757976353168487,-0.3377520740032196,-0.3369975686073303,-0.1967141330242157,-0.1845354735851287,-0.1420969069004058,-0.1236664429306984,-0.2078944742679596,-0.1800138354301452,-0.23194320499897,-0.1998965442180633,-0.2598915100097656,-0.2292753905057907,-0.2191481292247772,-0.19229656457901,0.0003995514998678,-0.0003985282382927,0.0715016275644302,0.0634730458259582,0.2387934923171997,0.2503144443035126,0.2505397200584411,0.2643885016441345,0.1573591232299804,0.1656630039215088,Turn-First
358,0.9993744492530824,0.998201310634613,0.9980916976928712,0.9980334043502808,0.9986503720283508,0.9986785054206848,0.998688578605652,0.995814085006714,0.9982585310935974,0.9990240931510924,0.999443292617798,0.9996964931488036,0.9999346137046814,0.8738049864768982,0.9839000105857848,0.8660621047019958,0.949235498905182,0.8345468044281006,0.9109120965003968,0.8406506776809692,0.9136068820953368,0.8315356969833374,0.899236261844635,0.9991148710250854,0.9993736743927002,0.929247260093689,0.9714888334274292,0.938461184501648,0.9575647115707396,0.8889515995979309,0.8177294135093689,0.9452524185180664,0.9419805407524108,0.8440645337104797,0.8481001853942871,0.8506843447685242,0.8528152704238892,0.8402819633483887,0.8375785946846008,0.8349984288215637,0.8566730618476868,0.8295677900314331,0.8486164808273315,0.8378917574882507,0.8846310377120972,0.8036327362060547,0.8914436101913452,0.7858232259750366,0.8904672861099243,0.7807103395462036,0.8948788642883301,0.7754878401756287,0.8879003524780273,0.779991626739502,0.8848929405212402,0.7829743027687073,0.8587363362312317,0.8110332489013672,0.8490262031555176,0.8046355247497559,0.839982807636261,0.7989843487739563,0.8340213894844055,0.7998517155647278,0.8502572178840637,0.7956790328025818,0.3285392522811889,0.3182309865951538,0.3178253769874573,0.3176283240318298,0.3190174698829651,0.3189480602741241,0.3189740478992462,0.3218268752098083,0.3230644166469574,0.3380567729473114,0.3384565711021423,0.3799505233764648,0.3751109540462494,0.4648156762123108,0.450634092092514,0.5341852307319641,0.5178248882293701,0.5591037273406982,0.5404485464096069,0.55866938829422,0.539682149887085,0.5513911843299866,0.5325210094451904,0.5329905152320862,0.5258952975273132,0.6202222108840942,0.6198694705963135,0.7026857137680054,0.7048463225364685,0.7136503458023071,0.7151886224746704,0.7361895442008972,0.7326093316078186,-0.3499215543270111,-0.3441738784313202,-0.3441396355628967,-0.3441100418567657,-0.3411652445793152,-0.3412126898765564,-0.34123694896698,-0.262544184923172,-0.2508184909820556,-0.3154698014259338,-0.3122288882732391,-0.1851973235607147,-0.1646355092525482,-0.1325597316026687,-0.1078171730041503,-0.199938103556633,-0.1658093929290771,-0.2234107255935669,-0.1864285618066787,-0.2539920210838318,-0.2154337167739868,-0.2117172181606292,-0.1782822608947754,0.000112090157927,-0.0001156152356998,0.0727996379137039,0.0633891001343727,0.2412085980176925,0.2474174499511718,0.2533570826053619,0.2608079612255096,0.1645984351634979,0.1643406003713607,Turn-First
359,0.9994245767593384,0.9983310103416444,0.9982385635375975,0.9981815218925476,0.9987391829490662,0.9987635016441344,0.9987651705741882,0.9961581230163574,0.9983388781547546,0.9991036057472228,0.9994803071022034,0.9997206330299376,0.9999370574951172,0.8859837055206299,0.9834503531455994,0.8782154321670532,0.951060712337494,0.8480836153030396,0.9137890934944152,0.853759229183197,0.9164729118347168,0.8449169397354126,0.9023736715316772,0.9991360902786256,0.9993927478790284,0.934342920780182,0.973444640636444,0.9425920248031616,0.9602739214897156,0.8920875191688538,0.8256824016571045,0.9482622146606444,0.9452732801437378,0.8432057499885559,0.8478275537490845,0.8506393432617188,0.8527359962463379,0.839867115020752,0.8373292684555054,0.8348926305770874,0.8569275140762329,0.8298904299736023,0.8484590649604797,0.8374211192131042,0.8855977058410645,0.8045085668563843,0.8919929265975952,0.7872445583343506,0.8903995752334595,0.781269907951355,0.8945093154907227,0.775640070438385,0.8878142237663269,0.7801584005355835,0.8850058317184448,0.7833338975906372,0.8591858744621277,0.8110664486885071,0.8491973876953125,0.804125964641571,0.8400386571884155,0.795599639415741,0.8340371251106262,0.7981849908828735,0.8502405881881714,0.7873762845993042,0.3291205465793609,0.318784087896347,0.3182858526706695,0.3180170059204101,0.3197275400161743,0.3196986019611358,0.3197424113750458,0.3221316635608673,0.3234800398349762,0.3384085595607757,0.3390363454818725,0.3800272941589355,0.375131756067276,0.4653170704841614,0.4506321549415588,0.5346693396568298,0.5177686214447021,0.5598921179771423,0.5400537848472595,0.5594247579574585,0.539250910282135,0.5518913269042969,0.5322526097297668,0.5326183438301086,0.5254809856414795,0.6184324026107788,0.6190682649612427,0.7021809816360474,0.7046975493431091,0.7135416865348816,0.715175211429596,0.7346397638320923,0.7322682738304138,-0.354115217924118,-0.3495017886161804,-0.3494735360145569,-0.3494609594345093,-0.3453769385814667,-0.3454312086105346,-0.3454637229442596,-0.2708748877048492,-0.2529078722000122,-0.3208819627761841,-0.3158915638923645,-0.1952892541885376,-0.1656488329172134,-0.1432570666074752,-0.10129214823246,-0.1988683640956878,-0.1544720232486724,-0.22078737616539,-0.1728875935077667,-0.2486410140991211,-0.2029872685670852,-0.2095818221569061,-0.1673336327075958,-0.0037320274859666,0.0037227005232125,0.0716227442026138,0.0617634579539299,0.2286890745162964,0.2245218455791473,0.2392518520355224,0.235662430524826,0.1531753689050674,0.143134206533432,Turn-First
360,0.999476969242096,0.9984759092330932,0.9983951449394226,0.9983421564102172,0.9988436102867126,0.998863935470581,0.998860239982605,0.996508538722992,0.998447835445404,0.9991850852966307,0.9995224475860596,0.9997448325157166,0.9999397993087769,0.8970776796340942,0.982763946056366,0.8895783424377441,0.9524080753326416,0.8611365556716919,0.9160436987876892,0.8663712739944458,0.9187023043632508,0.8579695820808411,0.9048967957496644,0.9991792440414428,0.99942547082901,0.9396629929542542,0.9756522178649902,0.9470486640930176,0.9634209275245668,0.8971140384674072,0.8361665606498718,0.9518091678619384,0.9491769075393676,0.8412072062492371,0.8467105627059937,0.8498037457466125,0.8524187207221985,0.8387395739555359,0.8364736437797546,0.83428955078125,0.8570098876953125,0.8301746249198914,0.8471266627311707,0.8362013697624207,0.8863515853881836,0.8053752183914185,0.8928512334823608,0.788503885269165,0.8911450505256653,0.781255841255188,0.8949071168899536,0.7755603790283203,0.8883350491523743,0.7800332307815552,0.8852888941764832,0.78333580493927,0.8591429591178894,0.8110483288764954,0.8492110371589661,0.8026143312454224,0.8403876423835754,0.7921503782272339,0.8340638875961304,0.7965074777603149,0.8509410619735718,0.781755805015564,0.3293021321296692,0.318951815366745,0.3184294402599334,0.3181135058403015,0.3198642134666443,0.3198215663433075,0.3198569715023041,0.322161853313446,0.3234809637069702,0.3385993540287018,0.33918297290802,0.3800951540470123,0.3747726082801819,0.465648740530014,0.4502397179603576,0.5349611043930054,0.5164786577224731,0.5604262948036194,0.5388026833534241,0.5601478815078735,0.5382590889930725,0.5523846745491028,0.5312843322753906,0.5326027274131775,0.5251131057739258,0.6184716820716858,0.6188814043998718,0.7012867331504822,0.704052209854126,0.7128449082374573,0.7151401042938232,0.7339298725128174,0.7305396199226379,-0.35113325715065,-0.3482645153999328,-0.3482213616371155,-0.348197877407074,-0.3419596552848816,-0.3420062363147735,-0.3420280814170837,-0.2686062157154083,-0.2496645152568817,-0.3204612135887146,-0.312583327293396,-0.1952209025621414,-0.1609569638967514,-0.1468970030546188,-0.0954760387539863,-0.2022440135478973,-0.1479677259922027,-0.2241036891937255,-0.166926309466362,-0.251103013753891,-0.196810707449913,-0.2127505242824554,-0.1610569059848785,-0.0053869695402681,0.0053560575470328,0.0739811137318611,0.0747169703245163,0.2345455437898636,0.2317359894514084,0.2461077272891998,0.2405586689710617,0.1588375568389892,0.155040830373764,Turn-First
361,0.99952495098114,0.9986095428466796,0.998538851737976,0.9984893798828124,0.9989417195320128,0.99895840883255,0.9989506006240844,0.9968311190605164,0.9985548853874208,0.9992597103118896,0.9995615482330322,0.9997662901878356,0.9999425411224364,0.9071020483970642,0.981072723865509,0.8999196887016296,0.953301966190338,0.8732534646987915,0.9177592396736144,0.8780626654624939,0.9204301834106444,0.8701241612434387,0.9071053266525269,0.9992209076881408,0.9994624853134156,0.9446476101875304,0.9776976704597472,0.9512399435043336,0.9665009379386902,0.9015250205993652,0.8476640582084656,0.95509135723114,0.953125774860382,0.841147780418396,0.8466898202896118,0.8497851490974426,0.852373480796814,0.838707447052002,0.8364676237106323,0.8342507481575012,0.8572904467582703,0.830539345741272,0.8471000790596008,0.8361781239509583,0.8867147564888,0.8062766790390015,0.8935468792915344,0.7898896932601929,0.8922289609909058,0.7813331484794617,0.8958360552787781,0.7755716443061829,0.8887351155281067,0.780042290687561,0.885724663734436,0.7834069728851318,0.8591300249099731,0.811371922492981,0.8492916226387024,0.8014343976974487,0.8406612277030945,0.7897099852561951,0.8340618014335632,0.7961921691894531,0.8520523309707642,0.7743399143218994,0.3291499018669128,0.3188497424125671,0.31833615899086,0.3180311620235443,0.3198047578334808,0.3197957277297973,0.3198448419570923,0.3220945000648498,0.3234687745571136,0.3383509814739227,0.3390881419181824,0.3806313574314117,0.3746965229511261,0.4666006863117218,0.4502109289169311,0.5353603959083557,0.5160081386566162,0.5609273910522461,0.53826504945755,0.5606473684310913,0.5376062989234924,0.5528925061225891,0.5305958986282349,0.5324805974960327,0.5248863697052002,0.6186762452125549,0.618744432926178,0.7012990713119507,0.7034562826156616,0.7128580212593079,0.7159043550491333,0.7335043549537659,0.7274478673934937,-0.3268543481826782,-0.3233271539211273,-0.3232938647270202,-0.3232722580432892,-0.3170993626117706,-0.3171434700489044,-0.317166119813919,-0.254643827676773,-0.2278717309236526,-0.2979455590248108,-0.2899882197380066,-0.1921028196811676,-0.1426865756511688,-0.1439254283905029,-0.0795347020030021,-0.1992719918489456,-0.130780428647995,-0.2217457294464111,-0.1484769284725189,-0.2496915161609649,-0.1780737340450287,-0.210127592086792,-0.1439291536808014,-0.0097039099782705,0.0096689891070127,0.0724676772952079,0.072206787765026,0.2287691384553909,0.2209430485963821,0.2392501384019851,0.2302350103855133,0.1574116051197052,0.1455659717321396,Turn-First
362,0.999566912651062,0.998727023601532,0.998665690422058,0.998619556427002,0.999025285243988,0.999037265777588,0.9990232586860656,0.99712073802948,0.9986305236816406,0.999326229095459,0.99959397315979,0.9997860789299012,0.9999436140060424,0.9161006212234496,0.9762548208236694,0.9091574549674988,0.951701045036316,0.8841375112533569,0.9166935682296752,0.8885470628738403,0.9195006489753724,0.8809850811958313,0.9065443277359008,0.9992673397064208,0.9994968175888062,0.9492348432540894,0.979507863521576,0.955195426940918,0.9693393111228944,0.9062270522117616,0.8593307137489319,0.9581835865974426,0.956779956817627,0.8399259448051453,0.8456603288650513,0.8490039706230164,0.8518913984298706,0.8376213908195496,0.8355091214179993,0.83331298828125,0.8573506474494934,0.8304616808891296,0.8462284803390503,0.8353503942489624,0.8874103426933289,0.8065251111984253,0.8936604261398315,0.7912930250167847,0.8920197486877441,0.7815572023391724,0.8955293893814087,0.7755783796310425,0.8885273933410645,0.7800183892250061,0.8854821920394897,0.783440113067627,0.8590714335441589,0.8112584352493286,0.8496748805046082,0.799731969833374,0.8408323526382446,0.7879625558853149,0.8340296745300293,0.7961331605911255,0.8533428311347961,0.7625665068626404,0.3291184306144714,0.318783164024353,0.3182759284973144,0.3179650902748108,0.3197753727436065,0.3197893500328064,0.3198339343070984,0.3219970464706421,0.3234702050685882,0.3383076786994934,0.3390886485576629,0.3810218870639801,0.3744586706161499,0.4665851294994354,0.4494324624538421,0.5374206304550171,0.5150864124298096,0.5626596212387085,0.5374990105628967,0.562380850315094,0.5367556214332581,0.5539876222610474,0.5296052694320679,0.5330012440681458,0.524908721446991,0.6186950206756592,0.6160324811935425,0.7011013627052307,0.7020456790924072,0.7128104567527771,0.7159335017204285,0.7326993942260742,0.7220687866210938,-0.3156756162643432,-0.3131007552146911,-0.3130744397640228,-0.3130591511726379,-0.3062353134155273,-0.3062702119350433,-0.3062948584556579,-0.2481709718704223,-0.217056542634964,-0.2873815894126892,-0.2785059213638305,-0.189871683716774,-0.131518542766571,-0.1449398845434188,-0.0690206810832023,-0.1985397785902023,-0.1219566687941551,-0.2215824872255325,-0.1395032107830047,-0.2463911473751068,-0.170439600944519,-0.2088889181613922,-0.1358236074447631,-0.0147340353578329,0.0147037925198674,0.0727785155177116,0.0862575471401214,0.2325763404369354,0.2330283671617508,0.2435282915830612,0.2412790060043335,0.1577100753784179,0.1686330586671829,Turn-First
363,0.9996054172515868,0.9988347291946412,0.9987820386886596,0.9987390041351318,0.99910306930542,0.9991111159324646,0.9990917444229126,0.997384786605835,0.9987046122550964,0.9993863105773926,0.999623477458954,0.9998040199279784,0.9999444484710692,0.9242740273475648,0.9728718996047974,0.9177191853523254,0.9513153433799744,0.8944061398506165,0.9167212843894958,0.8984395861625671,0.9196464419364928,0.8913028240203857,0.907149076461792,0.9993057250976562,0.9995304942131042,0.95320725440979,0.9810956120491028,0.9584361910820008,0.9718598127365112,0.9094423055648804,0.8696274161338806,0.9605835676193236,0.960026741027832,0.8397309184074402,0.8453422784805298,0.8486544489860535,0.8516085743904114,0.8373616337776184,0.8352680206298828,0.8330968022346497,0.8572766184806824,0.8304134607315063,0.8458415865898132,0.8351000547409058,0.8872445225715637,0.8065016865730286,0.8936425447463989,0.7915164232254028,0.8921892046928406,0.7815545797348022,0.8952773213386536,0.7755802273750305,0.8883854746818542,0.7800308465957642,0.8853063583374023,0.7834488153457642,0.8591172099113464,0.8112457990646362,0.8496713638305664,0.7987945079803467,0.8404430150985718,0.7885146737098694,0.832900881767273,0.7963854074478149,0.8532751798629761,0.7624738812446594,0.3283948600292206,0.3182565867900848,0.31778484582901,0.3175004422664642,0.3192488849163055,0.319313645362854,0.3194082379341125,0.3217641115188598,0.3233501017093658,0.3378909826278686,0.3386635184288025,0.3812471926212311,0.3744627237319946,0.4667718708515167,0.4493807256221771,0.5377011895179749,0.5149160027503967,0.5630664229393005,0.5375686883926392,0.5625839829444885,0.5368233919143677,0.5542818903923035,0.5296034216880798,0.5330294966697693,0.5249159336090088,0.6197425723075867,0.6152980327606201,0.700962483882904,0.7019391655921936,0.7127750515937805,0.7159482836723328,0.7325415015220642,0.7202959060668945,-0.3124338984489441,-0.3086947798728943,-0.3086709082126617,-0.3086550831794739,-0.3024425804615021,-0.3024786114692688,-0.3024987280368805,-0.2420567572116851,-0.2136817723512649,-0.2838390469551086,-0.2758094072341919,-0.1895175874233245,-0.1273206770420074,-0.1457945257425308,-0.0621361546218395,-0.199295088648796,-0.1143462210893631,-0.2222273647785186,-0.1320452988147735,-0.2472366988658905,-0.1625815033912658,-0.2092723548412323,-0.1281345933675766,-0.0154239982366561,0.0153994094580411,0.07312523573637,0.0808794721961021,0.2347958534955978,0.2274461984634399,0.2459788620471954,0.2365236580371856,0.1621844917535781,0.1603935062885284,Turn-First
364,0.999637246131897,0.9989240765571594,0.9988792538642884,0.9988386034965516,0.9991655349731444,0.9991684556007384,0.999144434928894,0.9976155757904052,0.9987562894821168,0.9994384050369264,0.9996472597122192,0.9998193979263306,0.999945342540741,0.9315592646598816,0.9690489768981934,0.9249680042266846,0.950449287891388,0.9027363061904908,0.9161904454231262,0.9064549803733826,0.9192017912864684,0.8995642066001892,0.90701025724411,0.9993378520011902,0.9995525479316713,0.9567197561264038,0.982329249382019,0.9614998698234558,0.974022626876831,0.9116623401641846,0.8787610530853271,0.962939202785492,0.96286803483963,0.8386026620864868,0.8443196415901184,0.8477343320846558,0.8508818745613098,0.8362594842910767,0.8341797590255737,0.8319739103317261,0.8572352528572083,0.8302124738693237,0.8449277877807617,0.8340756297111511,0.8874314427375793,0.8063559532165527,0.8940547108650208,0.7912738919258118,0.892085075378418,0.7815485000610352,0.8951398730278015,0.7755595445632935,0.888249397277832,0.7800436019897461,0.8851829767227173,0.783459484577179,0.8586314916610718,0.8099066615104675,0.8496648669242859,0.7968019247055054,0.8406694531440735,0.789000928401947,0.8329117894172668,0.7974101305007935,0.8531964421272278,0.7618836164474487,0.3283206522464752,0.3181436657905578,0.3176904916763305,0.3174260854721069,0.3191834390163421,0.3192828893661499,0.3193981349468231,0.3216963112354278,0.3233374655246734,0.3378538489341736,0.3386355340480804,0.3813812136650085,0.3743161559104919,0.4670430123806,0.4493508338928222,0.5390140414237976,0.5149350762367249,0.5642443299293518,0.537467360496521,0.5637072324752808,0.5365695357322693,0.5551081299781799,0.5292607545852661,0.5331732630729675,0.5248743295669556,0.6196439266204834,0.6133854389190674,0.7008374333381653,0.7016367316246033,0.7127557396888733,0.7159929871559143,0.7322205305099487,0.7202119827270508,-0.3199714422225952,-0.3164891600608825,-0.3164652585983276,-0.3164533674716949,-0.3107583522796631,-0.3107976019382477,-0.3108229041099548,-0.2507081627845764,-0.2217552959918975,-0.2904070913791656,-0.2828346192836761,-0.1956872642040252,-0.1349523365497589,-0.1550216525793075,-0.0705241337418556,-0.1984259337186813,-0.1218622475862503,-0.2208443135023117,-0.1387538909912109,-0.2467754781246185,-0.1691874265670776,-0.208200603723526,-0.1353673040866851,-0.0188975725322961,0.0188685022294521,0.062666930258274,0.0889061316847801,0.2194889783859253,0.244239255785942,0.2298682928085327,0.2548572421073913,0.1517681181430816,0.1805644929409027,Turn-First
365,0.9996612668037416,0.9989823698997498,0.9989480376243592,0.9989092946052552,0.9991965889930724,0.9991940259933472,0.9991545081138612,0.997793197631836,0.9987327456474304,0.9994808435440063,0.9996598958969116,0.9998332262039183,0.9999444484710692,0.9380032420158386,0.9641042947769164,0.931419849395752,0.94728022813797,0.9100325703620912,0.9128953814506532,0.913490891456604,0.915964901447296,0.9067708253860474,0.9037099480628968,0.9993639588356018,0.999566614627838,0.9596936106681824,0.9835180044174194,0.963642716407776,0.9756431579589844,0.9133917689323424,0.8848550319671631,0.9639983773231506,0.9647645950317384,0.8377547264099121,0.843241810798645,0.8467198610305786,0.8500200510025024,0.835403323173523,0.8333547711372375,0.8311657905578613,0.8571929931640625,0.8299940824508667,0.8439399003982544,0.8335793614387512,0.88746178150177,0.806647002696991,0.8941093683242798,0.7918692827224731,0.8919693827629089,0.7817893624305725,0.8950031399726868,0.7757033705711365,0.8881217241287231,0.7799497842788696,0.8849891424179077,0.7834142446517944,0.8586789965629578,0.8100767135620117,0.8497799038887024,0.7972033619880676,0.840406060218811,0.7920865416526794,0.8313015103340149,0.7993255257606506,0.8522306680679321,0.7658478021621704,0.3283364474773407,0.3181420564651489,0.3176833689212799,0.3174063563346863,0.3191971480846405,0.3193190693855285,0.3194746971130371,0.3216506838798523,0.3234051167964935,0.337856650352478,0.3386543989181518,0.3816095292568207,0.3743350803852081,0.4676720201969147,0.449436753988266,0.5394493341445923,0.5150464773178101,0.5649842619895935,0.5374978184700012,0.5648880004882812,0.5365927219390869,0.5563709735870361,0.5293203592300415,0.5333606600761414,0.5248852968215942,0.6212652921676636,0.613798201084137,0.7019452452659607,0.7010652422904968,0.7138125896453857,0.7152849435806274,0.7335932850837708,0.7208935022354126,-0.3043217957019806,-0.3013073801994324,-0.3012914657592773,-0.301287293434143,-0.2944468855857849,-0.2944740653038025,-0.2944971024990082,-0.2366962432861328,-0.2049744427204132,-0.2762532830238342,-0.2673003375530243,-0.1771319210529327,-0.122783288359642,-0.1300605237483978,-0.0553778894245624,-0.1670991480350494,-0.1039891466498375,-0.1857766509056091,-0.1201884523034095,-0.2108923941850662,-0.1502715945243835,-0.1762719899415969,-0.1174962893128395,-0.0168461017310619,0.0168173387646675,0.0607448033988475,0.0868480801582336,0.2212556302547454,0.2395135164260864,0.2322306931018829,0.2505040764808655,0.1537506729364395,0.1772989928722381,Turn-First
366,0.9996694326400756,0.9989882707595824,0.9989728331565856,0.998936891555786,0.999175488948822,0.9991613030433656,0.9990925192832948,0.9979071021080016,0.9985597729682922,0.9995033144950868,0.9996474385261536,0.9998432397842408,0.999938666820526,0.9438168406486512,0.955909788608551,0.9368306398391724,0.938723921775818,0.9157087206840516,0.9027032852172852,0.9189751148223876,0.906025528907776,0.9122027158737184,0.8933997750282288,0.999364137649536,0.9995574355125428,0.961913526058197,0.9841856360435486,0.9653257131576538,0.9767714738845824,0.9129250049591064,0.8891988396644592,0.9647200107574464,0.96611088514328,0.8360060453414917,0.8415883779525757,0.8449675440788269,0.848454475402832,0.8341987729072571,0.8321547508239746,0.830053448677063,0.8567678332328796,0.829656720161438,0.8412893414497375,0.8323357701301575,0.8866541981697083,0.8065099716186523,0.8935467004776001,0.791659951210022,0.8913525342941284,0.7818617820739746,0.8948618769645691,0.7759150862693787,0.887719452381134,0.7801418900489807,0.8844631910324097,0.7836154103279114,0.8583162426948547,0.8098558187484741,0.8497370481491089,0.7974327802658081,0.8403778076171875,0.7937688231468201,0.8313760757446289,0.8027667999267578,0.8518980741500854,0.767926037311554,0.3285427689552307,0.3181749582290649,0.3177328109741211,0.3174717724323272,0.3192037343978882,0.3193250596523285,0.3194790482521057,0.3217922151088714,0.3233576714992523,0.3382425010204315,0.3389049172401428,0.3815780580043793,0.3743346333503723,0.467494398355484,0.4494508802890777,0.5391649603843689,0.5151761770248413,0.5647743940353394,0.5376409292221069,0.5645553469657898,0.536815345287323,0.5561067461967468,0.5294365286827087,0.5332337021827698,0.5246743559837341,0.6208741068840027,0.6138349771499634,0.701833188533783,0.7008974552154541,0.7138091921806335,0.7148884534835815,0.7337037324905396,0.7212758660316467,-0.3134798109531402,-0.3094923794269562,-0.3094696402549743,-0.3094571530818939,-0.3042404055595398,-0.3042750358581543,-0.3043007254600525,-0.2392887622117996,-0.2151393443346023,-0.2831210494041443,-0.2766771912574768,-0.1859842091798782,-0.1291593611240387,-0.1443671584129333,-0.0609223842620849,-0.1704696714878082,-0.1091841608285904,-0.1873223036527633,-0.1250984966754913,-0.2170292884111404,-0.1552109569311142,-0.1776216775178909,-0.1226093545556068,-0.0157637633383274,0.0157465673983097,0.0597651116549968,0.0854035392403602,0.2121481150388717,0.2339312583208084,0.2219911813735962,0.2446181029081344,0.1404323428869247,0.1683249771595001,Turn-First
367,0.999677300453186,0.9989902973175048,0.9989920258522034,0.9989609122276306,0.9991491436958312,0.999119222164154,0.9990155100822448,0.997998833656311,0.9983537793159484,0.9995230436325072,0.9996337890625,0.9998533129692078,0.999933660030365,0.9490923881530762,0.9497883319854736,0.9420722126960754,0.9325360655784608,0.9215362071990968,0.8956579566001892,0.9245736598968506,0.8991336822509766,0.9178764224052428,0.8862909078598022,0.9993667602539062,0.9995500445365906,0.96345317363739,0.984855890274048,0.9663056135177612,0.9775922298431396,0.9127743244171144,0.8920440673828125,0.9646552205085754,0.9669645428657532,0.8351634740829468,0.8408842086791992,0.8442707061767578,0.847726047039032,0.8333425521850586,0.8313069343566895,0.8292070627212524,0.8561153411865234,0.8289586901664734,0.8406364321708679,0.831332802772522,0.8858145475387573,0.8064213991165161,0.8926722407341003,0.7917412519454956,0.8909427523612976,0.7818440794944763,0.8943530321121216,0.7760490775108337,0.8873258829116821,0.7801718711853027,0.8840842247009277,0.78361976146698,0.8573664426803589,0.8097985982894897,0.8491168022155762,0.797758162021637,0.8403733372688293,0.7974655032157898,0.8314104080200195,0.8045214414596558,0.8521530032157898,0.7695462107658386,0.3285249471664428,0.3181752264499664,0.3177412152290344,0.3174969553947449,0.3191923499107361,0.3193167448043823,0.3194745481014251,0.3219728469848633,0.3233490288257599,0.3382488787174225,0.3388857841491699,0.3815885782241821,0.3742972016334533,0.4674353301525116,0.4494509100914001,0.5389739871025085,0.5149228572845459,0.564576268196106,0.5375493764877319,0.5644956231117249,0.5367792844772339,0.5560986399650574,0.5294151306152344,0.5328584313392639,0.5244947671890259,0.6213257312774658,0.6149847507476807,0.7021974921226501,0.7009175419807434,0.7141415476799011,0.7147225737571716,0.7347643375396729,0.7218436002731323,-0.312326967716217,-0.3085950314998626,-0.3085842430591583,-0.3085867166519165,-0.3024455606937408,-0.3024705648422241,-0.3024888932704925,-0.239826962351799,-0.2126032412052154,-0.2829854786396026,-0.275298148393631,-0.1851099729537964,-0.1242976561188697,-0.1435131728649139,-0.0511405169963836,-0.1761500835418701,-0.0958085879683494,-0.1949429214000702,-0.1101450100541114,-0.2210292518138885,-0.1408786475658416,-0.18445385992527,-0.1094287261366844,-0.0148510709404945,0.0148306339979171,0.0562315806746482,0.0685974806547164,0.2010437250137329,0.2164855450391769,0.2102079838514328,0.2266741096973419,0.1287610828876495,0.1454762369394302,Turn-First
368,0.9996455311775208,0.9988605976104736,0.9989097118377686,0.9988957047462464,0.9989458322525024,0.9988651871681212,0.9986379146575928,0.9979822039604188,0.9975897073745728,0.9995102286338806,0.99955016374588,0.999861776828766,0.9999157786369324,0.9537522196769714,0.934195339679718,0.9462409615516664,0.9125568866729736,0.9257546067237854,0.8743777871131897,0.9286372661590576,0.8782428503036499,0.921824038028717,0.8652633428573608,0.9993672370910645,0.99952495098114,0.9639854431152344,0.984991729259491,0.9666635394096376,0.9776073694229126,0.911959946155548,0.8926938772201538,0.9635772705078124,0.9666205048561096,0.8312298059463501,0.8368092775344849,0.8398734927177429,0.8432326316833496,0.8303945660591125,0.8287380337715149,0.8269892930984497,0.8532916903495789,0.8281841278076172,0.8362817764282227,0.8286833763122559,0.884091854095459,0.8058990240097046,0.8919745683670044,0.7916886210441589,0.8901408910751343,0.7820784449577332,0.8933590650558472,0.7775811553001404,0.88646399974823,0.7814105153083801,0.8833829164505005,0.7844685912132263,0.8564881086349487,0.809701144695282,0.8480916023254395,0.801166832447052,0.8404095768928528,0.8003446459770203,0.831454873085022,0.807162880897522,0.8524893522262573,0.7705589532852173,0.3293396830558777,0.3187726438045501,0.3183767199516296,0.3181395828723907,0.3195895254611969,0.3196388483047485,0.3197271227836609,0.3225583136081695,0.3233692944049835,0.3390769362449646,0.3393698036670685,0.3814185261726379,0.3743386268615722,0.4660808145999908,0.4493047595024109,0.5389426350593567,0.5134841203689575,0.5642638802528381,0.5362452268600464,0.5643492341041565,0.5350181460380554,0.5559602379798889,0.5279580354690552,0.5320265293121338,0.5241527557373047,0.6213637590408325,0.6150838136672974,0.702196478843689,0.7006903290748596,0.7141398191452026,0.7141243815422058,0.7347507476806641,0.72212815284729,-0.2980242669582367,-0.2970236241817474,-0.2970289587974548,-0.2970529496669769,-0.2882879376411438,-0.2882963120937347,-0.2883147299289703,-0.2390240877866745,-0.2013475000858307,-0.2729776203632355,-0.2618423700332641,-0.1862957775592804,-0.1140452027320861,-0.1482283920049667,-0.0360692217946052,-0.1784462928771972,-0.0733203515410423,-0.1972319781780243,-0.0848452523350715,-0.2210421562194824,-0.1146190762519836,-0.1865522563457489,-0.086547628045082,-0.0149138467386364,0.0149190574884414,0.0526492670178413,0.0703087300062179,0.1948060542345047,0.2206627130508422,0.204015165567398,0.2312175333499908,0.1244364380836486,0.1546953022480011,Turn-First
369,0.9996015429496764,0.99870103597641,0.9987984895706176,0.9988055229187012,0.998704731464386,0.9985526204109192,0.9981733560562134,0.997933030128479,0.9965450167655944,0.9994825720787048,0.9994339942932128,0.9998686909675598,0.9998853802680968,0.9577846527099608,0.9072422981262208,0.949197232723236,0.877355694770813,0.927968680858612,0.8395715355873108,0.9308085441589355,0.8440536260604858,0.923726201057434,0.8320015668869019,0.999354600906372,0.9994674921035768,0.9638324975967408,0.9842682480812072,0.966346800327301,0.9768587350845336,0.9087671041488647,0.891593873500824,0.9619057774543762,0.9656357169151306,0.8295581936836243,0.8350435495376587,0.8381285667419434,0.8415666818618774,0.8283753395080566,0.8265799283981323,0.82470703125,0.85139399766922,0.8258334994316101,0.8346778154373169,0.8270349502563477,0.8821858167648315,0.8049749135971069,0.8902400732040405,0.792216956615448,0.8879335522651672,0.7834981679916382,0.8917642831802368,0.78035968542099,0.8847697973251343,0.7830106616020203,0.8816726803779602,0.7858504056930542,0.8554174304008484,0.8096990585327148,0.8471131324768066,0.8034103512763977,0.840614914894104,0.8020485043525696,0.8317258954048157,0.8083616495132446,0.852480411529541,0.770919680595398,0.330984890460968,0.3200206756591797,0.3195501565933227,0.3192299902439117,0.3206830322742462,0.3205913305282593,0.320553719997406,0.3229720890522003,0.3236022293567657,0.3404756486415863,0.3405162394046783,0.3814098536968231,0.3744935989379883,0.4657300114631653,0.4491340816020965,0.5386655330657959,0.5126851201057434,0.5636062622070312,0.5340718626976013,0.5640171766281128,0.5326204895973206,0.5557870268821716,0.5260795950889587,0.5315025448799133,0.5240654349327087,0.6213540434837341,0.6151360273361206,0.7023885250091553,0.7005148530006409,0.7142997980117798,0.7137447595596313,0.7347290515899658,0.7223296761512756,-0.3003326058387756,-0.2979300618171692,-0.2979468405246734,-0.2979795634746551,-0.2905213534832001,-0.2905271351337433,-0.2905472815036773,-0.2351429462432861,-0.2018677741289138,-0.2730503380298614,-0.2635357975959778,-0.1847115755081176,-0.1140215247869491,-0.1470610946416854,-0.0446464829146862,-0.1747900396585464,-0.088166519999504,-0.1932445764541626,-0.1013290435075759,-0.2146830558776855,-0.1318526715040207,-0.1820745766162872,-0.1018662005662918,-0.0152517985552549,0.015280932188034,0.0509002394974231,0.0708000659942627,0.18802410364151,0.2234349697828292,0.1965294182300567,0.2342658340930938,0.1160580888390541,0.1568498760461807,Turn-First
370,0.9995524287223816,0.998534619808197,0.9986713528633118,0.9987040758132936,0.9984543323516846,0.998214304447174,0.9976900219917296,0.9978753924369812,0.9955061674118042,0.9994516968727112,0.9993162751197816,0.9998734593391418,0.9998629689216614,0.9613392949104308,0.8775712847709656,0.9513802528381348,0.8431772589683533,0.92898428440094,0.8058001399040222,0.93170166015625,0.8107171058654785,0.924132764339447,0.799531877040863,0.9993566870689392,0.9994469285011292,0.9639655947685242,0.984360694885254,0.966512143611908,0.9771919846534728,0.9072144031524658,0.8934532403945923,0.96099591255188,0.9660835862159728,0.8257770538330078,0.8316583633422852,0.8348313570022583,0.8383545875549316,0.8251411318778992,0.823440670967102,0.8217118382453918,0.8494976758956909,0.8241236805915833,0.8309486508369446,0.8236100077629089,0.8797046542167664,0.8040022850036621,0.8882255554199219,0.7921631932258606,0.8846705555915833,0.7834659814834595,0.8878499865531921,0.7806779146194458,0.8829657435417175,0.7831707000732422,0.8798187375068665,0.7858997583389282,0.8534520268440247,0.8090001940727234,0.8461859822273254,0.8032782673835754,0.8405587077140808,0.8016886711120605,0.8316238522529602,0.8080358505249023,0.8527252078056335,0.7714269757270813,0.3316240906715393,0.3206457793712616,0.3203297853469848,0.3201498389244079,0.3210576772689819,0.3209331333637237,0.3208659887313843,0.3241133987903595,0.3237653076648712,0.3412955105304718,0.341182678937912,0.3813621699810028,0.3745085597038269,0.4651834070682525,0.4490576088428497,0.5376465916633606,0.5125452280044556,0.5627666115760803,0.533775269985199,0.563804030418396,0.5323058366775513,0.5555050373077393,0.5257799625396729,0.5311841368675232,0.5239369869232178,0.6213304400444031,0.6151992082595825,0.7023240327835083,0.700168251991272,0.7142969965934753,0.7132473587989807,0.7345277667045593,0.7225678563117981,-0.2954864203929901,-0.2942661941051483,-0.2942875623703003,-0.2943237721920013,-0.2852486371994018,-0.2852465212345123,-0.2852652668952942,-0.235175684094429,-0.1953049898147583,-0.2696272134780884,-0.2580618262290954,-0.1847121864557266,-0.1038305163383483,-0.1467316448688507,-0.0263995118439197,-0.1680019795894622,-0.0677340254187583,-0.1842851489782333,-0.078113242983818,-0.2042892426252365,-0.1087994948029518,-0.1742622405290603,-0.0814562812447547,-0.0160379335284233,0.0160779189318418,0.0506607368588447,0.0664894506335258,0.1928525269031524,0.2150267660617828,0.2019252479076385,0.2254092693328857,0.1218739971518516,0.1480909287929535,Turn-First
371,0.9995071887969972,0.9984055757522584,0.9985694289207458,0.9986134767532348,0.9982868432998656,0.9980126619338988,0.9974384307861328,0.9977998733520508,0.9950010776519777,0.999419093132019,0.9992276430130004,0.9998703598976136,0.9998520612716676,0.9640792608261108,0.8631654977798462,0.949601113796234,0.8202002644538879,0.9234122037887572,0.7812879681587219,0.9261747002601624,0.786440372467041,0.9176797866821288,0.7756066918373108,0.9993398189544678,0.999425768852234,0.96239572763443,0.9839217066764832,0.9656290411949158,0.9766594767570496,0.9051631093025208,0.893357515335083,0.9587724208831788,0.9651831984519958,0.8212957382202148,0.8273836374282837,0.8305203318595886,0.8339508175849915,0.8212350606918335,0.8197458386421204,0.8182589411735535,0.8462212681770325,0.8222745656967163,0.8270204663276672,0.8199833631515503,0.8770644068717957,0.8016446828842163,0.8846285939216614,0.7913911938667297,0.8802169561386108,0.7832286953926086,0.8820587396621704,0.7805037498474121,0.8781312108039856,0.7831257581710815,0.87586510181427,0.7858837842941284,0.8510081171989441,0.8075951337814331,0.8448449373245239,0.8031764030456543,0.8402302861213684,0.8015339970588684,0.8313616514205933,0.8076693415641785,0.8525233268737793,0.7718573808670044,0.331784188747406,0.3208701908588409,0.3205559849739074,0.320410281419754,0.3212219178676605,0.3210777342319488,0.3209801018238067,0.3244966864585876,0.3238463103771209,0.3414631485939026,0.3412863314151764,0.3813432455062866,0.3750711977481842,0.4643497765064239,0.4496643245220184,0.536039412021637,0.512333333492279,0.5612815022468567,0.5337448716163635,0.5618941187858582,0.5322330594062805,0.554082989692688,0.5255586504936218,0.5310541987419128,0.5239356756210327,0.6212659478187561,0.6154302358627319,0.7023380398750305,0.7000774145126343,0.7142780423164368,0.712809145450592,0.7346392869949341,0.7226735353469849,-0.3008715510368347,-0.2984881997108459,-0.2984960675239563,-0.2985141277313232,-0.2909041345119476,-0.2909145355224609,-0.2909360826015472,-0.2466339766979217,-0.2012964934110641,-0.2725985646247864,-0.2636248469352722,-0.1964186280965805,-0.1120293363928794,-0.1609855592250824,-0.0383921526372432,-0.175822913646698,-0.0804730579257011,-0.1910769343376159,-0.092600293457508,-0.204828143119812,-0.1223279014229774,-0.180170476436615,-0.0938415601849556,-0.0164976827800273,0.016534399241209,0.0489312000572681,0.0690795630216598,0.1941102445125579,0.2228382527828216,0.2036752700805664,0.2347343862056732,0.1240862011909484,0.1612743288278579,Turn-First
372,0.9994010925292968,0.9980455040931702,0.9982512593269348,0.9982913732528688,0.9978904128074646,0.9975678324699402,0.9969333410263062,0.9974310994148254,0.9939889907836914,0.9993122816085817,0.9990395307540894,0.9998618960380554,0.999846875667572,0.9662330150604248,0.8522846698760986,0.9462072253227234,0.8122525811195374,0.9161654710769652,0.7720963954925537,0.9188313484191896,0.7772473692893982,0.909385085105896,0.7663845419883728,0.9993189573287964,0.9994065165519714,0.9613645076751708,0.9827155470848083,0.9649800062179564,0.9759450554847716,0.8997674584388733,0.8945794701576233,0.9568783044815063,0.9647383689880372,0.8177547454833984,0.8235902786254883,0.8265296220779419,0.8299844861030579,0.8176434636116028,0.8162819147109985,0.814860463142395,0.8433219790458679,0.8196252584457397,0.8235331773757935,0.8166488409042358,0.8735955357551575,0.7994431257247925,0.8820128440856934,0.790439248085022,0.8780525326728821,0.7828080654144287,0.8804240226745605,0.7804322838783264,0.8775822520256042,0.7830802202224731,0.8741458654403687,0.7857903242111206,0.8490898013114929,0.8064080476760864,0.8434864282608032,0.8028249740600586,0.8402549028396606,0.8013806343078613,0.8312428593635559,0.807569146156311,0.8520700335502625,0.7721068263053894,0.3317779004573822,0.321027010679245,0.3207741677761078,0.3206936120986938,0.3212776482105255,0.3211238086223602,0.3210056126117706,0.3249623477458954,0.3238592445850372,0.3414921164512634,0.3412719070911407,0.3807116150856018,0.3753092885017395,0.4627509415149688,0.4505438506603241,0.5329422354698181,0.5122663974761963,0.5576782822608948,0.5338048338890076,0.558266282081604,0.5323601365089417,0.5503376126289368,0.5256704688072205,0.530343770980835,0.5237253904342651,0.6211500763893127,0.6154754161834717,0.7023618221282959,0.6999317407608032,0.7142936587333679,0.712595522403717,0.734333336353302,0.7227917909622192,-0.298097163438797,-0.2989850640296936,-0.2989919781684875,-0.2990193963050842,-0.2884441614151001,-0.2884634137153625,-0.2884923815727234,-0.2507869601249695,-0.1997069418430328,-0.2742336094379425,-0.260808527469635,-0.2003364562988281,-0.1126604229211807,-0.1665451824665069,-0.0386451110243797,-0.1806279569864273,-0.0830818936228752,-0.1961243748664856,-0.0950247645378112,-0.2070493996143341,-0.1248316541314125,-0.1842747032642364,-0.0963096767663955,-0.0223475210368633,0.0223734006285667,0.0348417833447456,0.0776219218969345,0.1792113184928894,0.2414477169513702,0.188425213098526,0.2543925642967224,0.1091580018401146,0.1831654012203216,Turn-First
373,0.9992239475250244,0.99748432636261,0.997803270816803,0.997885525226593,0.9971351623535156,0.996658444404602,0.9957576394081116,0.9970359206199646,0.99163419008255,0.9991651177406312,0.9986853003501892,0.9998583197593688,0.9998146295547484,0.968341052532196,0.8218429684638977,0.9438462853431702,0.7804542183876038,0.9104474782943726,0.7415593266487122,0.913153886795044,0.7471314668655396,0.902970016002655,0.73736172914505,0.999296009540558,0.9993551969528198,0.9606972932815552,0.9815451502799988,0.9643993377685548,0.9750350713729858,0.8947914242744446,0.8938919901847839,0.9552565813064576,0.964024007320404,0.8146528005599976,0.8204191327095032,0.8231202363967896,0.826311469078064,0.8147544860839844,0.8135751485824585,0.8123302459716797,0.8398434519767761,0.81743323802948,0.8202622532844543,0.8136080503463745,0.8708242177963257,0.7974566221237183,0.8801476359367371,0.789517343044281,0.8778642416000366,0.7813866138458252,0.8810355067253113,0.7792781591415405,0.8771851658821106,0.7817456126213074,0.8734155893325806,0.7842952609062195,0.8465563058853149,0.8038702011108398,0.8429373502731323,0.802383303642273,0.8406488299369812,0.8019551038742065,0.8315330743789673,0.8080633878707886,0.8518776893615723,0.7741173505783081,0.3319658637046814,0.3215771913528442,0.32138392329216,0.3213554322719574,0.3215444684028625,0.321318656206131,0.3211212158203125,0.3254400491714477,0.3239012062549591,0.3416703939437866,0.3412962555885315,0.3802679181098938,0.3753243386745453,0.4609231948852539,0.4506001472473144,0.5308631658554077,0.5122517943382263,0.5552523732185364,0.5337492823600769,0.5559083223342896,0.5323145389556885,0.548017144203186,0.5255492329597473,0.5297385454177856,0.5233580470085144,0.6212531924247742,0.6155653595924377,0.7024602890014648,0.6999058127403259,0.7143153548240662,0.7125146985054016,0.734218955039978,0.7228772044181824,-0.2890293300151825,-0.2915456891059875,-0.291565328836441,-0.2916138470172882,-0.2795969247817993,-0.2796041667461395,-0.2796294093132019,-0.2487322390079498,-0.1914578229188919,-0.2673859000205993,-0.2517398595809936,-0.1976281106472015,-0.1041710972785949,-0.1616939604282379,-0.028589317575097,-0.1723721474409103,-0.070947989821434,-0.1874459087848663,-0.0815919116139411,-0.2037613689899444,-0.1118702739477157,-0.1771773099899292,-0.0846437066793441,-0.0230789743363857,0.0231189001351594,0.034479796886444,0.0791161805391311,0.1727147549390792,0.2401959002017974,0.1813199520111084,0.2526056170463562,0.1013721451163292,0.1805758774280548,Turn-First
374,0.9991468787193298,0.9972586631774902,0.9976410865783693,0.9977486729621888,0.9967600107192992,0.9962005615234376,0.9951540231704712,0.996942400932312,0.9904518127441406,0.9991275072097778,0.9985457062721252,0.9998613595962524,0.999789297580719,0.9704540967941284,0.7983528971672058,0.9441494345664978,0.7571879029273987,0.9094764590263368,0.7188720703125,0.9121827483177184,0.7249094843864441,0.9014765620231628,0.7157588601112366,0.9992867708206176,0.999321699142456,0.9605655670166016,0.9810043573379515,0.9642984867095948,0.9745894074440002,0.8917946815490723,0.8937820792198181,0.954469919204712,0.9636654257774352,0.8118332624435425,0.8175293803215027,0.8201730847358704,0.8232301473617554,0.8121560215950012,0.8110723495483398,0.8099191784858704,0.8369055986404419,0.8155299425125122,0.8176703453063965,0.8112521171569824,0.8679725527763367,0.7952699661254883,0.8763308525085449,0.7876880764961243,0.8745769262313843,0.7799328565597534,0.8772838711738586,0.7777448892593384,0.8743100166320801,0.7801569700241089,0.8706221580505371,0.7829011082649231,0.8449288606643677,0.8016765713691711,0.8427214622497559,0.8015753626823425,0.8407605886459351,0.8019779324531555,0.8319606781005859,0.8083732724189758,0.8508461713790894,0.7767630815505981,0.3319831490516662,0.3217780888080597,0.3215578496456146,0.3214766085147857,0.3217268586158752,0.3214854598045349,0.3212632834911346,0.3254338800907135,0.3239347040653229,0.3416773676872253,0.3412903249263763,0.3792653977870941,0.3755366504192352,0.4596969783306122,0.4507662951946258,0.5303661823272705,0.5122612118721008,0.5547207593917847,0.5338056087493896,0.5554454922676086,0.5323933959007263,0.5475292801856995,0.5253997445106506,0.5295730829238892,0.523369550704956,0.6205894947052002,0.6156021952629089,0.7021008729934692,0.6998481750488281,0.7131869196891785,0.7121184468269348,0.7333764433860779,0.7229357361793518,-0.2797526717185974,-0.282060295343399,-0.2820857167243957,-0.2821350991725921,-0.2699024379253387,-0.2699035108089447,-0.269927442073822,-0.239736869931221,-0.1822832077741623,-0.2589834332466125,-0.2429714947938919,-0.1944959014654159,-0.0969133004546165,-0.1600925922393798,-0.019153032451868,-0.1701740473508834,-0.0600056834518909,-0.1862858980894088,-0.0715394243597984,-0.204982116818428,-0.1009181141853332,-0.1758815646171569,-0.0734971761703491,-0.022349439561367,0.0223920457065105,0.0389125421643257,0.0789499059319496,0.1819800585508346,0.2393757402896881,0.1909447014331817,0.2517144978046417,0.1106126084923744,0.1794785559177398,Turn-First
375,0.9991124272346495,0.9971526861190796,0.9975616335868835,0.997671365737915,0.996620774269104,0.99606055021286,0.9949854612350464,0.9968911409378052,0.9902102947235109,0.9991074204444884,0.9984888434410096,0.9998571872711182,0.999782145023346,0.9716889262199402,0.7841088771820068,0.9406578540802002,0.7388667464256287,0.9028742909431458,0.7004787921905518,0.9056687355041504,0.7067019939422607,0.8943554162979126,0.6977511048316956,0.9992634057998656,0.999295711517334,0.9600415825843812,0.9808383584022522,0.9640524983406068,0.9742770791053772,0.890091061592102,0.8929859399795532,0.953487992286682,0.96316659450531,0.8088828921318054,0.8143889307975769,0.8169440031051636,0.8198655247688293,0.8093253970146179,0.8083332777023315,0.8073089718818665,0.8341790437698364,0.813513457775116,0.8145765066146851,0.808486819267273,0.8654069900512695,0.7931734919548035,0.8731590509414673,0.7859227061271667,0.8724585771560669,0.7785789966583252,0.8744943737983704,0.7763952016830444,0.8718756437301636,0.7788670063018799,0.8682221174240112,0.7814776301383972,0.842809796333313,0.7999802827835083,0.8407473564147949,0.7999684810638428,0.8403506278991699,0.8018702268600464,0.8317821621894836,0.8082531094551086,0.8500760197639465,0.7772541642189026,0.3319691717624664,0.3218084871768951,0.3216179311275482,0.3215605318546295,0.3217343986034393,0.3214928209781647,0.3212693929672241,0.3256165087223053,0.3239793479442596,0.3416676223278045,0.3412279188632965,0.3791486918926239,0.3758598864078522,0.4594722986221313,0.451457142829895,0.5304367542266846,0.5127661228179932,0.5545558333396912,0.5341750383377075,0.555259644985199,0.5325918793678284,0.5476152896881104,0.525585949420929,0.5288885235786438,0.5232499241828918,0.6200973987579346,0.6155328154563904,0.701494038105011,0.6992781758308411,0.7120809555053711,0.7111483216285706,0.7327073812484741,0.7229659557342529,-0.2753342688083648,-0.2780459225177765,-0.2780593931674957,-0.2780995368957519,-0.2660744786262512,-0.2660830020904541,-0.2661113142967224,-0.2363665103912353,-0.1811478734016418,-0.2551959753036499,-0.2395525723695755,-0.189000979065895,-0.0994707942008972,-0.1490504890680313,-0.0243707112967968,-0.155124694108963,-0.0631916224956512,-0.1691446453332901,-0.0739148929715156,-0.1881576627492904,-0.1019837036728859,-0.1609365493059158,-0.0759472772479057,-0.021817410364747,0.0218579899519681,0.0378444753587245,0.0759967416524887,0.1834002882242202,0.231747955083847,0.1930159032344818,0.2439024001359939,0.1146096736192703,0.1756600439548492,Turn-First
376,0.9990251064300536,0.9969163537025452,0.9973753690719604,0.9975149035453796,0.9962480664253236,0.9956132173538208,0.994444727897644,0.9967541694641112,0.9890915751457214,0.999056339263916,0.998342990875244,0.9998550415039062,0.9997530579566956,0.972754180431366,0.7615640759468079,0.937046229839325,0.7153946161270142,0.8963327407836914,0.677980899810791,0.8992055654525757,0.6845731139183044,0.886923611164093,0.6759181618690491,0.9992486238479614,0.9992619156837464,0.9598410725593568,0.9805510640144348,0.9639087319374084,0.9741280674934388,0.887281596660614,0.8923988342285156,0.952994704246521,0.9631420373916626,0.806797206401825,0.8123639822006226,0.8149116635322571,0.8178308606147766,0.8071907758712769,0.8061186075210571,0.8050139546394348,0.8311909437179565,0.8107725977897644,0.81261146068573,0.8062506914138794,0.8627980351448059,0.790520191192627,0.8703464269638062,0.7846008539199829,0.869282066822052,0.7780459523200989,0.8708243370056152,0.7759885787963867,0.8668146133422852,0.7783332467079163,0.8647276163101196,0.7803226709365845,0.8411740064620972,0.7984892129898071,0.8403186798095703,0.7988496422767639,0.8401767015457153,0.801730751991272,0.8316540718078613,0.8084121942520142,0.8495177030563354,0.7772818803787231,0.3319669663906097,0.3219771683216095,0.3218099474906921,0.3217652142047882,0.3218591809272766,0.3216125667095184,0.3213851749897003,0.3257805705070495,0.3243170082569122,0.3416821360588074,0.3412197828292846,0.3790193796157837,0.376748114824295,0.4594939947128296,0.4527802467346191,0.529680073261261,0.5127823948860168,0.553866446018219,0.5341209173202515,0.5541679859161377,0.532494068145752,0.5459998846054077,0.5254871845245361,0.5286581516265869,0.5232816338539124,0.6198112368583679,0.615543782711029,0.7010942697525024,0.69928377866745,0.7118602991104126,0.7111693620681763,0.7326313257217407,0.7233919501304626,-0.2803376913070678,-0.2820009589195251,-0.2820218801498413,-0.2820676267147064,-0.270337164402008,-0.2703439593315124,-0.2703753113746643,-0.2368175089359283,-0.1827284395694732,-0.2590972781181335,-0.2438555508852005,-0.1889249235391616,-0.0988557785749435,-0.1517168134450912,-0.0224670879542827,-0.1647077202796936,-0.0653368830680847,-0.1813549846410751,-0.0775073021650314,-0.2001559287309646,-0.1064349189400672,-0.1706909239292144,-0.0786110907793045,-0.0212989337742328,0.0213374476879835,0.036523800343275,0.0759713053703308,0.1835520267486572,0.2369365394115448,0.1948953866958618,0.2495733797550201,0.1162967458367347,0.1772479712963104,Turn-First
377,0.9988096356391908,0.9964302182197572,0.9969844222068788,0.9971684217453004,0.995460569858551,0.9946802854537964,0.9932655096054076,0.9964162707328796,0.9866600036621094,0.9989039301872252,0.9979584217071532,0.9998515248298644,0.9996979236602784,0.9740330576896667,0.738627016544342,0.9350419044494628,0.6920163035392761,0.8916499614715576,0.6560589671134949,0.8946297764778137,0.6632950901985168,0.8813966512680054,0.6546298861503601,0.999252438545227,0.999243140220642,0.9588198065757751,0.9796984791755676,0.9629901647567748,0.9735432863235474,0.8858157396316528,0.8919289708137512,0.9516128301620485,0.9625950455665588,0.8035877346992493,0.8094393014907837,0.8119552731513977,0.8147808313369751,0.8044372797012329,0.8034904599189758,0.8024908304214478,0.8274698257446289,0.8080795407295227,0.8096356391906738,0.8031986355781555,0.8610607981681824,0.7878958582878113,0.869132399559021,0.7824870944023132,0.8647740483283997,0.7769882678985596,0.8678621053695679,0.7750347852706909,0.8632116317749023,0.7772566080093384,0.8596422076225281,0.778814435005188,0.8393603563308716,0.7963424324989319,0.8395422101020813,0.7971593737602234,0.8397003412246704,0.8008426427841187,0.8312694430351257,0.8082802891731262,0.8499615788459778,0.7759958505630493,0.3318171501159668,0.3219708502292633,0.3218041658401489,0.3217577338218689,0.3218547999858856,0.321610152721405,0.3213821053504944,0.3259597420692444,0.3246006369590759,0.341677576303482,0.34117192029953,0.3790378272533417,0.3790324628353119,0.4600502252578735,0.4554153680801391,0.5297994017601013,0.5169827342033386,0.5540138483047485,0.537647545337677,0.5542358756065369,0.5341642498970032,0.5461616516113281,0.5284863114356995,0.5293223261833191,0.5245569944381714,0.6204087734222412,0.6162911057472229,0.7004886269569397,0.6990318298339844,0.7113226652145386,0.7109283208847046,0.7326318025588989,0.723432719707489,-0.2990772426128387,-0.3024161458015442,-0.3024547100067138,-0.3025289177894592,-0.2888975739479065,-0.2889117896556854,-0.2889523804187774,-0.2598405182361603,-0.1982597410678863,-0.2791492640972137,-0.2612678408622741,-0.2109586894512176,-0.1098863929510116,-0.1830272525548935,-0.0307100322097539,-0.2061635553836822,-0.0830463469028472,-0.2274605333805084,-0.0975429937243461,-0.2467839419841766,-0.1294270306825637,-0.2125684469938278,-0.0977915823459625,-0.0217565931379795,0.0218124352395534,0.0366144329309463,0.0833575651049614,0.2029905021190643,0.2662303447723388,0.2157997786998748,0.2811404764652252,0.1337092816829681,0.2065382450819015,Turn-First
378,0.9987064003944396,0.9962352514266968,0.9968228936195374,0.997045397758484,0.9950490593910216,0.9941223859786988,0.9925599098205566,0.996311366558075,0.985018789768219,0.9988592863082886,0.9977975487709044,0.9998536109924316,0.9996525049209596,0.975010097026825,0.7078927755355835,0.9337030053138732,0.6628925800323486,0.8884713649749756,0.6291329860687256,0.8914649486541748,0.6368663907051086,0.8770261406898499,0.6287465691566467,0.9992773532867432,0.999250829219818,0.959252953529358,0.9795982241630554,0.9635336995124816,0.9740017652511596,0.8861016631126404,0.8937992453575134,0.9523892402648926,0.9634968042373656,0.8015334010124207,0.8075028657913208,0.8100798726081848,0.8129913210868835,0.8023790121078491,0.8013651967048645,0.8002734184265137,0.8252689242362976,0.80506831407547,0.8071169853210449,0.8006187677383423,0.8575844764709473,0.785993754863739,0.8655338287353516,0.7807368040084839,0.863423228263855,0.7761092782020569,0.8658812642097473,0.7741652727127075,0.86125248670578,0.7757002711296082,0.8587583303451538,0.776964545249939,0.8376997709274292,0.7946449518203735,0.8389360308647156,0.7959389090538025,0.8397018313407898,0.7994435429573059,0.8312718272209167,0.8073017001152039,0.8508622050285339,0.7752388715744019,0.3296314179897308,0.320728600025177,0.3207181394100189,0.3208072781562805,0.3205775618553161,0.3204997479915619,0.3204229176044464,0.3258876204490661,0.3244881331920624,0.3401614725589752,0.3399777710437774,0.3790148198604584,0.3790932297706604,0.4600106179714203,0.4552566111087799,0.5293474197387695,0.5169225335121155,0.5534875988960266,0.5377578139305115,0.553459107875824,0.5348330736160278,0.545737087726593,0.528702974319458,0.5293262600898743,0.5249950289726257,0.6194217801094055,0.6163351535797119,0.6973815560340881,0.6989883780479431,0.7094436883926392,0.7108344435691833,0.7318779826164246,0.7233844995498657,-0.2911262810230255,-0.2944927513599396,-0.2945449352264404,-0.2946254014968872,-0.2798083424568176,-0.2798059582710266,-0.2798408567905426,-0.2588798701763153,-0.1874726861715316,-0.2725909054279327,-0.2529897391796112,-0.206687331199646,-0.0978856608271598,-0.1860470920801162,-0.0194247532635927,-0.2183560878038406,-0.0727714821696281,-0.2416399270296096,-0.0875590518116951,-0.2611090838909149,-0.1201581805944442,-0.225223571062088,-0.088125504553318,-0.023168521001935,0.0232413504272699,0.0377441197633743,0.0938607677817344,0.2220573127269745,0.2915762066841125,0.2360538244247436,0.3076879382133484,0.1521883159875869,0.2319106161594391,Turn-First
379,0.998689353466034,0.9962229132652284,0.9968289732933044,0.9970577955245972,0.994900107383728,0.9939247965812684,0.9922696948051452,0.996371865272522,0.9843932390213012,0.9988741874694824,0.9977712631225586,0.9998615980148317,0.999643087387085,0.9766005277633668,0.6912901401519775,0.9366491436958312,0.6560015678405762,0.892424464225769,0.6227946281433105,0.8953107595443726,0.6310264468193054,0.8806357979774475,0.6226106882095337,0.9993142485618592,0.9992717504501344,0.9602893590927124,0.9793254733085632,0.9644887447357178,0.9741764068603516,0.8869904279708862,0.8953450918197632,0.9536842107772828,0.9641320705413818,0.7988938689231873,0.8047416806221008,0.8071686625480652,0.8098834156990051,0.7999762892723083,0.7990765571594238,0.7980871796607971,0.8224737048149109,0.80308997631073,0.8043570518493652,0.7982009053230286,0.8553836941719055,0.7845820188522339,0.8633819818496704,0.7789591550827026,0.8625174760818481,0.7730990648269653,0.8645855188369751,0.7705147862434387,0.8593388795852661,0.7720068693161011,0.8570410013198853,0.7740454077720642,0.8358590006828308,0.7932376265525818,0.8383310437202454,0.7943581938743591,0.8400867581367493,0.799125075340271,0.8320177793502808,0.8072797060012817,0.8512386083602905,0.7751214504241943,0.3300287127494812,0.3209079205989837,0.3208393454551697,0.3208748698234558,0.3208622932434082,0.3207936882972717,0.3207117915153503,0.3258965611457824,0.3248172700405121,0.3402843475341797,0.3402166962623596,0.3790560066699981,0.3792034387588501,0.460914134979248,0.4552880823612213,0.5296980142593384,0.5168315768241882,0.5537132620811462,0.5378752946853638,0.5537203550338745,0.5352261662483215,0.5463826060295105,0.5289846658706665,0.5296457409858704,0.5256387591362,0.6181684732437134,0.6163359880447388,0.6960712671279907,0.6981337070465088,0.7087305784225464,0.709524393081665,0.7318723201751709,0.7233180403709412,-0.2898232638835907,-0.2935898005962372,-0.2936368584632873,-0.2937115430831909,-0.2787897288799286,-0.2787884175777435,-0.2788218259811401,-0.2551312148571014,-0.1871547102928161,-0.2717124819755554,-0.2517578601837158,-0.2096963673830032,-0.0973091572523117,-0.1910907477140426,-0.0190186649560928,-0.2230161428451538,-0.0721629112958908,-0.2463875710964203,-0.0869570970535278,-0.2663328051567077,-0.1199754253029823,-0.229988619685173,-0.0876913890242576,-0.0251881536096334,0.0252675469964742,0.037305187433958,0.1040472760796547,0.2158912420272827,0.3029765486717224,0.2286851108074188,0.3192146420478821,0.1449324786663055,0.2458175867795944,Turn-First
380,0.9986702799797058,0.9961968064308168,0.9968266487121582,0.997067093849182,0.9947534799575806,0.9937228560447692,0.9919461011886596,0.9964489936828612,0.9837766289711,0.9988940954208374,0.997758448123932,0.999871551990509,0.9996312856674194,0.9781845808029176,0.6670218706130981,0.9397233128547668,0.6391404867172241,0.896651566028595,0.6077249050140381,0.8994596004486084,0.6164640188217163,0.8847817182540894,0.607761561870575,0.999346137046814,0.9992700219154358,0.961416721343994,0.9781522750854492,0.9656622409820556,0.9738525748252868,0.8872601985931396,0.8963574767112732,0.9553046226501464,0.9644389152526855,0.7990186810493469,0.8047512173652649,0.8072911500930786,0.8101335763931274,0.7996495962142944,0.7984858155250549,0.7971859574317932,0.8211449384689331,0.8003573417663574,0.8041461706161499,0.7975846529006958,0.8516511917114258,0.7822767496109009,0.860309898853302,0.7767127752304077,0.8619747161865234,0.7717572450637817,0.86381596326828,0.7696702480316162,0.858902633190155,0.7697470188140869,0.8568369150161743,0.7722643613815308,0.8342165946960449,0.7914415001869202,0.8374804258346558,0.7934585213661194,0.842012882232666,0.7990580797195435,0.834555983543396,0.8077775239944458,0.8512387275695801,0.775157630443573,0.3319718539714813,0.3220139741897583,0.3218308389186859,0.321853369474411,0.321841299533844,0.3216508328914642,0.3214671909809112,0.326632410287857,0.3253766894340515,0.3417558372020721,0.3414788544178009,0.3791228234767914,0.3794009089469909,0.4609250426292419,0.4554508626461029,0.5297573208808899,0.51674884557724,0.5538158416748047,0.5379197597503662,0.5537742376327515,0.5354439616203308,0.5464498996734619,0.5290988683700562,0.5303990244865417,0.5264526009559631,0.6169317960739136,0.615995466709137,0.6956645250320435,0.6975767612457275,0.7082353234291077,0.7089511752128601,0.7318037748336792,0.7231408953666687,-0.2846956551074981,-0.2876878082752228,-0.2877314686775207,-0.2878018021583557,-0.2746704220771789,-0.274658739566803,-0.2746801972389221,-0.2462542802095413,-0.1850911229848861,-0.2646544575691223,-0.2472150325775146,-0.2064962387084961,-0.0895579680800437,-0.1832856833934784,-0.0139995338395237,-0.2131449878215789,-0.0673297792673111,-0.2349444925785064,-0.0805982947349548,-0.2540565133094787,-0.1140840202569961,-0.219666838645935,-0.0829215720295906,-0.0277651436626911,0.0278466492891311,0.0334908999502658,0.1078209653496742,0.2004023790359497,0.2986324429512024,0.2120986878871917,0.3139775991439819,0.1277391761541366,0.2446034848690033,Turn-First
381,0.9985475540161132,0.9959399700164796,0.9966527819633484,0.996913492679596,0.9941181540489196,0.99299293756485,0.9909810423851012,0.996411144733429,0.9820438027381896,0.998876929283142,0.9976271390914916,0.9998779892921448,0.999593198299408,0.9793527126312256,0.640018880367279,0.9416490197181702,0.6268351674079895,0.8995693922042847,0.598014771938324,0.9022313356399536,0.6074727773666382,0.8873083591461182,0.5985197424888611,0.9993730783462524,0.9992692470550536,0.9626517295837402,0.9774481654167176,0.966736137866974,0.9736645817756652,0.8858646750450134,0.8972101211547852,0.9564594626426696,0.964818239212036,0.7940236926078796,0.7999215126037598,0.8022279739379883,0.8048378229141235,0.7956750988960266,0.794948399066925,0.7940990328788757,0.8167207837104797,0.7991618514060974,0.799609899520874,0.7936196327209473,0.8496052026748657,0.7814125418663025,0.858228325843811,0.7758206129074097,0.8578073382377625,0.7700476050376892,0.8602355718612671,0.7681639790534973,0.8554498553276062,0.7678793668746948,0.8533850908279419,0.7704771757125854,0.8313671350479126,0.789582371711731,0.8339541554450989,0.7925912141799927,0.8417024612426758,0.7990127205848694,0.8349539041519165,0.8076971173286438,0.8484387397766113,0.7753530740737915,0.3309926986694336,0.3213936388492584,0.3213159143924713,0.3214179873466491,0.3211521804332733,0.3209992349147796,0.3208403587341308,0.3265986740589142,0.3251429796218872,0.3412921726703644,0.3412094712257385,0.37946817278862,0.380155473947525,0.4621604681015014,0.4556337296962738,0.5307714939117432,0.5144990682601929,0.5541710257530212,0.5375162363052368,0.5540392994880676,0.5352229475975037,0.5470108389854431,0.5290968418121338,0.5322883129119873,0.5276026129722595,0.6176294684410095,0.6167118549346924,0.6956357955932617,0.6974276900291443,0.7069413661956787,0.7080649733543396,0.7317930459976196,0.7231516242027283,-0.2545643448829651,-0.2590258717536926,-0.2590687572956085,-0.2591308355331421,-0.2442262917757034,-0.2442123591899871,-0.2442440688610077,-0.2282509058713913,-0.1592724621295929,-0.238976240158081,-0.2192120999097824,-0.2023629695177078,-0.0708430409431457,-0.1810168772935867,0.007874708622694,-0.2096870690584182,-0.0447369739413261,-0.2313351184129715,-0.0571667663753032,-0.2497619092464447,-0.0902411788702011,-0.2158428728580474,-0.0602822601795196,-0.0302324704825878,0.0303117576986551,0.0231514740735292,0.1057926192879676,0.1970820426940918,0.2970559000968933,0.2094474136829376,0.3127124011516571,0.1252467036247253,0.2455352246761322,Turn-First
382,0.99849671125412,0.9958521723747252,0.9966142177581788,0.9969111084938048,0.99363511800766,0.9923746585845948,0.9902352094650269,0.9965083003044128,0.9802887439727784,0.9988909959793092,0.9975271821022034,0.999887764453888,0.9995423555374146,0.9808775782585144,0.6004862189292908,0.945671796798706,0.6164913773536682,0.9060922265052797,0.5901150703430176,0.908614993095398,0.6004897356033325,0.8940609693527222,0.5909029245376587,0.9993918538093568,0.9992424845695496,0.963959276676178,0.975067138671875,0.9680368304252625,0.9729704260826112,0.8831266760826111,0.8996334671974182,0.958449363708496,0.9658490419387816,0.7899842858314514,0.7961264848709106,0.7984253764152527,0.8008855581283569,0.7920912504196167,0.7915359735488892,0.7909141182899475,0.8135666847229004,0.7977190613746643,0.7959299683570862,0.790296196937561,0.847098171710968,0.7817201018333435,0.8556070327758789,0.7759493589401245,0.8554237484931946,0.7690123915672302,0.8585230112075806,0.7671014070510864,0.8527406454086304,0.7672573328018188,0.8497787714004517,0.7690314054489136,0.8281036615371704,0.7888593673706055,0.8301994204521179,0.7919586896896362,0.841688334941864,0.7990387082099915,0.8402693867683411,0.8081990480422974,0.8401385545730591,0.7748463153839111,0.3307074010372162,0.3212485015392303,0.3211994767189026,0.3212960958480835,0.321000188589096,0.3208704888820648,0.3207203447818756,0.326581746339798,0.3250588178634643,0.3412396609783172,0.3411863148212433,0.3792364299297333,0.3801115155220032,0.4620347023010254,0.4548563659191131,0.5307886004447937,0.510537326335907,0.5549533367156982,0.5344865322113037,0.554904043674469,0.5327963829040527,0.5481746792793274,0.525627613067627,0.5328863859176636,0.5276811718940735,0.6203531622886658,0.6167446374893188,0.6961912512779236,0.697955310344696,0.7067800760269165,0.7084047198295593,0.7324203252792358,0.7232564091682434,-0.2111682444810867,-0.2175675630569458,-0.2176371365785598,-0.2177155911922454,-0.199867695569992,-0.1998339295387268,-0.1998542845249176,-0.1993099004030227,-0.1162176132202148,-0.2000122815370559,-0.1762153655290603,-0.1945914179086685,-0.0207475963979959,-0.1902548670768737,0.0600628033280372,-0.2239971607923507,0.005223074927926,-0.2488808184862136,-0.0060247499495744,-0.2651683390140533,-0.0387924127280712,-0.2294504940509796,-0.0105021651834249,-0.0466999113559722,0.0467549301683902,0.0148033872246742,0.1280882209539413,0.1801010370254516,0.309295654296875,0.1916964799165725,0.3239247500896454,0.1054780632257461,0.2643056511878967,Turn-First
383,0.9983637928962708,0.9956765174865724,0.9965142011642456,0.9968740940093994,0.9929667115211488,0.9915937185287476,0.989286482334137,0.9965678453445436,0.9783082604408264,0.9988745450973512,0.9972894787788392,0.9998968839645386,0.999422550201416,0.9824275374412536,0.5550598502159119,0.950006663799286,0.597417414188385,0.913194477558136,0.575006902217865,0.9155192971229552,0.5863381624221802,0.9015360474586488,0.5757501721382141,0.99940687417984,0.9991926550865172,0.9650110602378844,0.9702091813087464,0.9687682390213012,0.9703545570373536,0.8823291063308716,0.8987785577774048,0.9600125551223756,0.96588534116745,0.7860892415046692,0.7924438714981079,0.7945586442947388,0.796779215335846,0.7892550230026245,0.7891360521316528,0.7889603972434998,0.8096089363098145,0.7970374822616577,0.7920075058937073,0.7877566814422607,0.8443190455436707,0.78199303150177,0.8535908460617065,0.7763620018959045,0.8524050712585449,0.7693080902099609,0.8548370599746704,0.766707181930542,0.8486539125442505,0.7668099403381348,0.8462724685668945,0.7691763043403625,0.8259025812149048,0.7887395620346069,0.8285311460494995,0.7911217212677002,0.8408614993095398,0.799055278301239,0.8415524363517761,0.8087021112442017,0.8317588567733765,0.7738320231437683,0.3253544569015503,0.3178187608718872,0.3180144429206848,0.3182804882526397,0.3175585865974426,0.3176133334636688,0.3176433145999908,0.325296401977539,0.323643296957016,0.3373061418533325,0.33726567029953,0.3785875141620636,0.380092591047287,0.4616580307483673,0.4548271298408508,0.5311607122421265,0.5098767876625061,0.5551090836524963,0.5330695509910583,0.5551933646202087,0.53150874376297,0.5488249659538269,0.5244772434234619,0.5328558683395386,0.5276414752006531,0.6212697625160217,0.6167649626731873,0.6962511539459229,0.698375940322876,0.7065194845199585,0.7088504433631897,0.7321785092353821,0.7229445576667786,-0.1771585494279861,-0.185428649187088,-0.1855110973119735,-0.1855980455875396,-0.1659579873085022,-0.165920615196228,-0.1659486889839172,-0.182053655385971,-0.0920083448290824,-0.1721547693014145,-0.1462864130735397,-0.1932058185338974,-0.0015348796732723,-0.2038747370243072,0.0751694291830062,-0.2356449663639068,0.0234861504286527,-0.2612537741661072,0.0133792236447334,-0.2742345333099365,-0.0173252522945404,-0.2396109104156494,0.0084097143262624,-0.0533772036433219,0.0534024722874164,0.0151899456977844,0.1342392414808273,0.1815517097711563,0.3058441281318664,0.1936631351709365,0.3198069930076599,0.1117823272943496,0.266242653131485,Turn-First
384,0.9984158277511596,0.9958436489105223,0.9966689944267272,0.9970234036445618,0.9931451678276062,0.9918500185012816,0.9896264672279358,0.9967601299285888,0.9788585901260376,0.9989259839057922,0.9973496198654176,0.9999051690101624,0.9993810653686525,0.9838615655899048,0.5169013738632202,0.95401930809021,0.5847248435020447,0.919758141040802,0.5654600858688354,0.9218918681144714,0.5774353742599487,0.9085729122161864,0.5661966800689697,0.9994072914123536,0.9991486668586732,0.9668256640434264,0.966882824897766,0.9704046249389648,0.9692105054855348,0.8822497129440308,0.8986212015151978,0.9622426629066468,0.9666996598243712,0.7833991646766663,0.7899541854858398,0.7920254468917847,0.794204831123352,0.7869816422462463,0.7869481444358826,0.7868932485580444,0.807117760181427,0.7950959801673889,0.7887439131736755,0.7846493721008301,0.8413734436035156,0.7806614637374878,0.8503901362419128,0.776648759841919,0.8494569063186646,0.7681260704994202,0.8524852991104126,0.7656635642051697,0.8468777537345886,0.7657569646835327,0.844427764415741,0.7674256563186646,0.823107123374939,0.7874464392662048,0.823767364025116,0.7906702160835266,0.8398038148880005,0.7995858788490295,0.8430359959602356,0.8114508390426636,0.823809802532196,0.7754890322685242,0.3226222693920135,0.3158670365810394,0.3161485493183136,0.3164600133895874,0.3155909776687622,0.3156984746456146,0.3157863616943359,0.3245147466659546,0.32276451587677,0.3349263072013855,0.3346433937549591,0.3784963190555572,0.3805169463157654,0.4601525366306305,0.4548498094081878,0.5313093066215515,0.5088903307914734,0.5551267862319946,0.5323164463043213,0.5552158951759338,0.5308371186256409,0.548974871635437,0.52381432056427,0.5299047231674194,0.5265694260597229,0.6205820441246033,0.6159936189651489,0.6961808800697327,0.6979779005050659,0.7064114212989807,0.708841860294342,0.7319649457931519,0.7229549288749695,-0.1637844890356063,-0.1711545884609222,-0.1712139844894409,-0.1712786257266998,-0.15263532102108,-0.1526007354259491,-0.1526142060756683,-0.1686402559280395,-0.0828511193394661,-0.1596640795469284,-0.1350579708814621,-0.1832783371210098,-0.0003116527223028,-0.1953890025615692,0.0689977779984474,-0.2241687327623367,0.0209347140043973,-0.2457776516675949,0.0116291549056768,-0.2523160278797149,-0.0178179517388343,-0.2242082059383392,0.0064571285620331,-0.0530029945075511,0.0529901199042797,0.0070526106283068,0.1243818402290344,0.1487642079591751,0.2639128565788269,0.1582401990890503,0.2746700346469879,0.0782200768589973,0.2237153351306915,Turn-First
385,0.9984511137008668,0.9959530234336852,0.9967795610427856,0.9971491694450378,0.99318265914917,0.9918698072433472,0.989704728126526,0.9969245195388794,0.97860187292099,0.9989647269248962,0.9973444938659668,0.9999136328697203,0.9993122816085817,0.985194444656372,0.4841108620166778,0.9577332735061646,0.5735073685646057,0.9257915019989014,0.5557587146759033,0.9277825355529784,0.5687634944915771,0.9149954915046692,0.5576076507568359,0.9994255304336548,0.99913090467453,0.9672009944915771,0.9610044956207277,0.971198558807373,0.9670984148979188,0.8808244466781616,0.8979499340057373,0.9638403654098512,0.9672269225120544,0.782047688961029,0.7884957194328308,0.7907125949859619,0.7929834723472595,0.7850967645645142,0.7849203944206238,0.7846869230270386,0.8058778047561646,0.7923962473869324,0.7879022359848022,0.7836020588874817,0.8398729562759399,0.7799038887023926,0.8497987985610962,0.7750794291496277,0.8494652509689331,0.7657269835472107,0.8529739379882812,0.762193500995636,0.8466846346855164,0.7624796032905579,0.844261646270752,0.7651839852333069,0.8206768035888672,0.7862467169761658,0.8163396716117859,0.790240466594696,0.8346599340438843,0.8023708462715149,0.8421863317489624,0.8122351765632629,0.8157089352607727,0.7772969603538513,0.3211510777473449,0.3143081068992615,0.3144587874412536,0.314654529094696,0.3144271671772003,0.3146615028381347,0.3148837089538574,0.3231425881385803,0.322115808725357,0.3328786194324493,0.3330382108688354,0.3755277395248413,0.3807403445243835,0.4576631188392639,0.4548371732234955,0.5307422876358032,0.5089418888092041,0.5534953474998474,0.5322447419166565,0.5548888444900513,0.5299106240272522,0.5487796664237976,0.523930013179779,0.5249608755111694,0.5231747031211853,0.6193600296974182,0.615247905254364,0.6990748643875122,0.6972836256027222,0.7101562023162842,0.7078918218612671,0.7322453260421753,0.7225630879402161,-0.1604639589786529,-0.1662351787090301,-0.1663301736116409,-0.1664130389690399,-0.1478416174650192,-0.1478027403354644,-0.1478292495012283,-0.1561068594455719,-0.0705256462097168,-0.1534743458032608,-0.1289573609828949,-0.171884685754776,0.0187622793018817,-0.1919920742511749,0.0848701000213623,-0.2241643369197845,0.0281640794128179,-0.2495423853397369,0.0162921883165836,-0.2628818154335022,-0.0149739729240536,-0.2281368970870971,0.012443977408111,-0.0574122741818428,0.0574323944747448,0.0103813782334327,0.122078500688076,0.1482294797897339,0.2679674327373504,0.1570737659931183,0.2794544994831085,0.07200288772583,0.2229527533054351,Turn-First
386,0.998469889163971,0.9960901737213136,0.9969071745872498,0.9972854852676392,0.993353545665741,0.9920709133148192,0.9900075197219848,0.997099757194519,0.9790619611740112,0.9989940524101256,0.9973350763320924,0.9999207258224488,0.999200165271759,0.9864057302474976,0.4527868628501892,0.9609568119049072,0.5582261681556702,0.9309136867523192,0.5422570705413818,0.9327446222305298,0.5562338829040527,0.9202919602394104,0.5454254746437073,0.9994083046913148,0.9990185499191284,0.9661749005317688,0.9466732144355774,0.9710431694984436,0.9596843719482422,0.8820644021034241,0.8926588296890259,0.9640710949897766,0.9642115831375122,0.7799450159072876,0.7862210869789124,0.7883654832839966,0.7906132936477661,0.7831898331642151,0.7831403017044067,0.7830408811569214,0.8033187985420227,0.7912734746932983,0.7856062650680542,0.7814867496490479,0.8365601301193237,0.7800045013427734,0.8469504117965698,0.7740368843078613,0.8465555906295776,0.7643519639968872,0.8505719304084778,0.759945809841156,0.8435471653938293,0.7604650259017944,0.8411350250244141,0.7637130618095398,0.8165270090103149,0.7848919034004211,0.8091317415237427,0.7890281677246094,0.8259725570678711,0.8033770322799683,0.8366297483444214,0.8137435913085938,0.8009269833564758,0.7773229479789734,0.3213496506214142,0.3144679367542267,0.3146003186702728,0.3147527277469635,0.3145992457866668,0.3148334324359894,0.3150514960289001,0.3231364786624908,0.3221522867679596,0.3332081735134125,0.3332859575748443,0.375361293554306,0.3809407949447632,0.4567340314388275,0.4547541737556457,0.5309059023857117,0.5086014866828918,0.5533791780471802,0.530555784702301,0.5549082159996033,0.528695821762085,0.5487982630729675,0.5226329565048218,0.523666262626648,0.5220651030540466,0.6187900900840759,0.6150444149971008,0.7014926075935364,0.6969525814056396,0.714687705039978,0.7101377248764038,0.7316882014274597,0.7217579483985901,-0.1360357105731964,-0.143469363451004,-0.1435551941394806,-0.1436337083578109,-0.1234517320990562,-0.1234214901924133,-0.1234520226716995,-0.1430127620697021,-0.0511919260025024,-0.1330750733613968,-0.1066671162843704,-0.1691240817308426,0.0343785509467124,-0.1993180960416793,0.0945991724729538,-0.2298218756914138,0.0431675724685192,-0.2549666464328766,0.0342219471931457,-0.2665353417396545,0.0055824825540184,-0.233363538980484,0.0286589562892913,-0.0625047534704208,0.0625078827142715,-0.0021160379983484,0.1220437437295913,0.1150265485048294,0.2488140314817428,0.1223886236548423,0.2579410970211029,0.0425194837152957,0.2052144706249237,Turn-First
387,0.9985257387161256,0.9962879419326782,0.9970706701278688,0.9974448680877686,0.9936771392822266,0.9924503564834596,0.9905266761779784,0.997291386127472,0.9802007079124452,0.9990480542182922,0.9974448084831238,0.9999276399612428,0.9991869926452636,0.9875624775886536,0.4301942884922027,0.9641340970993042,0.5574084520339966,0.9360876679420472,0.5410782694816589,0.9377514719963074,0.5559858679771423,0.9257618188858032,0.5450725555419922,0.9994181990623474,0.9989839792251588,0.9655521512031556,0.9321829080581664,0.9708445072174072,0.949777603149414,0.8853182196617126,0.8868963122367859,0.9639080166816713,0.9592968821525574,0.7784101366996765,0.7846618890762329,0.7867709994316101,0.7890032529830933,0.7818413972854614,0.7818577289581299,0.7818453907966614,0.8016926646232605,0.7902923822402954,0.7841355204582214,0.7802318930625916,0.8347616195678711,0.7798418998718262,0.8453982472419739,0.7735642194747925,0.8441541790962219,0.7637529969215393,0.84783935546875,0.7599234580993652,0.840330958366394,0.760905385017395,0.8379710912704468,0.7633985877037048,0.8142460584640503,0.7845522165298462,0.8025230169296265,0.7884328961372375,0.8161998987197876,0.8032360076904297,0.8267329335212708,0.8133971095085144,0.7883633375167847,0.7760964632034302,0.3217871487140655,0.3146597743034363,0.3147757649421692,0.3149104118347168,0.3147788047790527,0.314993292093277,0.3151960670948028,0.3231526017189026,0.3222380876541137,0.3334989845752716,0.3335466980934143,0.3754056990146637,0.3809529542922973,0.4568630754947662,0.4547392725944519,0.5317605137825012,0.508162796497345,0.553432822227478,0.53011554479599,0.5551697015762329,0.5283589363098145,0.5489104986190796,0.5221856832504272,0.5241747498512268,0.5222067832946777,0.6198284029960632,0.6160852909088135,0.7054615020751953,0.6976213455200195,0.7220458984375,0.7139783501625061,0.731332004070282,0.7217838168144226,-0.1355305165052414,-0.1444874405860901,-0.1445688307285308,-0.1446421593427658,-0.1237569451332092,-0.1237267255783081,-0.1237565502524375,-0.1479741632938385,-0.0534505620598793,-0.1337238848209381,-0.1064564138650894,-0.1722403913736343,0.0330949053168296,-0.2036817818880081,0.0966674163937568,-0.2368537932634353,0.0469424203038215,-0.2636028230190277,0.0380954183638095,-0.2738092839717865,0.0094718039035797,-0.2399923801422119,0.0327336862683296,-0.063245765864849,0.0632322877645492,0.0211602021008729,0.148571640253067,0.1416633427143097,0.2739506363868713,0.1503156572580337,0.2828277945518493,0.0707003027200698,0.2396499216556549,Turn-First
388,0.9985636472702026,0.9964604377746582,0.9972206950187684,0.9975908398628236,0.9939600825309752,0.992785394191742,0.9909786581993104,0.9974715113639832,0.981192409992218,0.9990859627723694,0.9975060820579528,0.9999335408210754,0.9991000890731812,0.988614022731781,0.4033554494380951,0.9670649766921996,0.543374240398407,0.9408792853355408,0.5281271934509277,0.9423763751983644,0.543904721736908,0.9307877421379088,0.5331714153289795,0.9993816018104552,0.998824179172516,0.9640871286392212,0.9129843711853028,0.970198094844818,0.9368142485618592,0.8888806104660034,0.8788411021232605,0.9627720713615416,0.951656699180603,0.7774984836578369,0.7831655740737915,0.7851122617721558,0.7872098684310913,0.7807034254074097,0.7808610200881958,0.781004786491394,0.8000084757804871,0.7900891900062561,0.7831657528877258,0.7796593904495239,0.8326011896133423,0.779821515083313,0.8425545692443848,0.7738763093948364,0.8406890034675598,0.764342725276947,0.8448710441589355,0.7603768706321716,0.8375312685966492,0.7612015008926392,0.835114598274231,0.7640676498413086,0.8111563920974731,0.7828600406646729,0.7974324226379395,0.7883480787277222,0.8070467114448547,0.8032214045524597,0.816993236541748,0.8132416605949402,0.7764392495155334,0.7742549180984497,0.3230883479118347,0.315253734588623,0.3153252303600311,0.3153941929340362,0.3153251409530639,0.315479964017868,0.315617173910141,0.3231636583805084,0.3223909735679626,0.3347307741641998,0.3348229825496673,0.3756254017353058,0.3809491693973541,0.456891268491745,0.4540641605854034,0.5320940613746643,0.5066301822662354,0.5534921884536743,0.5282816886901855,0.555191695690155,0.5265026688575745,0.5489184260368347,0.5203297734260559,0.5242395401000977,0.5223987698554993,0.6223601698875427,0.6182566285133362,0.7091628313064575,0.7003108859062195,0.725854754447937,0.7181301712989807,0.7309389710426331,0.7224231958389282,-0.1293707191944122,-0.1396604478359222,-0.1397400796413421,-0.1398141682147979,-0.1178732365369796,-0.1178450733423233,-0.1178745180368423,-0.148554652929306,-0.0497805178165435,-0.129597395658493,-0.1010653376579284,-0.1747802793979644,0.0361110344529151,-0.2064197361469268,0.0975643619894981,-0.232958048582077,0.0508614555001258,-0.2589094340801239,0.0435961112380027,-0.2691659331321716,0.0155596956610679,-0.235927551984787,0.0370072349905967,-0.0636507198214531,0.0636388808488845,0.0189586523920297,0.1399715691804886,0.1232316493988037,0.2574126124382019,0.1298570930957794,0.2657675147056579,0.0558931902050972,0.2204980105161667,Turn-First
389,0.99858421087265,0.9965945482254028,0.9973346590995787,0.9977074861526488,0.9941554665565492,0.9930089116096495,0.9913187623023988,0.997622847557068,0.9820455312728882,0.9991217255592346,0.9975603818893432,0.999939262866974,0.999070942401886,0.9895283579826356,0.3806371092796325,0.9696678519248962,0.5334190726280212,0.9451394081115724,0.5180098414421082,0.946464478969574,0.5347414016723633,0.9351702332496644,0.5246188044548035,0.999386191368103,0.9987682700157166,0.9631129503250122,0.8964353203773499,0.9698858261108398,0.9251726865768432,0.8918684124946594,0.8713908791542053,0.9624544382095336,0.945927619934082,0.7756781578063965,0.7810847163200378,0.7828319668769836,0.7846891283988953,0.7792416214942932,0.7796014547348022,0.7799519896507263,0.7974079847335815,0.7894526720046997,0.7810524106025696,0.7782060503959656,0.8306414484977722,0.779619574546814,0.8402304649353027,0.7736557722091675,0.8372146487236023,0.7631797194480896,0.8418154716491699,0.7593825459480286,0.8349288702011108,0.7601596117019653,0.8324686884880066,0.7619582414627075,0.808121383190155,0.7804199457168579,0.7940592169761658,0.7864996790885925,0.8016402125358582,0.8015279769897461,0.8119162321090698,0.8113619089126587,0.7705527544021606,0.7698322534561157,0.3244506418704986,0.3158495128154754,0.3159153759479522,0.3159610331058502,0.3158064186573028,0.3158862292766571,0.3159428238868713,0.3232819437980652,0.322581022977829,0.3362116813659668,0.3362732529640198,0.3762145936489105,0.3809642493724823,0.4575336873531341,0.4535660445690155,0.5327546000480652,0.5058916211128235,0.5536113977432251,0.5275247097015381,0.5554788112640381,0.5255857706069946,0.5491977334022522,0.5190068483352661,0.5253012776374817,0.5228589773178101,0.624182403087616,0.6208840012550354,0.7105724811553955,0.7019458413124084,0.7268028259277344,0.7193482518196106,0.7313993573188782,0.7247101664543152,-0.1179902181029319,-0.1310905963182449,-0.1311692297458648,-0.1312406957149505,-0.1073696613311767,-0.1073361635208129,-0.1073649898171424,-0.1504107415676117,-0.0432331301271915,-0.1219040304422378,-0.0908082276582717,-0.175968736410141,0.0379559807479381,-0.2170881927013397,0.0997515767812728,-0.2429114282131195,0.0562339536845684,-0.2699764370918274,0.0492468550801277,-0.2773499190807342,0.021369619295001,-0.2448765337467193,0.0422607734799385,-0.0646741613745689,0.0646357983350753,0.0284968204796314,0.1540138125419616,0.1360435038805008,0.2805382311344147,0.1446920335292816,0.2907425463199615,0.0662719830870628,0.2472398281097412,Turn-First
390,0.9985308647155762,0.996631383895874,0.9973770380020142,0.997770607471466,0.9941666722297668,0.9930076599121094,0.9913794994354248,0.997724711894989,0.9822742342948914,0.9991120100021362,0.9974529147148132,0.9999439120292664,0.9989217519760132,0.9903464317321776,0.3547565042972564,0.9719600677490234,0.5101850628852844,0.948775827884674,0.4962405562400818,0.949955940246582,0.5132894515991211,0.9388193488121032,0.5041176080703735,0.999341070652008,0.9985514879226683,0.9592297077178956,0.868188202381134,0.9678571820259094,0.9070014357566832,0.893449068069458,0.8601632714271545,0.960723638534546,0.9366700053215028,0.7746863961219788,0.7799640893936157,0.7816270589828491,0.7833934426307678,0.7783718705177307,0.7788084745407104,0.7792277932167053,0.7957721948623657,0.788526177406311,0.7798839807510376,0.777215301990509,0.8295297622680664,0.7791097164154053,0.8387643098831177,0.7733520865440369,0.8348066210746765,0.7622130513191223,0.8382781744003296,0.7578799724578857,0.83180171251297,0.7582671642303467,0.8294151425361633,0.7612448334693909,0.8061918020248413,0.778774082660675,0.7902942895889282,0.7844923138618469,0.7960352301597595,0.7970930337905884,0.8086371421813965,0.8085302114486694,0.7655181288719177,0.7641514539718628,0.3250064253807068,0.316293716430664,0.3163965046405792,0.3164683878421783,0.316140741109848,0.3161743581295013,0.3161804378032684,0.3235403001308441,0.3227828443050384,0.3367635905742645,0.3367526233196258,0.3776054680347442,0.3810915946960449,0.4589709639549255,0.4520481824874878,0.5331741571426392,0.5052658915519714,0.5541468262672424,0.5263766050338745,0.5558391213417053,0.5245086550712585,0.5497164130210876,0.5182735919952393,0.5263152718544006,0.5232471227645874,0.6241423487663269,0.6215302348136902,0.7107301354408264,0.7052145004272461,0.726472795009613,0.7212772965431213,0.7314349412918091,0.7264872789382935,-0.1236734241247177,-0.136404663324356,-0.1364761739969253,-0.1365489661693573,-0.1129618436098098,-0.1129340752959251,-0.1129629239439964,-0.1546472907066345,-0.0488586239516735,-0.1271813809871673,-0.0965465679764747,-0.1839105635881424,0.0341428779065609,-0.2226509749889373,0.0940968841314315,-0.2429553568363189,0.0523042455315589,-0.2697421610355377,0.0468196459114551,-0.2759814858436584,0.0187884885817766,-0.2444496601819992,0.0383713208138942,-0.0662435293197631,0.0662298053503036,0.0273277014493942,0.1502424478530883,0.1320283263921737,0.2764341235160827,0.1397171467542648,0.2854809165000915,0.0669488906860351,0.2408159077167511,Turn-First
391,0.9984047412872314,0.9966164231300354,0.9973906874656676,0.9978094100952148,0.9940118789672852,0.9928045272827148,0.9911587238311768,0.9977972507476808,0.9818234443664552,0.99903804063797,0.9970849752426147,0.9999476671218872,0.9985036253929138,0.9910290837287904,0.3259328305721283,0.9739533066749572,0.4795094430446625,0.9518997669219972,0.468885600566864,0.9529396891593932,0.4858376085758209,0.9417747259140016,0.4779905378818512,0.9992789030075072,0.9981836676597596,0.9539981484413148,0.8360993266105652,0.9658599495887756,0.8865569233894348,0.8965563178062439,0.8462746739387512,0.9587996006011964,0.9250569939613342,0.7739683389663696,0.7792733907699585,0.780992865562439,0.7827833890914917,0.7773308157920837,0.7776025533676147,0.777871310710907,0.7953094840049744,0.7872626781463623,0.7788916826248169,0.7759355306625366,0.8270336389541626,0.7792636752128601,0.8354760408401489,0.7736280560493469,0.8305312991142273,0.7616215944290161,0.8345372080802917,0.7566961050033569,0.8280277252197266,0.7568773627281189,0.8250621557235718,0.7584566473960876,0.8031255602836609,0.7785755395889282,0.78711998462677,0.7839412689208984,0.7910187840461731,0.7915235161781311,0.8024330139160156,0.8045539855957031,0.7568093538284302,0.7576960921287537,0.3268181979656219,0.3176456093788147,0.3177526295185089,0.3178225457668304,0.3172794878482818,0.3171860873699188,0.317071795463562,0.3242028653621673,0.3233426809310913,0.3383015096187591,0.3381995558738708,0.3784025013446808,0.3810226321220398,0.4603056013584137,0.4503954946994781,0.5343511700630188,0.4986985027790069,0.5551332235336304,0.5154916644096375,0.5567853450775146,0.5148919820785522,0.5507215261459351,0.5051847100257874,0.5274852514266968,0.5232892632484436,0.6240537762641907,0.6213251948356628,0.7117983102798462,0.7061322927474976,0.7265255451202393,0.7217783331871033,0.7308667302131653,0.7263779044151306,-0.1314870715141296,-0.1444236785173416,-0.1444912850856781,-0.1445632874965667,-0.1209212318062782,-0.120898351073265,-0.1209269538521766,-0.159858226776123,-0.0566262193024158,-0.1347306966781616,-0.1041066497564315,-0.1952482163906097,0.0314084887504577,-0.2345229387283325,0.1002132296562194,-0.2522181868553161,0.072664700448513,-0.2787394821643829,0.0717911571264267,-0.2829247117042541,0.0437398515641689,-0.2528087496757507,0.0592783465981483,-0.0685711577534675,0.068569466471672,0.0268959999084472,0.1526146382093429,0.1298147141933441,0.2751528620719909,0.1372458785772323,0.2839660048484802,0.0687801241874694,0.2391814738512039,Turn-First
392,0.9982555508613586,0.9965410828590392,0.9973809123039246,0.9978237152099608,0.993695080280304,0.9924126863479614,0.9906504154205322,0.9978664517402648,0.9807978272438048,0.9989471435546876,0.996615707874298,0.9999515414237976,0.9979857802391052,0.9916948080062866,0.2989471554756164,0.9759110808372498,0.4496501982212066,0.9550873637199402,0.4423052370548248,0.9559938311576844,0.4591110944747925,0.944953441619873,0.4526333808898926,0.9992533326148988,0.9979168176651,0.9509958624839784,0.8117685914039612,0.9657239317893982,0.8745427131652832,0.900735318660736,0.8387413620948792,0.9589398503303528,0.9190143942832948,0.7712986469268799,0.7765243649482727,0.7780665755271912,0.779725193977356,0.7750740647315979,0.7754570841789246,0.7758382558822632,0.7921887636184692,0.7853772640228271,0.7759489417076111,0.7734237909317017,0.8248540163040161,0.7793055176734924,0.8328935503959656,0.7737905383110046,0.8271113634109497,0.7593454122543335,0.8309134244918823,0.7555546164512634,0.8236970901489258,0.7527628540992737,0.820476233959198,0.756412148475647,0.799035906791687,0.7770856618881226,0.7828813791275024,0.7834036946296692,0.7838773727416992,0.7918923497200012,0.7925833463668823,0.8009880781173706,0.748968243598938,0.7548622488975525,0.3286333680152893,0.3192879557609558,0.319426566362381,0.3195315897464752,0.3187307715415954,0.318533718585968,0.318310797214508,0.3253192603588104,0.3242406249046325,0.3398276269435882,0.3397470414638519,0.3796243071556091,0.3806600868701935,0.4609989821910858,0.445168673992157,0.5349299311637878,0.4897400140762329,0.5555764436721802,0.5036351680755615,0.5569183826446533,0.5026954412460327,0.5509955883026123,0.5003450512886047,0.5280183553695679,0.5232486128807068,0.6234038472175598,0.6205556392669678,0.7149812579154968,0.707000732421875,0.7262716889381409,0.7221423983573914,0.7304972410202026,0.726297914981842,-0.1362480372190475,-0.1494526863098144,-0.1495205610990524,-0.1495913714170456,-0.1259280294179916,-0.1259024441242218,-0.1259268969297409,-0.1621857583522796,-0.0614156126976013,-0.1393045037984848,-0.1086469069123268,-0.2010445594787597,0.0279124528169631,-0.2364529073238372,0.0992599576711654,-0.2496175765991211,0.0728307366371154,-0.2757923901081085,0.0709965825080871,-0.2813301384449005,0.0430618450045585,-0.2506383657455444,0.0593732818961143,-0.0691516697406768,0.0691697597503662,0.0220096409320831,0.1492985188961029,0.1190601140260696,0.2626535296440124,0.1255946606397628,0.2713451981544494,0.0569776371121406,0.2303649187088012,Turn-First
393,0.998175084590912,0.9965764284133912,0.9974436163902284,0.9978836178779602,0.9936364889144896,0.9923562407493592,0.9905155301094056,0.9979639649391174,0.9805493354797364,0.9988865256309508,0.9962683320045472,0.9999553561210632,0.9975304007530212,0.9922987222671508,0.2737248241901397,0.9777549505233764,0.4195764660835266,0.9581333994865416,0.4148552417755127,0.958904266357422,0.4311982989311218,0.9479337334632874,0.4261096119880676,0.9992648959159852,0.9977531433105468,0.9506784677505492,0.7940074801445007,0.9669939279556274,0.8682255148887634,0.9068841934204102,0.8351091742515564,0.9605663418769836,0.9161638617515564,0.770692765712738,0.7755030393600464,0.7769079208374023,0.7784253358840942,0.7745268940925598,0.7750625014305115,0.7755805253982544,0.7911330461502075,0.7850373387336731,0.7749989628791809,0.7731157541275024,0.8224161863327026,0.7793515920639038,0.8294684290885925,0.7738240957260132,0.8228050470352173,0.7588068246841431,0.8259447813034058,0.7541340589523315,0.8193699717521667,0.7526179552078247,0.8162842988967896,0.7545961737632751,0.7974334955215454,0.7767124772071838,0.7825944423675537,0.7807613015174866,0.7785658836364746,0.7842977643013,0.7858062982559204,0.7957427501678467,0.743903636932373,0.7519989013671875,0.3310970366001129,0.3213194012641907,0.321337342262268,0.3213659524917602,0.3207374811172485,0.3204342424869537,0.3200975954532623,0.326543241739273,0.3253365457057953,0.3414404988288879,0.3414704501628876,0.3806392550468445,0.3802681267261505,0.4611044824123382,0.4430781006813049,0.5353527069091797,0.4864615201950073,0.5559662580490112,0.4986557364463806,0.5574091076850891,0.4993586540222168,0.5514295697212219,0.4975115954875946,0.5280522704124451,0.5228089094161987,0.6206514239311218,0.6166160106658936,0.7139710783958435,0.706686794757843,0.726739227771759,0.7216242551803589,0.7299900054931641,0.7249521613121033,-0.1416622102260589,-0.1544030010700225,-0.1544715911149978,-0.1545426845550537,-0.1315802782773971,-0.1315537244081497,-0.1315763592720031,-0.1786710917949676,-0.0618248954415321,-0.143099159002304,-0.1139906272292137,-0.2148137539625167,0.0239310730248689,-0.2502694725990295,0.0944003909826278,-0.2602341771125793,0.0752477496862411,-0.2870486080646515,0.0750356912612915,-0.2916039824485779,0.0475132949650287,-0.260799765586853,0.0622608438134193,-0.0699113085865974,0.0699228420853614,0.024261750280857,0.1685232818126678,0.1276954561471939,0.2877706885337829,0.1349906623363495,0.2978657186031341,0.0632252171635627,0.2602626085281372,Turn-First
394,0.9982439875602722,0.9967755675315856,0.9976066946983336,0.998023509979248,0.993970274925232,0.9927735328674316,0.9910298585891724,0.998115599155426,0.9815796613693236,0.9989215731620787,0.9963359236717224,0.9999589323997498,0.9973366260528564,0.9928420782089232,0.2519901096820831,0.9793055653572084,0.3934703469276428,0.9606469869613647,0.3912806808948517,0.9612833857536316,0.4073475301265716,0.950348436832428,0.4030585587024688,0.9992672204971312,0.9975568652153016,0.9489415884017944,0.7785407304763794,0.9678394198417664,0.8617510199546814,0.9122551083564758,0.8333055973052979,0.9610098004341124,0.9105823636054992,0.7694547772407532,0.7744807004928589,0.7759817838668823,0.7775861024856567,0.773266613483429,0.773730456829071,0.7741961479187012,0.7903033494949341,0.7837914824485779,0.7737142443656921,0.7715688943862915,0.82105952501297,0.7788507342338562,0.8269475102424622,0.7739399671554565,0.8201688528060913,0.758252739906311,0.8225746154785156,0.753267765045166,0.8158923983573914,0.751776397228241,0.8126441240310669,0.7532782554626465,0.7950099110603333,0.7753034234046936,0.7769361138343811,0.7813211679458618,0.7674044370651245,0.7864307165145874,0.7741533517837524,0.7978130578994751,0.7356852889060974,0.7639182209968567,0.3319969773292541,0.3221773207187652,0.322210818529129,0.3222430348396301,0.3215356469154358,0.3211854994297027,0.3208000957965851,0.3274578750133514,0.3258869349956512,0.3422655165195465,0.3422439396381378,0.3813194930553436,0.3799833953380584,0.4611114859580993,0.4438554346561432,0.5353617072105408,0.4865168333053589,0.5561255216598511,0.498206615447998,0.5574666261672974,0.4995010793209076,0.5514242053031921,0.4974164366722107,0.527022659778595,0.5216091871261597,0.6180165410041809,0.6141348481178284,0.7133541703224182,0.7058426737785339,0.7265016436576843,0.7212437987327576,0.72955721616745,0.72367262840271,-0.1268012374639511,-0.1407851278781891,-0.1408470571041107,-0.1409058272838592,-0.1167850866913795,-0.1167570501565933,-0.1167735010385513,-0.1661012023687362,-0.054719965904951,-0.1315246969461441,-0.1005429476499557,-0.2093431502580642,0.0312881432473659,-0.237104132771492,0.0914641618728637,-0.2450559139251709,0.0633237287402153,-0.2709433436393738,0.0595812201499938,-0.2724243402481079,0.0314409062266349,-0.2437999546527862,0.0496287420392036,-0.0694868415594101,0.0695085674524307,-0.0098977573215961,0.1556884944438934,0.060889221727848,0.2353250235319137,0.0642561987042427,0.2423947751522064,-0.0031938899774104,0.2071140110492706,Walk-To-Chair
395,0.9982959628105164,0.996952474117279,0.9977568984031676,0.998149871826172,0.994228184223175,0.9930930137634276,0.9914048910140992,0.9982559084892272,0.9823184609413148,0.9989558458328248,0.9963710308074952,0.9999622702598572,0.9971829056739808,0.9933554530143738,0.2330484092235565,0.9808321595191956,0.3740590214729309,0.9632952213287354,0.3750771582126617,0.9638341069221495,0.3915089964866638,0.9531884789466858,0.3877344727516174,0.9992809891700744,0.9974054098129272,0.9471912384033204,0.7710550427436829,0.969142496585846,0.8611807227134705,0.917710542678833,0.8388835787773132,0.9617876410484314,0.908035397529602,0.7684323787689209,0.7737717032432556,0.7754172086715698,0.7771658301353455,0.7722218632698059,0.7725800275802612,0.7729415893554688,0.7896949052810669,0.7824726104736328,0.7728015184402466,0.7703515887260437,0.819926917552948,0.7774494886398315,0.8237080574035645,0.7731966972351074,0.8165748715400696,0.7553790211677551,0.8185614347457886,0.749675989151001,0.8131243586540222,0.7494059801101685,0.8104178309440613,0.7507783770561218,0.791687548160553,0.7726784944534302,0.7741371393203735,0.7815120816230774,0.762913703918457,0.7956140041351318,0.7690873742103577,0.8046728372573853,0.7327563166618347,0.7756782174110413,0.3325024247169494,0.3228314518928528,0.3229333758354187,0.3230400681495666,0.3220748901367187,0.3216938376426697,0.3212868571281433,0.3282944560050964,0.3263716995716095,0.3428336977958679,0.3426617085933685,0.3823942840099334,0.3795971870422363,0.4612701535224914,0.4406551122665405,0.5360445380210876,0.4838070869445801,0.5564428567886353,0.4949983954429626,0.5577312111854553,0.4974317550659179,0.5515566468238831,0.4955368936061859,0.5270406007766724,0.5205767154693604,0.6163217425346375,0.612458348274231,0.7132071852684021,0.7041274905204773,0.7262881398200989,0.7199307680130005,0.7295719981193542,0.7193644642829895,-0.1316359043121338,-0.145008698105812,-0.1450732052326202,-0.1451336741447448,-0.1211920604109764,-0.1211686134338378,-0.1211801394820213,-0.1663314253091812,-0.0573741383850574,-0.1352542340755462,-0.1043440923094749,-0.2048147618770599,0.0304924882948398,-0.2338313162326812,0.0901370272040367,-0.2383128404617309,0.0583615712821483,-0.26316699385643,0.0539527013897895,-0.2665322721004486,0.0257399193942546,-0.2375030815601349,0.0446321256458759,-0.0705064460635185,0.0705473124980926,-0.0292553640902042,0.1388068944215774,0.0361786298453807,0.2249509841203689,0.0384755209088325,0.2322942316532135,-0.0326600708067417,0.1951355636119842,Walk-To-Chair
396,0.9984136819839478,0.9971935153007508,0.9979376196861268,0.9983022809028624,0.9946553111076356,0.9936017394065856,0.9920488595962524,0.9984051585197448,0.9836267232894896,0.9990245699882508,0.9965872168540956,0.9999653100967408,0.9971477389335632,0.993796706199646,0.2170232683420181,0.9821926355361938,0.3587183058261871,0.9655718207359314,0.3615084886550903,0.966013729572296,0.3780120015144348,0.9555764198303224,0.3746317028999328,0.9992902874946594,0.9973157048225404,0.9437092542648317,0.7634106278419495,0.9696057438850404,0.8581647872924805,0.921795129776001,0.8395830392837524,0.9625693559646606,0.9071094393730164,0.766185462474823,0.7714950442314148,0.7730420231819153,0.774715781211853,0.7700661420822144,0.7705022096633911,0.7709680795669556,0.7877535223960876,0.7812718152999878,0.7706751227378845,0.7684463262557983,0.8173326253890991,0.7765229940414429,0.8207330703735352,0.772060751914978,0.8125628232955933,0.7529865503311157,0.8148742914199829,0.7489733695983887,0.8091162443161011,0.7469942569732666,0.8063737750053406,0.74956214427948,0.7889688611030579,0.7703209519386292,0.77541184425354,0.7797761559486389,0.7671611905097961,0.7964261174201965,0.7729900479316711,0.8043559789657593,0.7332319021224976,0.774976372718811,0.3321861624717712,0.3226540982723236,0.322791188955307,0.3229362368583679,0.3219059407711029,0.3215624392032623,0.3211894929409027,0.328256607055664,0.3263615667819977,0.342779666185379,0.3426241278648376,0.382621169090271,0.3794575929641723,0.4616055190563202,0.4415602087974548,0.5367494225502014,0.4825859069824219,0.5572206377983093,0.4931465089321136,0.5584943890571594,0.4943849742412567,0.5519108176231384,0.4894262552261352,0.5267150402069092,0.5197791457176208,0.6165247559547424,0.6126667261123657,0.7126986384391785,0.7040773034095764,0.7261973023414612,0.719399094581604,0.7295770049095154,0.7222707867622375,-0.1188109368085861,-0.1329982578754425,-0.1330559849739074,-0.1331121027469635,-0.1082549467682838,-0.1082247346639633,-0.1082269772887229,-0.1595896780490875,-0.0478853322565555,-0.1250811666250229,-0.0929697901010513,-0.2006764411926269,0.0338954031467437,-0.2323995530605316,0.0891957730054855,-0.2283635139465332,0.0549202859401702,-0.2537076473236084,0.0500635989010334,-0.257564902305603,0.0252672489732503,-0.2282816469669342,0.0417829640209674,-0.0695918053388595,0.0696157440543174,-0.0116150667890906,0.1424649953842163,0.0720229819416999,0.2388370484113693,0.0762872919440269,0.2471936494112014,0.0065714516676962,0.2078573405742645,Walk-To-Chair
397,0.9985439777374268,0.9974443912506104,0.9981228709220886,0.9984560012817384,0.995116114616394,0.9941523671150208,0.9927391409873962,0.9985535740852356,0.9850667715072632,0.999104380607605,0.9968538880348206,0.9999679327011108,0.9971659779548644,0.99416846036911,0.2023541778326034,0.9832565784454346,0.3433334231376648,0.9672505855560304,0.3482907712459564,0.9675902128219604,0.3647900819778442,0.9572525024414062,0.3618509173393249,0.9992795586586,0.997175633907318,0.9357069730758668,0.750571072101593,0.968682825565338,0.8508763313293457,0.923892080783844,0.8367064595222473,0.9620819091796876,0.9034709334373474,0.7642426490783691,0.7695275545120239,0.7711078524589539,0.7728375792503357,0.7680014967918396,0.7684286832809448,0.7689248323440552,0.7859960794448853,0.7798165678977966,0.7687827348709106,0.7664084434509277,0.8142498135566711,0.775562047958374,0.817231297492981,0.7707542181015015,0.808256983757019,0.7513034343719482,0.8106082677841187,0.7464618682861328,0.8042396306991577,0.7438567876815796,0.8017648458480835,0.7465371489524841,0.7856212258338928,0.7682129740715027,0.7763925790786743,0.7780588269233704,0.7676133513450623,0.7966285347938538,0.7730438113212585,0.8048316836357117,0.7341054081916809,0.774665355682373,0.3320707082748413,0.3225827813148498,0.322700560092926,0.322830855846405,0.3218819797039032,0.321545660495758,0.321179062128067,0.3282396197319031,0.3263808488845825,0.3426758646965027,0.3425251841545105,0.3833177387714386,0.3794567286968231,0.4627450108528137,0.4421174228191376,0.5372520089149475,0.4766972661018371,0.5579679012298584,0.4850218594074249,0.5588119029998779,0.4826145768165588,0.551971971988678,0.4800705015659332,0.5265815258026123,0.5191447138786316,0.6166908740997314,0.6128664612770081,0.7123807072639465,0.7043684124946594,0.7259461283683777,0.7192956209182739,0.7295801043510437,0.7258913516998291,-0.1133440881967544,-0.1275940388441085,-0.12764772772789,-0.1277051120996475,-0.1027359142899513,-0.1027074828743934,-0.1026991009712219,-0.1554957330226898,-0.0434478595852851,-0.1203272491693496,-0.0880312919616699,-0.192143827676773,0.0352277159690856,-0.2171666175127029,0.0911834686994552,-0.2077257931232452,0.0570106618106365,-0.2313656061887741,0.0526672676205635,-0.2358138263225555,0.0277225766330957,-0.2078951299190521,0.0441014692187309,-0.0690815597772598,0.0691051036119461,-0.0105573078617453,0.1344353556632995,0.0674865692853927,0.2196416556835174,0.0712186098098754,0.2267370671033859,0.0024467280600219,0.1892149299383163,Walk-To-Chair
398,0.998648762702942,0.9976553320884703,0.9982792735099792,0.9985878467559814,0.995505154132843,0.994617760181427,0.9933325052261353,0.9986804723739624,0.9862708449363708,0.9991688132286072,0.9970722198486328,0.9999701976776124,0.997146487236023,0.9944610595703124,0.1874862611293792,0.9839705228805542,0.3235048949718475,0.9682150483131408,0.3295914232730865,0.9684337377548218,0.3456495106220245,0.957794427871704,0.3434381783008575,0.9992809295654296,0.9970694780349731,0.9316992163658142,0.7390483617782593,0.9687899351119996,0.8437607288360596,0.9260662198066713,0.8344600200653076,0.9624478816986084,0.9008772969245912,0.7619419097900391,0.7675095796585083,0.7691795825958252,0.7709885239601135,0.7657032608985901,0.7660578489303589,0.76652592420578,0.7844690084457397,0.7784978151321411,0.7665085792541504,0.7638890743255615,0.8112130165100098,0.7740192413330078,0.8144195675849915,0.7695906162261963,0.8067137598991394,0.7515450716018677,0.8090037107467651,0.7464309930801392,0.8024406433105469,0.7441442012786865,0.8003506660461426,0.7468848824501038,0.7829011678695679,0.7658268809318542,0.7751699090003967,0.7761303186416626,0.7688004374504089,0.7966583967208862,0.7733548283576965,0.8050607442855835,0.7325780391693115,0.7767475843429565,0.3309057652950287,0.3217078149318695,0.3219364881515503,0.3221650719642639,0.3208994269371032,0.3206111490726471,0.3202821910381317,0.3280868232250213,0.3261304795742035,0.3419156074523926,0.3416971862316131,0.3836784660816192,0.379477709531784,0.4634389281272888,0.442425787448883,0.5376638770103455,0.480237066745758,0.558082640171051,0.4866787195205688,0.558876097202301,0.4864519834518432,0.5519725680351257,0.4823450744152069,0.5265671610832214,0.5192295908927917,0.6167133450508118,0.6129112243652344,0.7123464345932007,0.702932596206665,0.725773811340332,0.7176137566566467,0.7295838594436646,0.726045548915863,-0.1181983202695846,-0.1323667466640472,-0.1324218511581421,-0.1324860751628875,-0.1070876866579055,-0.1070600003004074,-0.1070569902658462,-0.1578851044178009,-0.0460651591420173,-0.1250573098659515,-0.0923069790005683,-0.1962181627750396,0.0345197021961212,-0.2205056399106979,0.0881400406360626,-0.2135972678661346,0.0492886304855346,-0.2379485070705413,0.0440391488373279,-0.2420751303434372,0.0203304402530193,-0.213733360171318,0.0364771746098995,-0.0694978386163711,0.0695028752088546,-0.0074818707071244,0.148086816072464,0.0740307345986366,0.2379875183105468,0.0782225281000137,0.2460240870714187,0.0077923885546624,0.2190512865781784,Walk-To-Chair
399,0.998725175857544,0.9978222846984864,0.9984047412872314,0.9986945390701294,0.9958006143569946,0.9949681758880616,0.9937716722488404,0.9987885355949402,0.987202286720276,0.9992195963859558,0.9972338676452636,0.9999722838401794,0.9971135854721068,0.9947701096534728,0.1736234873533249,0.9848207831382751,0.3043218553066253,0.9695220589637756,0.3113473653793335,0.969649851322174,0.3268351554870605,0.9588857293128968,0.3254551589488983,0.9992964267730712,0.9970837235450744,0.9326685070991516,0.7378268837928772,0.9698477387428284,0.8434919714927673,0.9296745657920836,0.835362434387207,0.9639554023742676,0.9021434783935548,0.7604371905326843,0.7661178708076477,0.7677115201950073,0.7694453001022339,0.7644949555397034,0.7648952603340149,0.7654123902320862,0.7824311852455139,0.7772145867347717,0.7647761106491089,0.7622891664505005,0.8086977005004883,0.7726127505302429,0.8120749592781067,0.7673971652984619,0.804754376411438,0.751072347164154,0.8060925602912903,0.7460319399833679,0.7998602390289307,0.7439774870872498,0.7980774641036987,0.7466671466827393,0.7820001244544983,0.7644071578979492,0.776725172996521,0.7735293507575989,0.7698505520820618,0.7960876822471619,0.7755969166755676,0.805060088634491,0.7365822196006775,0.7735949158668518,0.3308928310871124,0.321675181388855,0.3218906819820404,0.3221111297607422,0.3208665251731872,0.3205614984035492,0.3202129006385803,0.3281853497028351,0.3261280059814453,0.3418713212013244,0.341668039560318,0.3845026791095733,0.3794564008712768,0.4647895693778991,0.4427274167537689,0.5379781126976013,0.4810351729393005,0.5584523677825928,0.4906713664531708,0.5590067505836487,0.4906007051467895,0.5520541667938232,0.4862049520015716,0.5266997814178467,0.5192700624465942,0.6166985034942627,0.6124817728996277,0.7116580605506897,0.7025361657142639,0.7252750396728516,0.7171193361282349,0.7295863628387451,0.7248615026473999,-0.1200031861662864,-0.1364898681640625,-0.1365378051996231,-0.1366273313760757,-0.1089117527008056,-0.1089028120040893,-0.1089355126023292,-0.1726560592651367,-0.0500522144138813,-0.131376639008522,-0.093297928571701,-0.2097088098526001,0.0305424388498067,-0.2341959476470947,0.0842165499925613,-0.2151058167219162,0.0476754829287529,-0.2390121221542358,0.042577214539051,-0.2466249167919159,0.0185424350202083,-0.216948390007019,0.0347248092293739,-0.069303922355175,0.0693088695406913,-0.0036350563168525,0.1643979549407959,0.0759881138801574,0.2753813564777374,0.0804023370146751,0.2849609553813934,0.0084785912185907,0.250914990901947,Walk-To-Chair
400,0.9987962245941162,0.997972309589386,0.9985175132751464,0.9987900257110596,0.996062994003296,0.9952800273895264,0.9941624402999878,0.9988840818405152,0.9879883527755736,0.999262809753418,0.9973651170730592,0.9999741315841676,0.9970657229423524,0.995095670223236,0.1624564826488495,0.9857587814331056,0.2921264469623565,0.971092402935028,0.3004339635372162,0.9711706638336182,0.3156197369098663,0.9605810642242432,0.3143671751022339,0.9992983937263488,0.9970229864120485,0.932656705379486,0.7353613376617432,0.9704787135124208,0.8426119685173035,0.9325848817825316,0.8353554606437683,0.9650207757949828,0.9027684330940248,0.7592997550964355,0.7649222016334534,0.7665250301361084,0.7683472037315369,0.7634294033050537,0.7638799548149109,0.7644395232200623,0.7812215089797974,0.7758288979530334,0.7637443542480469,0.7612370848655701,0.8080283999443054,0.7709925174713135,0.81104975938797,0.7650161385536194,0.8031109571456909,0.7500749826431274,0.8042548894882202,0.7451571226119995,0.7976809740066528,0.7428738474845886,0.7958364486694336,0.7456988096237183,0.781781792640686,0.76320880651474,0.7769511938095093,0.7721779942512512,0.7705153822898865,0.7938944697380066,0.7771152257919312,0.8022707104682922,0.7387892007827759,0.7683643102645874,0.3308640122413635,0.3216651082038879,0.3218714296817779,0.3220843076705932,0.3208533823490143,0.3205485641956329,0.3201996088027954,0.3281618356704712,0.3261213898658752,0.3418561518192291,0.3416435420513153,0.3844693005084991,0.3791279792785644,0.4647896885871887,0.4428635537624359,0.5380483865737915,0.4825299382209778,0.5587431788444519,0.4930092096328735,0.559245765209198,0.4920157194137573,0.5521600246429443,0.4882714450359344,0.5264515280723572,0.5189346671104431,0.6156189441680908,0.6116889715194702,0.7109777331352234,0.7013766169548035,0.7241557836532593,0.7163501381874084,0.7295617461204529,0.7203060388565063,-0.1227684840559959,-0.1377899944782257,-0.1378432810306549,-0.1379201114177703,-0.1119772419333458,-0.1119547709822654,-0.1119662672281265,-0.1701043397188186,-0.0515669099986553,-0.1311041861772537,-0.0963786542415618,-0.2081077545881271,0.0298229064792394,-0.2340762317180633,0.0838995724916458,-0.2186138182878494,0.0454707890748977,-0.2430932074785232,0.0403659418225288,-0.2491683065891266,0.0157722402364015,-0.2197110950946808,0.0324261710047721,-0.0690376609563827,0.0690431594848632,-0.0086167221888899,0.1592826694250106,0.0691612213850021,0.2593569159507751,0.0731890425086021,0.2671839296817779,0.0018445827299728,0.2340980321168899,Walk-To-Chair
401,0.9988375902175904,0.998083472251892,0.9986039400100708,0.9988641142845154,0.996239960193634,0.9954858422279358,0.9944167137145996,0.9989672899246216,0.9885448217391968,0.99929678440094,0.9974530935287476,0.9999760389328004,0.9970415234565736,0.9954476356506348,0.1520403921604156,0.9867632389068604,0.2788669168949127,0.9728819727897644,0.288029670715332,0.9729087352752686,0.3027527332305908,0.9625993371009828,0.3019282519817352,0.9993168711662292,0.9970108270645142,0.9341277480125428,0.7330702543258667,0.9710652232170104,0.838475227355957,0.9346837401390076,0.8325619101524353,0.9660396575927734,0.902158498764038,0.7578223943710327,0.7633258104324341,0.7648420929908752,0.7665503025054932,0.7622131109237671,0.7628486752510071,0.7635876536369324,0.779697835445404,0.7745743989944458,0.7623499035835266,0.7602118253707886,0.8057416081428528,0.7697446346282959,0.8091642260551453,0.764955461025238,0.7988618612289429,0.750726044178009,0.7999410629272461,0.7456074357032776,0.7931836843490601,0.7437456846237183,0.7916945815086365,0.7465204000473022,0.7803483009338379,0.761478841304779,0.7771824598312378,0.7681725025177002,0.772712230682373,0.7864881753921509,0.7867140769958496,0.7947853207588196,0.7413803339004517,0.7512832283973694,0.3308284878730774,0.3216333985328674,0.3218403160572052,0.3220526874065399,0.3208315074443817,0.3205330669879913,0.320190817117691,0.3282341957092285,0.3261533975601196,0.3419229686260223,0.3417588472366333,0.3853796422481537,0.3790492117404938,0.4669727087020874,0.4437078833580017,0.538740873336792,0.4842269718647003,0.5593991875648499,0.4948373436927795,0.5594545602798462,0.4929218292236328,0.5523592829704285,0.4891149699687958,0.5264065265655518,0.518767237663269,0.6152817010879517,0.6101510524749756,0.7094271779060364,0.6987335681915283,0.7225874066352844,0.7147150039672852,0.7285264730453491,0.7199954986572266,-0.1310582458972931,-0.1468454748392105,-0.1468914449214935,-0.1469665467739105,-0.1207209005951881,-0.1206895932555198,-0.1206859797239303,-0.1783960461616516,-0.0608930215239524,-0.1396667659282684,-0.1051960363984108,-0.2136930972337722,0.0219281502068042,-0.2401402443647384,0.0790744498372078,-0.2355273962020874,0.0400238595902919,-0.262458473443985,0.0350348725914955,-0.2657226920127868,0.0093333339318633,-0.2354123145341873,0.0269002728164196,-0.0691471695899963,0.0691543594002723,-0.0074478141032159,0.1660397946834564,0.0756266862154007,0.2795815467834472,0.0801221281290054,0.2890447676181793,0.007562146987766,0.2535056471824646,Walk-To-Chair
402,0.9988877773284912,0.9982080459594728,0.9986995458602904,0.9989442825317384,0.996443212032318,0.9957346320152284,0.9947192072868348,0.999051570892334,0.9892247915267944,0.9993318915367126,0.997545063495636,0.9999775886535645,0.9967923760414124,0.9957736730575562,0.1405457705259323,0.9877288937568665,0.2627435326576233,0.974620521068573,0.2735174000263214,0.9746062159538268,0.2877005338668823,0.9646458029747008,0.2869175374507904,0.9993017911911012,0.996837317943573,0.9358164668083192,0.7338493466377258,0.9716774821281432,0.8381115198135376,0.9372950792312622,0.8330274224281311,0.966985821723938,0.9030665159225464,0.755828857421875,0.7610458135604858,0.7623311281204224,0.7637880444526672,0.760453462600708,0.7612455487251282,0.7621289491653442,0.7767848372459412,0.7727247476577759,0.759947657585144,0.7582762241363525,0.8011621236801147,0.7689889073371887,0.8066285848617554,0.7653527855873108,0.7962158918380737,0.7509907484054565,0.7969958782196045,0.7468159198760986,0.790390133857727,0.7442319393157959,0.7890249490737915,0.7470817565917969,0.7784417271614075,0.7603468894958496,0.7764437198638916,0.7662286758422852,0.7736039757728577,0.7827534079551697,0.7863112688064575,0.7911192178726196,0.7422776222229004,0.7468095421791077,0.3307286202907562,0.3215241432189941,0.3217153251171112,0.321919173002243,0.3207602500915527,0.3204641938209533,0.3201295733451843,0.3282214403152466,0.3260888755321502,0.3418720364570617,0.3417450785636902,0.3852998316287994,0.378794401884079,0.4678544700145721,0.4438100159168243,0.5395358800888062,0.4756699204444885,0.5600576400756836,0.4836453199386596,0.5596441626548767,0.4801101088523865,0.5526019334793091,0.4778319001197815,0.5264167785644531,0.5187325477600098,0.615329921245575,0.6100690960884094,0.7094106078147888,0.6985144019126892,0.7223873734474182,0.7135355472564697,0.7285364270210266,0.7197112441062927,-0.1339832842350006,-0.149740070104599,-0.1497834622859954,-0.1498569697141647,-0.1240174770355224,-0.1239880695939064,-0.1239761337637901,-0.1807336807250976,-0.0661566108465194,-0.1425427794456482,-0.1090359911322593,-0.2160870134830474,0.0190372020006179,-0.238782912492752,0.0806114077568054,-0.2343712151050567,0.0553813464939594,-0.260763943195343,0.0530221350491046,-0.2647958099842071,0.0276803039014339,-0.2344725131988525,0.0428563393652439,-0.0689973086118698,0.0690045952796936,-0.0001071258229785,0.1611023247241974,0.0927539318799972,0.2783280313014984,0.0982624664902687,0.2881484627723694,0.0291006751358509,0.2470172196626663,Walk-To-Chair
403,0.998921513557434,0.9983097910881042,0.998778522014618,0.999010980129242,0.9965997338294984,0.995919108390808,0.994936227798462,0.9991230368614196,0.9897002577781676,0.999351978302002,0.9975792765617372,0.9999786019325256,0.9963731169700624,0.9960281848907472,0.1300406157970428,0.9884374737739564,0.2471888065338134,0.975813627243042,0.2595292329788208,0.9757532477378844,0.2732482850551605,0.9659007787704468,0.2724870443344116,0.9992898106575012,0.9966272115707396,0.9366878271102904,0.7290677428245544,0.9724370837211608,0.8367228507995605,0.940463125705719,0.8327051997184753,0.9681787490844728,0.9036372900009156,0.7544161081314087,0.7597312927246094,0.7610834240913391,0.7626643776893616,0.7591343522071838,0.759944498538971,0.7608432769775391,0.7752074003219604,0.7709247469902039,0.758296012878418,0.7566554546356201,0.7986635565757751,0.7673835754394531,0.8032911419868469,0.763638436794281,0.7917599678039551,0.7512576580047607,0.7925304770469666,0.7470368146896362,0.7868098616600037,0.7447004914283752,0.785359263420105,0.7470860481262207,0.7759618759155273,0.7589937448501587,0.7754254341125488,0.7655491232872009,0.7741325497627258,0.7803913354873657,0.7855912446975708,0.7903382182121277,0.7429393529891968,0.7459663152694702,0.3307511210441589,0.3215313255786896,0.3217235207557678,0.3219327330589294,0.3207782506942749,0.3204797804355621,0.3201435506343841,0.3283368349075317,0.3260985612869262,0.3419347405433655,0.3417921364307403,0.385250985622406,0.3783777058124542,0.4677419662475586,0.441152960062027,0.5402279496192932,0.4609981477260589,0.5605780482292175,0.4668615162372589,0.559981107711792,0.4621481895446777,0.5529100298881531,0.4608297049999237,0.526308000087738,0.518722653388977,0.6144680380821228,0.608810305595398,0.7093891501426697,0.6982699036598206,0.7229474782943726,0.7129270434379578,0.7285774946212769,0.7195394039154053,-0.1339619755744934,-0.1494988948106765,-0.1495440900325775,-0.1496163606643676,-0.1239872574806213,-0.1239579916000366,-0.1239468604326248,-0.1786912381649017,-0.0660144537687301,-0.142035037279129,-0.1088974699378013,-0.213376834988594,0.0196102708578109,-0.2368582487106323,0.0845110416412353,-0.2337301522493362,0.0610765628516674,-0.2598304748535156,0.0594932660460472,-0.2642659842967987,0.0348338261246681,-0.2338952273130417,0.0489023141562938,-0.0691089779138565,0.0691177695989608,-0.0093373591080307,0.1597274839878082,0.0695964619517326,0.2719798684120178,0.0735577940940857,0.2816807627677917,0.0027473145164549,0.2412563115358352,Walk-To-Chair
404,0.9989053010940552,0.9983721375465392,0.9988350868225098,0.999058961868286,0.9966421723365784,0.9959728121757508,0.9949789047241212,0.9991824626922609,0.9900087714195251,0.9993556141853333,0.9975448250770568,0.9999794363975524,0.9956449270248412,0.996123194694519,0.1195240467786789,0.9886884689331056,0.230166420340538,0.976199507713318,0.2443562448024749,0.976069450378418,0.2576435804367065,0.965947449207306,0.2570966184139251,0.9992785453796388,0.9963690042495728,0.9366191625595092,0.7260589599609375,0.9734646081924438,0.8355290293693542,0.943715274333954,0.8341215252876282,0.9696142673492432,0.903954803943634,0.7518554925918579,0.7572048902511597,0.7586148977279663,0.7602559328079224,0.7564253211021423,0.7571620345115662,0.7580475807189941,0.7730503082275391,0.7688920497894287,0.7553952932357788,0.7536689043045044,0.7961997985839844,0.7660081386566162,0.7995098829269409,0.7614030838012695,0.787244439125061,0.7507970333099365,0.7891029715538025,0.7473374605178833,0.7834486365318298,0.7447534203529358,0.7818941473960876,0.7450677156448364,0.7737612724304199,0.7577427625656128,0.7713942527770996,0.7665936350822449,0.7721056938171387,0.7817255258560181,0.7815598845481873,0.7957651019096375,0.7380157113075256,0.7464228868484497,0.3307303488254547,0.3215111792087555,0.3217024505138397,0.3219110369682312,0.3207656443119049,0.3204730451107025,0.3201306164264679,0.3283253014087677,0.3260928988456726,0.3419237434864044,0.3417281806468963,0.3853607773780823,0.3780153095722198,0.4678645730018616,0.435049831867218,0.5409402251243591,0.4350022673606872,0.5609410405158997,0.4356805384159088,0.5603809952735901,0.4300772249698639,0.5534852147102356,0.420477420091629,0.5264014005661011,0.5187859535217285,0.6145671606063843,0.6089997887611389,0.7095253467559814,0.6983432173728943,0.7236437201499939,0.7129945158958435,0.7288798093795776,0.7181697487831116,-0.1362157166004181,-0.1524368822574615,-0.1524817645549774,-0.1525547355413437,-0.1274562180042266,-0.1274346262216568,-0.1274245530366897,-0.1827654391527176,-0.0718671157956123,-0.1439419686794281,-0.1116094142198562,-0.217431828379631,0.0183581002056598,-0.2406621277332306,0.1043136492371559,-0.2335417568683624,0.1172821149230003,-0.2595149874687195,0.1201002225279808,-0.2639096081256866,0.0990719348192215,-0.2336715161800384,0.107317104935646,-0.0702293962240219,0.0702487453818321,-1.414476901118178e-05,0.1713620275259018,0.0862020105123519,0.2905144393444061,0.0914064571261406,0.3009935915470123,0.0214808695018291,0.2668613493442535,Walk-To-Chair
405,0.9988927245140076,0.9984399080276488,0.9988921880722046,0.9991068243980408,0.99670147895813,0.9960495233535768,0.995063304901123,0.9992396235466005,0.9904425144195556,0.9993632435798644,0.9975501894950868,0.9999802112579346,0.9949722290039062,0.9961965680122375,0.1100668460130691,0.9889801144599916,0.2144406735897064,0.9766887426376344,0.2301860600709915,0.976498246192932,0.2430222332477569,0.9661938548088074,0.2427672296762466,0.9992460012435912,0.9960272312164308,0.9356417059898376,0.7226529717445374,0.9740726947784424,0.8331845998764038,0.9465754628181458,0.8353313207626343,0.9705451726913452,0.9032737612724304,0.7494903206825256,0.7549971342086792,0.7563163042068481,0.7578656673431396,0.7542668581008911,0.754956841468811,0.755766749382019,0.7702964544296265,0.7664104104042053,0.7529096603393555,0.7511810660362244,0.7922134399414062,0.7658369541168213,0.7958359718322754,0.761316180229187,0.7848494648933411,0.7503650784492493,0.7863705158233643,0.7475250959396362,0.7805591821670532,0.7443662881851196,0.7787688970565796,0.7445367574691772,0.7684611082077026,0.75639408826828,0.7692725658416748,0.7671395540237427,0.771072506904602,0.783178985118866,0.780215859413147,0.7985295057296753,0.7366061806678772,0.7490252256393433,0.330431580543518,0.3214480280876159,0.3216473162174225,0.321858137845993,0.3206957280635834,0.3203993439674377,0.3200466930866241,0.3282756507396698,0.325995534658432,0.3417137265205383,0.3413821458816528,0.3852473497390747,0.3774885833263397,0.467820256948471,0.4315634369850158,0.5413863658905029,0.43182373046875,0.5616050362586975,0.4327878355979919,0.5608230829238892,0.4274320602416992,0.5538018345832825,0.4269116520881653,0.5264279842376709,0.5188018679618835,0.6146438717842102,0.6091187596321106,0.710030734539032,0.6983845233917236,0.7239134907722473,0.7133219838142395,0.7292785048484802,0.7177444100379944,-0.1391031891107559,-0.1557507812976837,-0.1557958424091339,-0.155869647860527,-0.1309762895107269,-0.1309605836868286,-0.1309505999088287,-0.1875733584165573,-0.0772814974188804,-0.1469812840223312,-0.1150628477334976,-0.2235831469297409,0.0152767580002546,-0.2468170672655105,0.1085611134767532,-0.2375312149524688,0.1321075856685638,-0.2618964910507202,0.1368018984794616,-0.2659619748592376,0.1156211644411087,-0.237390249967575,0.1223577260971069,-0.0706579238176345,0.0706812292337417,0.0118817994371056,0.1692993193864822,0.1093172281980514,0.2872052490711212,0.1156056746840477,0.2975805997848511,0.0472590550780296,0.2631570398807525,Walk-To-Chair
406,0.998875379562378,0.9984950423240662,0.9989400506019592,0.9991455674171448,0.9967506527900696,0.9961203932762146,0.995121955871582,0.9992879629135132,0.9908630847930908,0.999372899532318,0.9975636005401612,0.9999811053276062,0.994617998600006,0.9962173104286194,0.1015271767973899,0.989033818244934,0.1995688825845718,0.9767534732818604,0.2164059728384018,0.9764891266822816,0.2289992719888687,0.9658492803573608,0.2297320365905761,0.999258816242218,0.9959511756896972,0.935845136642456,0.7180256247520447,0.9746233224868774,0.8286181688308716,0.9491710662841796,0.8354198336601257,0.9710932970046996,0.8997132778167725,0.7473365664482117,0.7524148225784302,0.7536196112632751,0.7549971342086792,0.7519062757492065,0.7526906728744507,0.7535842657089233,0.7675417065620422,0.7638700008392334,0.7510136365890503,0.7494202852249146,0.789607048034668,0.7632109522819519,0.7942434549331665,0.7580583691596985,0.7825459837913513,0.745739758014679,0.784052312374115,0.7436884641647339,0.7785180807113647,0.7397196888923645,0.7764706611633301,0.7394242286682129,0.7640751600265503,0.7541345357894897,0.7634890675544739,0.7658222317695618,0.7688369154930115,0.783287525177002,0.7771159410476685,0.798543393611908,0.7338911890983582,0.750998854637146,0.330472469329834,0.3214539885520935,0.3216422200202942,0.3218443095684051,0.3207482993602752,0.3204668462276459,0.3201254606246948,0.3283072710037231,0.3260718286037445,0.3417795598506927,0.3414667248725891,0.385231614112854,0.3774250149726867,0.4679116308689117,0.4259203672409057,0.5423262715339661,0.4248638451099396,0.5623258352279663,0.4251539409160614,0.5614935159683228,0.4205573797225952,0.5543983578681946,0.4216639101505279,0.526561975479126,0.5188425183296204,0.6146747469902039,0.609190046787262,0.7102859616279602,0.6983758211135864,0.7249132394790649,0.7131422758102417,0.7294024229049683,0.7163849472999573,-0.1403881162405014,-0.1569510400295257,-0.1569999754428863,-0.1570736467838287,-0.1322972774505615,-0.1322747468948364,-0.1322621405124664,-0.1876839250326156,-0.0776562318205833,-0.1477480977773666,-0.1160155162215232,-0.2236226797103881,0.0148141263052821,-0.2506739199161529,0.1220462322235107,-0.2431638240814209,0.1646950244903564,-0.2664544582366943,0.1715150624513626,-0.2705735564231872,0.1513592004776001,-0.2429325580596923,0.155900627374649,-0.0722416043281555,0.0722276419401168,0.0319858863949775,0.1864899545907974,0.1426800191402435,0.3233024477958679,0.1507388055324554,0.3359760344028473,0.0835010334849357,0.3022401332855224,Walk-To-Chair
407,0.9988391995429992,0.9985363483428956,0.9989694356918336,0.9991695880889891,0.9968005418777466,0.9961951375007628,0.9952204823493958,0.999321699142456,0.9912399649620056,0.9993559122085572,0.9975226521492004,0.9999806880950928,0.9944943189620972,0.9961398243904114,0.0947629064321518,0.9886249303817748,0.1875731647014618,0.9759413003921508,0.2050672322511673,0.9756281971931458,0.2174178510904312,0.9643720388412476,0.2187891155481338,0.999214768409729,0.9957886338233948,0.9359117746353148,0.7135459184646606,0.9753287434577942,0.8255218267440796,0.9521430730819702,0.8358356952667236,0.9721544981002808,0.8988802433013916,0.7450847029685974,0.7504124641418457,0.751611590385437,0.7530257701873779,0.7499672174453735,0.7507639527320862,0.7516555190086365,0.7657886147499084,0.7621756792068481,0.7486224174499512,0.7469742894172668,0.7880051136016846,0.7609125375747681,0.7905375361442566,0.7561470866203308,0.7796991467475891,0.7445591688156128,0.7820567488670349,0.7427220344543457,0.7766605019569397,0.7388425469398499,0.7746817469596863,0.738652765750885,0.761264443397522,0.7508149147033691,0.7613848447799683,0.7636909484863281,0.7693310976028442,0.7822961211204529,0.7773154973983765,0.7965450882911682,0.7347474694252014,0.7512500882148743,0.3293236494064331,0.3206548988819122,0.3208880424499511,0.3211312294006347,0.3199901580810547,0.3197593092918396,0.3194678723812103,0.3281137347221374,0.3258601725101471,0.3413538038730621,0.3409741818904876,0.3852060437202453,0.377313494682312,0.4678476452827453,0.4222880601882934,0.5423042178153992,0.413579910993576,0.5622513890266418,0.4104286730289459,0.5614715814590454,0.4059418737888336,0.5542876720428467,0.4082714319229126,0.5264245867729187,0.5186658501625061,0.6144140958786011,0.6090478897094727,0.7102664113044739,0.6970570087432861,0.725053071975708,0.7117641568183899,0.7293498516082764,0.7164872884750366,-0.1260197013616562,-0.142976701259613,-0.1430079638957977,-0.1430593281984329,-0.1181721240282058,-0.1181563362479209,-0.1181461811065673,-0.1774870455265045,-0.0670744329690933,-0.1347486078739166,-0.1029263585805893,-0.218106672167778,0.0245471876114606,-0.2485583275556564,0.1268758624792099,-0.2310711145401001,0.1655623018741607,-0.2492986917495727,0.174101784825325,-0.2527899146080017,0.1553117781877517,-0.230116531252861,0.157266303896904,-0.0741091519594192,0.0740724578499794,-0.0001072053200914,0.1614505648612976,0.0865223482251167,0.2698555290699005,0.0921734869480133,0.278754323720932,0.0307593997567892,0.2459218502044677,Walk-To-Chair
408,0.998900294303894,0.9986286163330078,0.9990355968475342,0.9992238283157348,0.996973156929016,0.9964116215705872,0.9955011606216432,0.9993683099746704,0.9917506575584412,0.9993860125541688,0.9976345300674438,0.9999809861183168,0.99455988407135,0.9962111115455629,0.0896319895982742,0.9886947274208068,0.1805222332477569,0.9758389592170716,0.199391633272171,0.9755393862724304,0.2118491977453231,0.9641839265823364,0.2131370157003402,0.9991409182548524,0.9955860376358032,0.93299400806427,0.71268630027771,0.9755947589874268,0.8273554444313049,0.9525682330131532,0.8380717039108276,0.972587823867798,0.9014138579368592,0.7418893575668335,0.7473105788230896,0.748701274394989,0.7502234578132629,0.746301531791687,0.7469078302383423,0.7475730180740356,0.763572096824646,0.7592436671257019,0.7453298568725586,0.74335116147995,0.7882380485534668,0.7530127167701721,0.7902994751930237,0.7479038238525391,0.7807959318161011,0.7354241609573364,0.78248131275177,0.7321658730506897,0.776816189289093,0.7297714948654175,0.7749233841896057,0.7311012744903564,0.759935736656189,0.7429346442222595,0.7594662308692932,0.7598550319671631,0.7682491540908813,0.7831823229789734,0.7754462957382202,0.7945563793182373,0.7356137037277222,0.7517977952957153,0.3273718059062958,0.3191043436527252,0.3193449378013611,0.3195870816707611,0.3184973895549774,0.3183106780052185,0.318084716796875,0.3266598284244537,0.3246993124485016,0.3392358720302582,0.3389623761177063,0.3856253921985626,0.3764041364192962,0.4685961008071899,0.4287164509296417,0.5430743098258972,0.4457797110080719,0.5629055500030518,0.4514448940753937,0.5624191164970398,0.4478018581867218,0.5554081201553345,0.4472365975379944,0.5261670351028442,0.5179257392883301,0.615710437297821,0.6092601418495178,0.7098938822746277,0.6964130997657776,0.7245222330093384,0.7094500660896301,0.7294028997421265,0.7163888812065125,-0.1272397637367248,-0.1427615135908126,-0.1427981555461883,-0.1428574025630951,-0.1179390773177146,-0.1179205551743507,-0.1179043501615524,-0.173900693655014,-0.0621669702231884,-0.1352328807115554,-0.103209413588047,-0.2108622789382934,0.0242610871791839,-0.2330702841281891,0.098963126540184,-0.2148422449827194,0.0847400650382042,-0.2356723546981811,0.0841261371970176,-0.2394175082445144,0.0609980411827564,-0.2145123183727264,0.073222704231739,-0.0740322023630142,0.0739681050181388,-0.0040851184166967,0.1420682668685913,0.0814047306776046,0.2412317544221878,0.0860056951642036,0.2491666078567505,0.0135849323123693,0.2106152772903442,Walk-To-Chair
409,0.9989383220672609,0.9986844062805176,0.999074161052704,0.9992552399635316,0.9970897436141968,0.9965556859970092,0.9957000017166138,0.999399483203888,0.9921095967292786,0.9993973970413208,0.9977009892463684,0.9999803900718688,0.9947543144226074,0.9962721467018129,0.0848165825009346,0.9886406064033508,0.174256294965744,0.9754414558410645,0.1937255561351776,0.975159466266632,0.2059942483901977,0.963505744934082,0.2071532309055328,0.9990247488021852,0.9954890608787536,0.9334605932235718,0.711705207824707,0.9759355187416076,0.829102098941803,0.9536018371582032,0.8393105268478394,0.9730263948440552,0.9033790826797484,0.7396868467330933,0.7455922365188599,0.7470792531967163,0.7487970590591431,0.7444274425506592,0.744983971118927,0.7456409335136414,0.7617267370223999,0.7569879293441772,0.7430377006530762,0.7408031225204468,0.7844622731208801,0.7516475915908813,0.7870101928710938,0.7446553707122803,0.7791486978530884,0.7338655591011047,0.780659556388855,0.7305676937103271,0.775311291217804,0.72791588306427,0.7737668752670288,0.7296653985977173,0.7580662369728088,0.7418319582939148,0.7565879821777344,0.7546840906143188,0.7686672210693359,0.7723492383956909,0.7774244546890259,0.7839354276657104,0.7396080493927002,0.7406513690948486,0.327167809009552,0.3188829123973846,0.3191591799259186,0.3194384276866913,0.3182296752929687,0.3180285096168518,0.3177866041660309,0.3265347778797149,0.3243724703788757,0.339005172252655,0.3386858999729156,0.3857889473438263,0.3758683502674103,0.4689798057079315,0.4365720748901367,0.5433759689331055,0.4675762057304382,0.562946081161499,0.475727915763855,0.5624167919158936,0.4723874628543854,0.5554563403129578,0.4701891839504242,0.5255570411682129,0.5175730586051941,0.6157179474830627,0.6093196868896484,0.7084792256355286,0.6963348984718323,0.721462607383728,0.7095062136650085,0.7290916442871094,0.7173767685890198,-0.1282534301280975,-0.1435065865516662,-0.1435321867465973,-0.1435906141996383,-0.1181832104921341,-0.1181699186563491,-0.1181530952453613,-0.1752784550189972,-0.0625186413526535,-0.1368630677461624,-0.1041245684027671,-0.2116744071245193,0.0233800746500492,-0.2329025715589523,0.0833683311939239,-0.2179949730634689,0.057223480194807,-0.2398236989974975,0.0565501935780048,-0.2431889027357101,0.0324312970042228,-0.2177041471004486,0.0452313423156738,-0.0735564306378364,0.0734695047140121,-0.0034438665024936,0.1407079547643661,0.0852512121200561,0.2441509068012237,0.0902428105473518,0.2521883845329284,0.0187705475836992,0.2119211703538894,Walk-To-Chair
410,0.9989487528800964,0.998706579208374,0.999090611934662,0.9992696642875672,0.9971268177032472,0.9966174364089966,0.9957957863807678,0.9994158744812012,0.9923405647277832,0.9994089007377625,0.9977670311927797,0.9999812841415404,0.9950132369995116,0.9963533878326416,0.0822696462273597,0.9889093041419984,0.1721356362104416,0.9757868051528932,0.1914387196302414,0.9754666090011596,0.2037713527679443,0.9637994766235352,0.2055428028106689,0.9990407824516296,0.9955893754959106,0.9360927939414978,0.7145602107048035,0.9766196608543396,0.8288316130638123,0.95420902967453,0.8397037982940674,0.973502516746521,0.9048340916633606,0.7359454035758972,0.7412885427474976,0.7426186203956604,0.744055449962616,0.7404746413230896,0.741124153137207,0.7418433427810669,0.7567707300186157,0.7529394626617432,0.7391201257705688,0.7372890710830688,0.7792099118232727,0.7497283816337585,0.7842305898666382,0.7431432604789734,0.7766014933586121,0.7351476550102234,0.7780928611755371,0.7322368621826172,0.7726668119430542,0.7302929759025574,0.770970344543457,0.7318968176841736,0.7546840310096741,0.7405161261558533,0.7521480321884155,0.7500090003013611,0.7636694312095642,0.7741352319717407,0.777698278427124,0.7864637970924377,0.7374562621116638,0.7444521188735962,0.3272702991962433,0.3189223408699035,0.3191918730735779,0.3194609582424164,0.3182877004146576,0.3180943727493286,0.3178601562976837,0.3265272378921509,0.3243792653083801,0.3390162587165832,0.3387433886528015,0.3861099779605865,0.3763480484485626,0.4694641828536987,0.443841278553009,0.5433746576309204,0.4946306049823761,0.5629666447639465,0.5075164437294006,0.5624159574508667,0.5053959488868713,0.5555010437965393,0.5010942220687866,0.5261872410774231,0.5195777416229248,0.6208378672599792,0.611440122127533,0.7086143493652344,0.691170334815979,0.7286656498908997,0.7002814412117004,0.7293230891227722,0.7174721360206604,-0.1370948255062103,-0.1524795293807983,-0.1525117605924606,-0.1525910049676895,-0.1260335147380828,-0.1260009706020355,-0.1259885132312774,-0.1850966513156891,-0.066281534731388,-0.1459225118160247,-0.1115280762314796,-0.221104621887207,0.0184922255575656,-0.2370800226926803,0.0703675374388694,-0.2189081460237503,0.0318410098552703,-0.242234319448471,0.0269123762845993,-0.2452723234891891,0.0022216993384063,-0.2183658331632614,0.0193760860711336,-0.0734675675630569,0.0733812004327774,0.0180149897933006,0.1711468398571014,0.1307777017354965,0.307313859462738,0.1380965411663055,0.3192818164825439,0.0666595175862312,0.2838302850723266,Walk-To-Chair
411,0.998726487159729,0.9984150528907776,0.9988945722579956,0.999129354953766,0.9965373277664183,0.9959385991096495,0.995006501674652,0.9993324875831604,0.9910561442375184,0.9993181228637696,0.9974951148033142,0.999980628490448,0.9950032830238342,0.9962683320045472,0.0781448632478714,0.9885022640228271,0.1642752885818481,0.9747950434684752,0.1828265339136123,0.9743818640708924,0.194761037826538,0.9621086716651917,0.1970438063144683,0.9990134835243224,0.9955860376358032,0.9384939670562744,0.7214551568031311,0.976731777191162,0.8301838040351868,0.9529983401298524,0.8389286994934082,0.9734035134315492,0.9061566591262816,0.7340124249458313,0.7397503852844238,0.7410051822662354,0.7424591779708862,0.7392318844795227,0.739978551864624,0.7408135533332825,0.7548521757125854,0.7511950731277466,0.7367686033248901,0.7352579236030579,0.7756087183952332,0.7477284669876099,0.7812848687171936,0.7442868947982788,0.7731515169143677,0.7369123697280884,0.7746933698654175,0.7340490221977234,0.7692369222640991,0.7312760353088379,0.7670976519584656,0.732688307762146,0.7529838681221008,0.7346714735031128,0.7520482540130615,0.741155743598938,0.7621358633041382,0.7651145458221436,0.7736625075340271,0.774545431137085,0.7343868017196655,0.7354549765586853,0.3273077607154846,0.3190088272094726,0.3193150758743286,0.3196458220481872,0.3183255493640899,0.3181289434432983,0.3178979456424713,0.3270815312862396,0.3245963156223297,0.339211493730545,0.338823139667511,0.3864320516586303,0.3771218359470367,0.4696446657180786,0.4515440762042999,0.5435871481895447,0.5061719417572021,0.563633143901825,0.5210486650466919,0.562804102897644,0.5199453234672546,0.5559144616127014,0.5150498151779175,0.5291947722434998,0.5236235857009888,0.6261215209960938,0.6133957505226135,0.7086492776870728,0.6918490529060364,0.7286138534545898,0.7037443518638611,0.7295446395874023,0.718555212020874,-0.1545400470495224,-0.1708874106407165,-0.1709493398666381,-0.1710544824600219,-0.144353449344635,-0.1443067491054535,-0.1443091034889221,-0.2038758546113968,-0.0837108269333839,-0.1630134880542755,-0.1283586472272873,-0.2363999336957931,0.0029120254330337,-0.2480096817016601,0.0607247650623321,-0.2203286439180374,0.0290198531001806,-0.2432293146848678,0.0239208098500967,-0.2466630935668945,0.0001167348818853,-0.2200174629688263,0.0169782284647226,-0.0709447264671325,0.0708455592393875,0.0462242700159549,0.182562381029129,0.1799555271863937,0.3289574980735779,0.1894997954368591,0.3418145179748535,0.1185998916625976,0.3037407100200653,Walk-To-Chair
412,0.9984311461448668,0.9980262517929076,0.9986333847045898,0.9989045262336732,0.9960277676582336,0.9954347610473632,0.9944595098495485,0.9991973638534546,0.9902042150497437,0.999100148677826,0.9970393776893616,0.9999772310256958,0.9950465559959412,0.9960278868675232,0.0748124867677688,0.987220823764801,0.1572444438934326,0.972070038318634,0.1751138567924499,0.971488893032074,0.1864672154188156,0.9579111933708192,0.1887986361980438,0.9989262223243712,0.9955374002456664,0.9411563277244568,0.7184220552444458,0.977159023284912,0.8297430872917175,0.9539985060691832,0.8388709425926208,0.9736929535865784,0.9063754081726074,0.730797290802002,0.7364216446876526,0.7375092506408691,0.7387872934341431,0.7362290024757385,0.7370460629463196,0.7379326820373535,0.7508938908576965,0.7476886510848999,0.7331488132476807,0.73216712474823,0.7711614966392517,0.7465080618858337,0.7773331999778748,0.7461023926734924,0.7709742784500122,0.7416404485702515,0.7714723348617554,0.7398926615715027,0.765685498714447,0.7394667267799377,0.7639511823654175,0.7411277890205383,0.7509924173355103,0.735306441783905,0.7525732517242432,0.7378064393997192,0.7615658640861511,0.7604004740715027,0.7716964483261108,0.7698497772216797,0.7316516637802124,0.7304433584213257,0.3273063600063324,0.3190189599990845,0.3193297982215881,0.3196703195571899,0.318355530500412,0.3181840181350708,0.3179891705513,0.3272582590579986,0.3247296512126922,0.3392109870910644,0.3388162553310394,0.3852372467517853,0.3782771825790405,0.4680275321006775,0.4536165595054626,0.5414225459098816,0.5165110230445862,0.5633531212806702,0.5341993570327759,0.5625540614128113,0.5343311429023743,0.5554392337799072,0.5279451608657837,0.5290974974632263,0.5239326357841492,0.6250795722007751,0.6151702404022217,0.7085835933685303,0.6921369433403015,0.7282304763793945,0.7062186598777771,0.7312321066856384,0.7204465866088867,-0.1543603241443634,-0.1674888432025909,-0.1675504595041275,-0.1676438301801681,-0.1420211493968963,-0.1419755518436432,-0.1419341117143631,-0.1964084357023239,-0.0796182751655578,-0.1591232120990753,-0.1260527968406677,-0.2305907011032104,0.0062817186117172,-0.2459922730922699,0.0573644414544105,-0.2202890366315841,0.0224416069686412,-0.2429392635822296,0.018355268985033,-0.2454583197832107,-0.0043939375318586,-0.2194972336292266,0.0110918711870908,-0.0709360763430595,0.0708319023251533,0.0248746816068887,0.1809830963611602,0.157533973455429,0.3070298731327057,0.1685941666364669,0.3154391348361969,0.1032735556364059,0.2788677811622619,Walk-To-Chair
413,0.9980012774467468,0.997459590435028,0.9982689619064332,0.9986289143562316,0.99501633644104,0.994314193725586,0.9931196570396424,0.9990182518959044,0.9877291321754456,0.9989134073257446,0.9964439868927002,0.99997740983963,0.994986653327942,0.9959678053855896,0.0711689367890358,0.9870564937591552,0.1513896584510803,0.9716712832450868,0.1684292703866958,0.9709665775299072,0.1793035566806793,0.956731140613556,0.1822308748960495,0.9989596605300904,0.9956133961677552,0.9447025656700134,0.7206737995147705,0.9780489802360536,0.8305642604827881,0.953974425792694,0.8377056121826172,0.9743058681488036,0.9075421690940856,0.728137731552124,0.7338328957557678,0.734866201877594,0.736056387424469,0.7339463233947754,0.7349569797515869,0.7360512018203735,0.7477560639381409,0.7457271814346313,0.7301510572433472,0.729682981967926,0.768611490726471,0.7432795763015747,0.7746419310569763,0.7457706928253174,0.7670520544052124,0.7413294315338135,0.767480731010437,0.7396677732467651,0.7614855766296387,0.7391374707221985,0.7602190375328064,0.7408348321914673,0.7503811120986938,0.7322243452072144,0.7480811476707458,0.7276452779769897,0.7594909071922302,0.7485685348510742,0.7697042226791382,0.7586670517921448,0.7289110422134399,0.7230693101882935,0.3258027136325836,0.3181801438331604,0.3184709846973419,0.3188055455684662,0.3176676034927368,0.3175849616527557,0.3174877464771271,0.3266525566577911,0.324350893497467,0.337649792432785,0.3374534547328949,0.3850373327732086,0.3786788284778595,0.4679162800312042,0.455301284790039,0.5417284369468689,0.5180321335792542,0.5634984970092773,0.5349026918411255,0.562637984752655,0.5345224738121033,0.5555115938186646,0.5287030339241028,0.5294836759567261,0.5241624712944031,0.6246306896209717,0.6121766567230225,0.7085878252983093,0.6924383640289307,0.7279797792434692,0.7066802978515625,0.7312169671058655,0.7190918326377869,-0.1657986342906952,-0.1821299642324447,-0.1821896582841873,-0.1822891533374786,-0.1551114618778228,-0.1550650745630264,-0.155076190829277,-0.2166119813919067,-0.09378332644701,-0.1745088249444961,-0.1392023265361786,-0.2539058923721313,-0.0025179372169077,-0.2721125483512878,0.0549480430781841,-0.2534771561622619,0.021916652098298,-0.2810115218162536,0.0171529985964298,-0.2835099995136261,-0.0077274614013731,-0.2528925240039825,0.0095562878996133,-0.0719097405672073,0.071811094880104,0.0461208932101726,0.2096710205078125,0.1861194819211959,0.3727335631847381,0.1961368024349212,0.3871086537837982,0.1253023892641067,0.3521679043769836,Walk-To-Chair
414,0.997690498828888,0.9970678687095642,0.9980394244194032,0.9984498023986816,0.9941524267196656,0.9933286905288696,0.9917724132537842,0.9989212155342102,0.9848833084106444,0.9987784624099731,0.995814859867096,0.9999783039093018,0.9947974681854248,0.9959694743156432,0.0670458301901817,0.9873164296150208,0.1443388760089874,0.9721898436546326,0.1606689393520355,0.9714317321777344,0.1709460467100143,0.9569218158721924,0.17437145113945,0.9990217685699464,0.9958118200302124,0.9487884640693665,0.7318400144577026,0.979306697845459,0.8371825814247131,0.9538937211036682,0.8389975428581238,0.9755836129188538,0.9113221168518066,0.7234411835670471,0.7292118072509766,0.7302929162979126,0.7315303087234497,0.7291987538337708,0.7303094267845154,0.7314482927322388,0.743878960609436,0.7417932748794556,0.7261078953742981,0.7254378795623779,0.764439046382904,0.7407301068305969,0.7708655595779419,0.741397500038147,0.7615236639976501,0.733522355556488,0.7619842290878296,0.7319700121879578,0.7553357481956482,0.7305275797843933,0.7537094354629517,0.7325756549835205,0.7491067051887512,0.7294265627861023,0.7490231990814209,0.7179754972457886,0.7592354416847229,0.7322217226028442,0.7689933776855469,0.7448433637619019,0.7246478796005249,0.7064251899719238,0.3258023560047149,0.3180937170982361,0.3183751702308655,0.3187097907066345,0.3176137208938598,0.3175475895404815,0.3174681961536407,0.3266172707080841,0.324351042509079,0.337728351354599,0.337522804737091,0.3847807645797729,0.3793949484825134,0.4681355357170105,0.4552444815635681,0.5427626371383667,0.5130120515823364,0.5645296573638916,0.5292545557022095,0.5635460019111633,0.5286570191383362,0.556117594242096,0.5231608152389526,0.5307801961898804,0.5246906876564026,0.6245467662811279,0.6052696108818054,0.7083583474159241,0.68943852186203,0.7278009653091431,0.7035859227180481,0.7300958037376404,0.7143827676773071,-0.1749805659055709,-0.1926184594631195,-0.1926793307065963,-0.1927725970745086,-0.1647476255893707,-0.1646986305713653,-0.1647111624479293,-0.2293965071439743,-0.1024509295821189,-0.1848064363002777,-0.1481836438179016,-0.2679981589317322,-0.0073995674028992,-0.2905330955982208,0.0517785362899303,-0.2730360329151153,0.0152112990617752,-0.3018210828304291,0.0096913948655128,-0.3057355582714081,-0.0165505651384592,-0.2729457318782806,0.0018853943329304,-0.0733615905046463,0.0733129754662513,0.0404001474380493,0.2272066175937652,0.1756405532360077,0.4018130898475647,0.1847451031208038,0.4170524477958679,0.110489048063755,0.3834440410137176,Walk-To-Chair
415,0.997314155101776,0.9966169595718384,0.997759997844696,0.9982328414916992,0.9931511282920836,0.9921823740005492,0.9901999831199646,0.9987950921058656,0.9814444184303284,0.9985904693603516,0.9949560165405272,0.9999784231185912,0.9945327043533324,0.9957897067070008,0.0630451291799545,0.9872961640357972,0.137742668390274,0.972184121608734,0.1535704582929611,0.971375048160553,0.1632482856512069,0.9563627243041992,0.1669554710388183,0.9990783929824828,0.9960491061210632,0.9527011513710022,0.7482560276985168,0.980575680732727,0.8474080562591553,0.954148530960083,0.8438299894332886,0.9769091606140136,0.916455864906311,0.7193990349769592,0.7248064279556274,0.725906491279602,0.7271811962127686,0.7248817682266235,0.7260897159576416,0.727376401424408,0.7402610778808594,0.7385046482086182,0.7225403189659119,0.7219558954238892,0.760604977607727,0.7381259202957153,0.7668818831443787,0.7364770174026489,0.758270263671875,0.7300087213516235,0.7582865357398987,0.726866602897644,0.7516544461250305,0.7228288054466248,0.7508118152618408,0.7273389101028442,0.7476370930671692,0.725147008895874,0.7500719428062439,0.7102890014648438,0.7594709992408752,0.7181316614151001,0.7688654661178589,0.7263168096542358,0.726190447807312,0.6876534819602966,0.3258510231971741,0.3181159794330597,0.3183918297290802,0.3187190592288971,0.317632108926773,0.3175604939460754,0.3174751400947571,0.3265922367572784,0.3243571519851684,0.337749034166336,0.3376036286354065,0.3846678137779236,0.3796130716800689,0.4683142900466919,0.4552647769451141,0.5437325835227966,0.5127148032188416,0.5654009580612183,0.5272955298423767,0.5640846490859985,0.5246444344520569,0.5566428899765015,0.5208118557929993,0.5338188409805298,0.5260469317436218,0.6258503198623657,0.6006565093994141,0.7084699273109436,0.687000036239624,0.7277550101280212,0.700576663017273,0.7301353812217712,0.7100450992584229,-0.1735364347696304,-0.1917530745267868,-0.19181689620018,-0.1919081509113311,-0.1635337322950363,-0.163485512137413,-0.1635019928216934,-0.2303723096847534,-0.1018017306923866,-0.1840687692165374,-0.1469723880290985,-0.2699901461601257,-0.0056850770488381,-0.2901743054389953,0.0551515705883502,-0.2662292122840881,0.0184044204652309,-0.2938221096992492,0.0136229824274778,-0.297951877117157,-0.0127238500863313,-0.26599782705307,0.0049590719863772,-0.0739361941814422,0.0739192068576812,0.03721759095788,0.227340891957283,0.174220398068428,0.4023230671882629,0.18341925740242,0.4174283146858215,0.1093031018972396,0.3832127451896667,Walk-To-Chair
416,0.996971309185028,0.9962719082832336,0.9975317120552064,0.9980319738388062,0.992521107196808,0.9915544390678406,0.989480435848236,0.9986644983291626,0.980074107646942,0.998353123664856,0.9943044185638428,0.9999752640724182,0.9945201277732848,0.9952403903007508,0.059376522898674,0.9860320687294006,0.1310381442308426,0.9698600769042968,0.1463870555162429,0.9688318967819214,0.1554590463638305,0.95217764377594,0.1591900438070297,0.9990547299385072,0.996138334274292,0.9556987285614014,0.7617330551147461,0.9814484715461732,0.8566439747810364,0.9537992477416992,0.8486282229423523,0.977805495262146,0.921198546886444,0.7163233757019043,0.7215100526809692,0.7225409746170044,0.7237274050712585,0.7218517661094666,0.7230983972549438,0.7244567275047302,0.736822783946991,0.735668420791626,0.7196966409683228,0.7193104028701782,0.7542548775672913,0.7393044233322144,0.7593536972999573,0.738139271736145,0.7528742551803589,0.7290781140327454,0.7529836297035217,0.7255744338035583,0.7463624477386475,0.7231807112693787,0.7463113069534302,0.7260821461677551,0.7444663643836975,0.7262383699417114,0.7495146989822388,0.7087352275848389,0.7590577006340027,0.7122798562049866,0.7683157324790955,0.7189702987670898,0.7272046208381653,0.6777767539024353,0.3263194262981415,0.3184340894222259,0.3186711072921753,0.318950742483139,0.3179992139339447,0.3179122507572174,0.3177963197231293,0.3266386985778808,0.324488490819931,0.338684469461441,0.3384824693202972,0.3847864270210266,0.3796347975730896,0.4683719575405121,0.4541749656200409,0.54371577501297,0.5077464580535889,0.5653502345085144,0.5220743417739868,0.5640575289726257,0.5211460590362549,0.5566301345825195,0.5166589021682739,0.5358542799949646,0.5270746350288391,0.6262584924697876,0.6016244888305664,0.7089512348175049,0.6872328519821167,0.7278909683227539,0.7046929001808167,0.7297236323356628,0.7068052291870117,-0.1702906936407089,-0.1851876676082611,-0.1852476298809051,-0.1853545755147934,-0.1605779975652694,-0.1605176776647567,-0.1604767590761184,-0.2190040349960327,-0.0994256287813186,-0.1767252385616302,-0.1438151001930236,-0.2579022645950317,-0.0014090430922806,-0.2781543135643005,0.059536375105381,-0.2590784728527069,0.0232204850763082,-0.2861678600311279,0.0194293148815631,-0.2884856164455414,-0.0064649642445147,-0.2584024667739868,0.0100097684189677,-0.0738774091005325,0.0738642662763595,0.0242041442543268,0.1847865283489227,0.1567800343036651,0.3309016227722168,0.1643217206001281,0.3420215845108032,0.0879580527544021,0.2988271117210388,Walk-To-Chair
417,0.9969675540924072,0.9963247179985046,0.9975588321685792,0.9980444312095642,0.9925987720489502,0.9916852116584778,0.9897025227546692,0.9986671805381776,0.9803969860076904,0.9983083009719848,0.9942581653594972,0.9999740719795228,0.9946735501289368,0.9948993921279908,0.0559358410537242,0.985639989376068,0.125387966632843,0.9691231846809388,0.1402941048145294,0.967966377735138,0.1488082408905029,0.9502820372581482,0.1525951325893402,0.9990679621696472,0.9963017106056212,0.9584962725639344,0.7741997241973877,0.9825810194015504,0.8664847016334534,0.9540585279464722,0.8546942472457886,0.9790434837341307,0.9263374209403992,0.7134338021278381,0.7192659974098206,0.7202788591384888,0.7214022874832153,0.719606876373291,0.7208195924758911,0.7221017479896545,0.7334719896316528,0.7325698137283325,0.7162041664123535,0.7158398628234863,0.7475263476371765,0.7393938302993774,0.7533088326454163,0.7364426851272583,0.7428582310676575,0.7232412099838257,0.7445012331008911,0.7192249894142151,0.7382475733757019,0.71696937084198,0.7378076314926147,0.718940019607544,0.7401217818260193,0.7268894910812378,0.7459873557090759,0.7073183059692383,0.758625328540802,0.6982020139694214,0.7686169743537903,0.7051917314529419,0.7267154455184937,0.6644232273101807,0.3261512517929077,0.318446010351181,0.3186851441860199,0.3189639449119568,0.3180027306079864,0.3179128766059875,0.3177902996540069,0.3266797065734863,0.3244945406913757,0.3386780023574829,0.3384004235267639,0.3847840428352356,0.3772802650928497,0.4685462713241577,0.447729617357254,0.5438715219497681,0.4969179928302765,0.565284788608551,0.5095740556716919,0.5640461444854736,0.5106670260429382,0.5566366314888,0.5069587230682373,0.5356951355934143,0.5263601541519165,0.6257942914962769,0.6024289727210999,0.708954930305481,0.6875123977661133,0.728008508682251,0.7048729658126831,0.7285237908363342,0.7014028429985046,-0.1635089665651321,-0.1826210469007492,-0.1826275289058685,-0.1826432943344116,-0.1550256311893463,-0.1549920290708542,-0.1549965441226959,-0.2145262658596038,-0.0971636176109314,-0.1754989176988601,-0.1393119394779205,-0.2538618445396423,0.0045412234030663,-0.2737694382667541,0.0598305687308311,-0.2576526701450348,0.0286791268736124,-0.2846472859382629,0.0219348333775997,-0.2858413159847259,-0.0010235985973849,-0.2565816342830658,0.0161181055009365,-0.0742927938699722,0.0742733925580978,0.0159247536212205,0.1724976897239685,0.1388287097215652,0.3041505813598633,0.1456822901964187,0.3141367137432098,0.0722581893205642,0.2729629278182983,Walk-To-Chair
418,0.9967719912528992,0.9962044954299928,0.9974243640899658,0.9979414343833924,0.9923630952835084,0.9914594292640686,0.9896341562271118,0.9985336661338806,0.9799944162368774,0.9980669021606444,0.9937698245048524,0.9999672770500184,0.9946725964546204,0.9934181571006776,0.0526779368519783,0.9830580949783324,0.1184284836053848,0.9647290110588074,0.1327842026948928,0.9633523225784302,0.1406888216733932,0.9428113698959352,0.1445949971675872,0.9990376830101012,0.9963993430137634,0.9594438672065736,0.7804293632507324,0.9830055236816406,0.8726746439933777,0.9533683061599731,0.8568831086158752,0.9793720841407776,0.9288083910942078,0.7102319598197937,0.7162936925888062,0.7173075675964355,0.718403160572052,0.716546893119812,0.7176963090896606,0.7188901901245117,0.729736864566803,0.7288801074028015,0.7125838994979858,0.7120886445045471,0.7413638830184937,0.7397081851959229,0.7446990609169006,0.7367489337921143,0.7370481491088867,0.7201371788978577,0.7376176118850708,0.7156527638435364,0.7316970825195312,0.7125617265701294,0.7316315770149231,0.7142883539199829,0.7343159914016724,0.7267717123031616,0.7413315773010254,0.7051700353622437,0.7584992051124573,0.6898504495620728,0.768785834312439,0.700299859046936,0.7252799272537231,0.6580458879470825,0.3260437548160553,0.3184558749198913,0.3186970055103302,0.3189998865127563,0.3180064260959625,0.3179087340831756,0.3177737295627594,0.3268237709999084,0.3244999051094055,0.3386279046535492,0.3381985425949096,0.3848617970943451,0.3770970404148102,0.469930350780487,0.4481086134910583,0.5440527200698853,0.4967285096645355,0.5652475953102112,0.5092260241508484,0.563888669013977,0.5102781057357788,0.5566287636756897,0.5063249468803406,0.5353406667709351,0.5266276597976685,0.6256837248802185,0.6048182249069214,0.7089274525642395,0.6879775524139404,0.7280365824699402,0.7061078548431396,0.7284564971923828,0.6997966766357422,-0.1599011272192001,-0.180607408285141,-0.1805874705314636,-0.1805553138256073,-0.1514922678470611,-0.1514858305454254,-0.1515248119831085,-0.2128711938858032,-0.0939796194434166,-0.1744959652423858,-0.1378619372844696,-0.2541034519672394,0.0058552408590912,-0.275414764881134,0.061430525034666,-0.2526887953281402,0.0384885743260383,-0.2790221273899078,0.0403689742088317,-0.2811948657035827,0.0148138180375099,-0.2518848180770874,0.0261789560317993,-0.0756186321377754,0.0755871310830116,0.0245367232710123,0.1734942644834518,0.1592794507741928,0.3082738220691681,0.1684363186359405,0.3192940056324005,0.1030408889055252,0.2800517678260803,Walk-To-Chair
419,0.99667626619339,0.996163845062256,0.9973665475845336,0.9978885054588318,0.9923239350318908,0.991446316242218,0.9897406101226808,0.9984667897224426,0.9801440834999084,0.9979214668273926,0.9935319423675536,0.9999619126319884,0.9947574138641356,0.9925549030303956,0.049976821988821,0.981381058692932,0.113020934164524,0.9617805480957032,0.1268831640481948,0.960208296775818,0.1343098729848861,0.9375938773155212,0.1383354365825653,0.9990020394325256,0.996476948261261,0.960436224937439,0.7865532040596008,0.9834076762199402,0.8786659240722656,0.952874481678009,0.8597308397293091,0.979732096195221,0.9313206672668456,0.7062970399856567,0.7117030620574951,0.7128473520278931,0.7141161561012268,0.7118402123451233,0.7129956483840942,0.7142382860183716,0.7257580161094666,0.7246373891830444,0.7092887163162231,0.7086528539657593,0.7384791970252991,0.737088143825531,0.739723801612854,0.7340065240859985,0.7309452295303345,0.7171498537063599,0.7331000566482544,0.7129093408584595,0.7277916073799133,0.7100787162780762,0.7273625135421753,0.7116714715957642,0.731902539730072,0.7247062921524048,0.7391281127929688,0.7037929892539978,0.7581081986427307,0.6878739595413208,0.7685655355453491,0.7008340954780579,0.7247726917266846,0.6554001569747925,0.3277287185192108,0.3200024962425232,0.320248931646347,0.3205496072769165,0.3195277452468872,0.3193907141685486,0.3192244172096252,0.3278436958789825,0.325619101524353,0.3402301073074341,0.3396791517734527,0.3845028877258301,0.3771113157272339,0.4700816571712494,0.4483071863651275,0.5441884994506836,0.4959630668163299,0.5652149319648743,0.5079070329666138,0.5638772249221802,0.509322464466095,0.5566195249557495,0.5055769085884094,0.5351905226707458,0.5270254015922546,0.623795211315155,0.6060888171195984,0.7089172601699829,0.6880179643630981,0.7281152606010437,0.7081727981567383,0.7281980514526367,0.7012482285499573,-0.1495147049427032,-0.1691156774759292,-0.1691222041845321,-0.169121578335762,-0.1410018056631088,-0.1409963518381118,-0.1410371512174606,-0.2079196870326995,-0.0871783196926117,-0.1629238128662109,-0.1269107311964035,-0.2518941760063171,0.0096882758662104,-0.2739847302436828,0.0643877387046814,-0.2460592687129974,0.0456288382411003,-0.2720962762832641,0.0482203774154186,-0.2718076705932617,0.0224944502115249,-0.2449161559343338,0.0334412083029747,-0.0754773765802383,0.0754453390836715,0.023758765310049,0.1683536767959594,0.1546894460916519,0.296245276927948,0.1631091237068176,0.3062409460544586,0.0944652929902076,0.2662956416606903,Walk-To-Chair
420,0.9968491196632384,0.9963549375534058,0.9974890351295472,0.9979880452156068,0.9927131533622742,0.9918883442878724,0.9902995228767396,0.9985279440879822,0.980970025062561,0.9980068206787108,0.9937835931777954,0.9999624490737916,0.9949963688850404,0.992564618587494,0.0483618453145027,0.9816742539405824,0.1110913455486297,0.9622107148170472,0.1246123611927032,0.9606820344924928,0.1318093687295913,0.9380024075508118,0.1356839090585708,0.9990246295928956,0.9966567158699036,0.9621755480766296,0.7977304458618164,0.984123468399048,0.8857843279838562,0.952136218547821,0.863126277923584,0.98061203956604,0.9349451661109924,0.7036385536193848,0.7093502879142761,0.7106245756149292,0.7120567560195923,0.7091317772865295,0.7101441025733948,0.7112230658531189,0.723314642906189,0.7211481332778931,0.7069916129112244,0.7059251666069031,0.7382017374038696,0.7256881594657898,0.7410203814506531,0.72325599193573,0.72724449634552,0.7100615501403809,0.7275234460830688,0.7057255506515503,0.7216289639472961,0.7045084238052368,0.721505343914032,0.706265389919281,0.7316548824310303,0.7148880362510681,0.7391678094863892,0.6988649964332581,0.7580556869506836,0.6894888281822205,0.768670380115509,0.6986413598060608,0.725337564945221,0.653791069984436,0.3283656537532806,0.3206659257411957,0.3209026157855987,0.3212021589279175,0.3202895224094391,0.3201865255832672,0.3200559318065643,0.3283887803554535,0.3262658417224884,0.3409204483032226,0.3403912484645843,0.3837288320064544,0.3795638382434845,0.4696499705314636,0.4503135085105896,0.5441830158233643,0.5047557950019836,0.5651746392250061,0.5205041170120239,0.5637303590774536,0.5213701725006104,0.5564711689949036,0.5206751823425293,0.5354739427566528,0.5280846357345581,0.623782217502594,0.6064864993095398,0.7089577317237854,0.6906519532203674,0.7280935645103455,0.7117239236831665,0.7287663221359253,0.7021151781082153,-0.1385027468204498,-0.1561239957809448,-0.1561555564403534,-0.1561797559261322,-0.1293330043554306,-0.129311054944992,-0.1293398439884185,-0.1928079724311828,-0.073639340698719,-0.1497169584035873,-0.1149676293134689,-0.2385011464357376,0.0176217313855886,-0.2611730396747589,0.0651087611913681,-0.2331339865922927,0.0343245081603527,-0.2580325007438659,0.0337450392544269,-0.2589857578277588,0.0072009987197816,-0.2318494021892547,0.0213489942252635,-0.0739378854632377,0.0739087536931037,0.0032719410955905,0.16072878241539,0.1086968034505844,0.2758835256099701,0.1144234389066696,0.2840461730957031,0.0408112034201622,0.2427326887845993,Walk-To-Chair
421,0.997011423110962,0.9965357184410096,0.9976096749305724,0.9980803728103638,0.9930800795555116,0.9922900199890136,0.9907762408256532,0.9985942244529724,0.9817061424255372,0.9980955719947816,0.994034469127655,0.9999637603759766,0.9952327609062196,0.9927050471305848,0.047000091522932,0.9822148680686952,0.1101363524794578,0.963179647922516,0.1231912598013877,0.9617170095443726,0.1301774084568023,0.9391855597496032,0.1340343356132507,0.99906986951828,0.9968588948249816,0.9648627638816832,0.8100201487541199,0.9852676391601562,0.8939250111579895,0.9539011120796204,0.8692077398300171,0.9819465279579164,0.9391271471977234,0.7003196477890015,0.7057429552078247,0.7069355249404907,0.708293080329895,0.7056694626808167,0.7066810727119446,0.7077409029006958,0.7197418808937073,0.7174690961837769,0.7038227319717407,0.7028910517692566,0.7356745004653931,0.7195424437522888,0.7387126088142395,0.7171792984008789,0.7249153256416321,0.7048338651657104,0.7239660024642944,0.7005313634872437,0.7183667421340942,0.6994484066963196,0.7182428240776062,0.7013861536979675,0.7276262640953064,0.7089539766311646,0.7361054420471191,0.6962339878082275,0.7577852010726929,0.6872149705886841,0.7684082388877869,0.6940029859542847,0.7256141901016235,0.6520708799362183,0.3294966518878937,0.3215922713279724,0.3218054175376892,0.3220916986465454,0.3213238418102264,0.3212566673755646,0.321163922548294,0.3292439877986908,0.3271415531635284,0.3421155214309692,0.3417780101299286,0.3837356269359588,0.3816250264644623,0.4695002436637878,0.4547835290431976,0.5434373617172241,0.5089858174324036,0.5642520189285278,0.5251908898353577,0.5626310706138611,0.5253716707229614,0.5555900931358337,0.5232232213020325,0.5363720059394836,0.5290920734405518,0.6237868666648865,0.6086875796318054,0.7091012597084045,0.6927770376205444,0.7280460000038147,0.7135724425315857,0.7292112708091736,0.7027419209480286,-0.1408242285251617,-0.1582574248313903,-0.158292755484581,-0.1583320796489715,-0.1314953863620758,-0.1314706355333328,-0.1314970552921295,-0.1951181888580322,-0.0752472132444381,-0.1517398059368133,-0.116947554051876,-0.2385633438825607,0.0167741533368825,-0.2614724040031433,0.0656120032072067,-0.2345936745405197,0.0280828922986984,-0.2596890926361084,0.0263005942106246,-0.2610848248004913,-0.000491005659569,-0.2335496693849563,0.0148139894008636,-0.0739184319972992,0.0738894045352935,-0.0044175996445119,0.1626589596271515,0.101270355284214,0.2830010056495666,0.107078269124031,0.2949838042259216,0.0310205463320016,0.2606450915336609,Walk-To-Chair
422,0.9970526099205016,0.9965912103652954,0.9976460337638856,0.998098611831665,0.9932223558425904,0.9924421310424804,0.9909592866897584,0.9986065626144408,0.9818741679191588,0.9981063604354858,0.994095742702484,0.999964952468872,0.9954307079315186,0.99273943901062,0.0454181917011737,0.9821819067001344,0.1070033684372901,0.9630570411682128,0.1194215416908264,0.961580455303192,0.1260339766740799,0.9383092522621156,0.1299805492162704,0.9991146326065063,0.9970208406448364,0.967271089553833,0.8170429468154907,0.9863047003746032,0.8998249769210815,0.955883800983429,0.8730564713478088,0.9831753969192504,0.9422236084938048,0.696505069732666,0.7016118764877319,0.7026945352554321,0.7038852572441101,0.7017143964767456,0.7027767300605774,0.7038940191268921,0.7155413031578064,0.7138949632644653,0.699984610080719,0.6994269490242004,0.728556752204895,0.7200046181678772,0.734686017036438,0.7153475284576416,0.7207632660865784,0.700963020324707,0.7195664644241333,0.6964300870895386,0.714360773563385,0.6943723559379578,0.7142499685287476,0.6966472864151001,0.7204524874687195,0.7091130018234253,0.7322090864181519,0.6938196420669556,0.7560282945632935,0.6878296136856079,0.7672362327575684,0.6949381232261658,0.724383533000946,0.6533313393592834,0.330837607383728,0.322659283876419,0.3228313028812408,0.3230514526367187,0.3224800527095794,0.3224416375160217,0.322357028722763,0.3300303220748901,0.3281049728393554,0.343283861875534,0.3432117998600006,0.3836553394794464,0.3818039894104004,0.4694912135601043,0.4548774659633636,0.5428665280342102,0.5094740390777588,0.5628316402435303,0.5246258974075317,0.560940682888031,0.5249205231666565,0.5545673370361328,0.5209686160087585,0.5359388589859009,0.5295353531837463,0.6225220561027527,0.6086636781692505,0.7091025710105896,0.6944190859794617,0.7277454137802124,0.7147756218910217,0.7290946841239929,0.7034544348716736,-0.1519916355609893,-0.1704893857240677,-0.170522540807724,-0.1705653518438339,-0.1424917727708816,-0.1424650847911834,-0.1424829810857772,-0.2096368968486786,-0.0831207484006881,-0.1629473268985748,-0.1263421177864074,-0.2525992393493652,0.0144121898338198,-0.2760426998138428,0.0640284344553947,-0.2525198459625244,0.0237708222121,-0.2793877124786377,0.0219547152519226,-0.2801243662834167,-0.0049588908441364,-0.2512443363666534,0.0103969778865575,-0.0757974758744239,0.075777567923069,-4.715910472441465e-05,0.1947476118803024,0.1110629066824913,0.3449530899524688,0.1176439076662063,0.357036679983139,0.0426481440663337,0.3173443973064422,Walk-To-Chair
423,0.9971898198127748,0.99675053358078,0.9977537393569946,0.998177170753479,0.9935470819473268,0.9927917718887328,0.9913920760154724,0.9986686706542968,0.9826398491859436,0.9981813430786132,0.9943596124649048,0.9999666810035706,0.9956727027893066,0.99299156665802,0.0446793921291828,0.9826387763023376,0.1046487465500831,0.9638015627861024,0.1162664294242858,0.9623590111732484,0.1226276829838752,0.9390040040016174,0.126757726073265,0.9991355538368224,0.9971389174461364,0.9691376686096193,0.8207761645317078,0.9871137738227844,0.904594361782074,0.9571792483329772,0.8766713738441467,0.9841607213020324,0.944633722305298,0.693249523639679,0.6981993913650513,0.6993123292922974,0.7005719542503357,0.6981315016746521,0.699109673500061,0.7002135515213013,0.7119961977005005,0.7103959918022156,0.6964778900146484,0.6958222985267639,0.7268113493919373,0.7177953720092773,0.7306263446807861,0.7090126276016235,0.716362476348877,0.6942863464355469,0.7152575254440308,0.6893924474716187,0.7090591192245483,0.6877902150154114,0.7090544700622559,0.6929219961166382,0.7160819172859192,0.7074155807495117,0.7270753383636475,0.693719208240509,0.7537604570388794,0.6868801116943359,0.7653547525405884,0.6943448781967163,0.723030686378479,0.6525232791900635,0.3312733769416809,0.3230122327804565,0.3231519162654876,0.3233287632465362,0.3228300213813782,0.3227670788764953,0.3226520717144012,0.3300264775753021,0.3281656503677368,0.3435225486755371,0.3434670567512512,0.3829959034919739,0.3816109597682953,0.4693590104579925,0.4545220136642456,0.5427002310752869,0.510135293006897,0.5620914101600647,0.525638222694397,0.5603431463241577,0.5260588526725769,0.5540717244148254,0.5232904553413391,0.533990204334259,0.5294110774993896,0.6206993460655212,0.6086700558662415,0.7090200185775757,0.6946696043014526,0.7263848781585693,0.7153314352035522,0.729086697101593,0.7040045857429504,-0.1468421667814254,-0.1649127304553985,-0.1649442017078399,-0.1649800240993499,-0.1371888518333435,-0.1371656954288482,-0.1371805667877197,-0.2033061683177948,-0.0777062103152275,-0.1573908030986786,-0.1210983991622924,-0.2491028606891632,0.0178836286067962,-0.2744796872138977,0.0645340532064437,-0.25002321600914,0.0251009576022624,-0.2764023244380951,0.0232248771935701,-0.2776291072368622,-0.0033547386992722,-0.2489306628704071,0.0118715278804302,-0.0764072015881538,0.0763997212052345,-0.007052029017359,0.1785315573215484,0.0994694605469703,0.3134684264659881,0.1056691035628318,0.3232035040855407,0.0317293815314769,0.277466207742691,Walk-To-Chair
424,0.9974106550216676,0.996999740600586,0.997925877571106,0.9983131885528564,0.9940563440322876,0.993357241153717,0.9920641183853148,0.9987682104110718,0.9839450716972352,0.99831885099411,0.99479079246521,0.9999691247940063,0.9959631562232972,0.9933130145072936,0.0455651953816413,0.9832262992858888,0.1061621606349945,0.9649198651313782,0.1169185265898704,0.9635518789291382,0.1232261136174202,0.940476894378662,0.1274048835039138,0.9991966485977172,0.997314453125,0.9716187119483948,0.8262746930122375,0.988175332546234,0.9096382260322572,0.959894359111786,0.8805550336837769,0.9854142069816588,0.9473205804824828,0.6907161474227905,0.6954787969589233,0.6965206861495972,0.6976748704910278,0.6954975128173828,0.6965040564537048,0.6976331472396851,0.7086858749389648,0.707553505897522,0.6936551928520203,0.6934049725532532,0.7248610258102417,0.7143117189407349,0.728186845779419,0.7056006789207458,0.7124281525611877,0.6920177936553955,0.7111650705337524,0.6868875026702881,0.7054838538169861,0.6883172392845154,0.7055614590644836,0.6902966499328613,0.7135683298110962,0.700741171836853,0.7244059443473816,0.6916716694831848,0.7540380954742432,0.6866567730903625,0.7655155658721924,0.6955050230026245,0.7227569818496704,0.6530787944793701,0.3309172391891479,0.3227723836898803,0.3228540122509002,0.3229580223560333,0.3226920068264007,0.3226560950279236,0.3225661814212799,0.329005092382431,0.3276513814926147,0.3426789343357086,0.3428866565227508,0.3799634873867035,0.3803736567497253,0.4675557017326355,0.4543465375900268,0.5413051843643188,0.5105701088905334,0.5606096982955933,0.5265988111495972,0.5592153668403625,0.5295534729957581,0.5527654886245728,0.5230265259742737,0.5295189619064331,0.5254323482513428,0.617388129234314,0.6083410978317261,0.7088184952735901,0.6948389410972595,0.72577303647995,0.7156745791435242,0.7289820313453674,0.7044728398323059,-0.134469985961914,-0.1514655649662017,-0.1515045911073684,-0.1515425741672516,-0.1246450692415237,-0.1246196031570434,-0.1246303543448448,-0.1878934204578399,-0.0662829130887985,-0.1447218805551529,-0.1096007972955703,-0.2351830005645752,0.0242600180208683,-0.2614053189754486,0.0669261962175369,-0.2423388212919235,0.0259837545454502,-0.267836719751358,0.0238797664642334,-0.2696441113948822,-0.0024112581741064,-0.2412441968917846,0.0128714349120855,-0.0769204050302505,0.0769209563732147,-0.0491157844662666,0.1761846542358398,0.0185120850801467,0.2984592020511627,0.0205261632800102,0.3067325949668884,-0.0589678771793842,0.2639266550540924,Walk-To-Chair
425,0.9976191520690918,0.9972368478775024,0.9980891942977904,0.9984432458877563,0.994537889957428,0.9938916563987732,0.9927024841308594,0.9988642930984496,0.9852227568626404,0.9984471201896667,0.995194673538208,0.9999709725379944,0.9962169528007508,0.993566632270813,0.046812605112791,0.9835413694381714,0.1078013852238655,0.9655156135559082,0.1179676204919815,0.964183270931244,0.1242380663752555,0.941111147403717,0.1285387128591537,0.9992403984069824,0.9974617958068848,0.9738928079605104,0.833384096622467,0.9891520738601683,0.9151833653450012,0.9627602100372314,0.8855729699134827,0.986564874649048,0.950043797492981,0.6885702610015869,0.693297803401947,0.694308340549469,0.6954479217529297,0.6933344602584839,0.6943151950836182,0.6954245567321777,0.7064539194107056,0.7052221298217773,0.6912810206413269,0.6909552812576294,0.722488284111023,0.7104460597038269,0.7253994941711426,0.702305257320404,0.7075634002685547,0.6868132948875427,0.7068437337875366,0.6815351247787476,0.7010546922683716,0.6805070042610168,0.7004677057266235,0.6867974400520325,0.709945559501648,0.6982223391532898,0.7175584435462952,0.6878758072853088,0.7521862387657166,0.6856921911239624,0.7649437785148621,0.6955498456954956,0.7211918830871582,0.6518541574478149,0.3308583498001098,0.3224810659885406,0.322528064250946,0.3225928246974945,0.3223983645439148,0.3223358392715454,0.3222201764583587,0.3283305168151855,0.3269560933113098,0.3423966467380523,0.3426235020160675,0.3788686692714691,0.3798992931842804,0.4652513265609741,0.451714813709259,0.5388544797897339,0.508144199848175,0.5583388209342957,0.5244749188423157,0.5569564700126648,0.5265577435493469,0.5502545237541199,0.5224125981330872,0.5252365469932556,0.5229997634887695,0.6132506728172302,0.606124997138977,0.7077944874763489,0.6947101950645447,0.7231581211090088,0.7154788374900818,0.7289316058158875,0.7049129009246826,-0.1143712773919105,-0.1302057206630706,-0.1302426159381866,-0.1302759200334549,-0.1042585596442222,-0.1042367592453956,-0.104249395430088,-0.1649817526340484,-0.0474719181656837,-0.1243637427687645,-0.0904494449496269,-0.2133191525936126,0.0377382561564445,-0.2432684451341629,0.0768036767840385,-0.2281411439180374,0.0314874425530433,-0.2526282668113708,0.0293647553771734,-0.2544366717338562,0.0042962562292814,-0.2271587550640106,0.0187867991626262,-0.0768031701445579,0.0768020302057266,-0.0617500245571136,0.1499645411968231,-0.0033456396777182,0.2417190968990326,-0.0019398285076022,0.246961623430252,-0.0762646943330764,0.204677939414978,Walk-To-Chair
426,0.9978080987930298,0.997446060180664,0.9982333779335022,0.9985578060150146,0.9949567317962646,0.9943526983261108,0.9932488203048706,0.9989508986473083,0.9862908720970154,0.998566210269928,0.9955590963363647,0.9999730587005616,0.996476709842682,0.9938410520553588,0.0480769909918308,0.9840797185897828,0.111258178949356,0.9665938019752502,0.1212264224886894,0.965323805809021,0.1276255398988723,0.9426693320274352,0.1320040076971054,0.9992890357971193,0.997630536556244,0.975919783115387,0.8399428129196167,0.9900625944137572,0.9207345247268676,0.9652356505393982,0.8906862139701843,0.9876502156257628,0.9529637098312378,0.6848732829093933,0.6900197267532349,0.6910557746887207,0.6922220587730408,0.6899335980415344,0.690847635269165,0.6918429136276245,0.7036355137825012,0.7014582753181458,0.6877821683883667,0.6870571374893188,0.7190492749214172,0.7033290266990662,0.7223507761955261,0.6970008015632629,0.7028257846832275,0.6826210618019104,0.7013489007949829,0.6774636507034302,0.6962121725082397,0.6763928532600403,0.6960588693618774,0.6828117370605469,0.7068389654159546,0.6913528442382812,0.7128809690475464,0.6841205358505249,0.750937819480896,0.6844341158866882,0.7637763023376465,0.6940009593963623,0.7206902503967285,0.6517659425735474,0.3303895592689514,0.3218198120594024,0.3218747675418854,0.3219467103481293,0.3216709196567535,0.3215871155261993,0.3214505612850189,0.3277014493942261,0.3260890245437622,0.3418626487255096,0.3420842289924621,0.3772551715373993,0.3790135979652405,0.4638907015323639,0.4482434391975403,0.5372941493988037,0.5037807822227478,0.5564883947372437,0.5205175876617432,0.5545564293861389,0.5215135812759399,0.5479634404182434,0.5203259587287903,0.521348774433136,0.519680380821228,0.6114723682403564,0.6039067506790161,0.7050376534461975,0.6944435238838196,0.7176810503005981,0.7146921157836914,0.7288464903831482,0.7049867510795593,-0.1190311163663864,-0.1351727396249771,-0.1352078020572662,-0.1352415382862091,-0.1091831102967262,-0.1091595664620399,-0.1091695055365562,-0.1692021042108535,-0.0513944439589977,-0.1285400837659835,-0.094548299908638,-0.2167624235153198,0.0362242273986339,-0.2455067634582519,0.0772200599312782,-0.2264665365219116,0.0315267667174339,-0.2504569888114929,0.029482489451766,-0.2523227334022522,0.0043708318844437,-0.2252619564533233,0.0188360791653394,-0.0770106464624404,0.0770054906606674,-0.0650133341550827,0.1438580304384231,-0.0082908635959029,0.2351240217685699,-0.0071586919948458,0.2403130531311035,-0.0834295600652694,0.1971253603696823,Walk-To-Chair
427,0.9979058504104614,0.99753737449646,0.9982935190200806,0.9986013770103456,0.99514639377594,0.9945549368858336,0.9935113787651062,0.9989830851554872,0.9867528676986694,0.9986077547073364,0.995718240737915,0.9999741911888124,0.9966731667518616,0.99382084608078,0.0483161620795726,0.9835634827613832,0.1120040342211723,0.965864896774292,0.1222507655620575,0.9646260738372804,0.1287034451961517,0.9413717985153198,0.1331162750720977,0.9993228316307068,0.9977726936340332,0.9772325754165648,0.8355259299278259,0.9907580018043518,0.9231595396995544,0.9672266840934752,0.8932920694351196,0.9884650707244872,0.9541999101638794,0.6829017996788025,0.6878179311752319,0.6889626979827881,0.6901968717575073,0.6874514818191528,0.6882647275924683,0.689126193523407,0.7012465596199036,0.6983717679977417,0.6862661242485046,0.6851209402084351,0.7166509628295898,0.7012997269630432,0.7174538373947144,0.6950225830078125,0.6980226039886475,0.6814817190170288,0.6981463432312012,0.6770361065864563,0.6924600005149841,0.6758071184158325,0.6921113133430481,0.6788721680641174,0.7035971879959106,0.6910109519958496,0.7047117352485657,0.6837598085403442,0.744249701499939,0.6846623420715332,0.7619921565055847,0.6942676901817322,0.717960774898529,0.651972234249115,0.3303298056125641,0.3216093778610229,0.3216685056686401,0.321744441986084,0.3213793933391571,0.3212362825870514,0.3210369348526001,0.3274687826633453,0.3256635069847107,0.3417605757713318,0.3419156074523926,0.375951200723648,0.3783389031887054,0.4601884186267853,0.4449065625667572,0.5347961783409119,0.4963507354259491,0.5535396933555603,0.51124107837677,0.5512993335723877,0.5112720131874084,0.5446339249610901,0.5070655345916748,0.5186895132064819,0.516954779624939,0.6110292077064514,0.6026561856269836,0.7010771036148071,0.6939217448234558,0.7098117470741272,0.7129733562469482,0.7287824749946594,0.7050344347953796,-0.1087009087204933,-0.1245566830039024,-0.1245931535959243,-0.1246260628104209,-0.0989562273025512,-0.0989336892962455,-0.0989508628845214,-0.1594137251377105,-0.0433646664023399,-0.1187022700905799,-0.08522629737854,-0.2104179114103317,0.042411632835865,-0.2436062097549438,0.0809497386217117,-0.2277881801128387,0.0363345481455326,-0.2521678805351257,0.0353534892201423,-0.2526434957981109,0.0110637433826923,-0.2263120859861374,0.0242149922996759,-0.0778773650527,0.0778611823916435,-0.0661337599158287,0.1329618394374847,-0.0070456638932228,0.2165858000516891,-0.004915758036077,0.2213561534881591,-0.0728413984179496,0.1803342401981353,Walk-To-Chair
428,0.9980616569519044,0.997722864151001,0.9984191060066224,0.9987040162086488,0.9955068826675416,0.9949488639831544,0.9939903020858764,0.9990586638450624,0.9877303242683412,0.9987112879753112,0.99604070186615,0.9999759197235109,0.9968751072883606,0.9940213561058044,0.04807049036026,0.9838250279426576,0.1107664257287979,0.9664087891578674,0.1210996583104133,0.9652276039123536,0.1274301409721374,0.9420040249824524,0.1319113224744796,0.9993596076965332,0.9978957176208496,0.9787395000457764,0.835071325302124,0.9914892315864564,0.925231158733368,0.969472587108612,0.8956405520439148,0.9893279671669006,0.9555477499961852,0.6803559064865112,0.6855663061141968,0.6867157220840454,0.687903642654419,0.6851226687431335,0.6859115362167358,0.6867448091506958,0.6988787651062012,0.6960628032684326,0.6834264397621155,0.6822768449783325,0.7113302946090698,0.7001950144767761,0.7136261463165283,0.6907529830932617,0.6946377158164978,0.6749927401542664,0.6938472986221313,0.6702617406845093,0.6884464621543884,0.6685221791267395,0.6881828308105469,0.6708792448043823,0.6972885131835938,0.6882879734039307,0.6996127367019653,0.6823123693466187,0.739535391330719,0.6859108209609985,0.7577536702156067,0.6943780779838562,0.7158370018005371,0.6533718705177307,0.3296633958816528,0.3211103677749634,0.3212178945541382,0.3213380873203277,0.3207785487174988,0.3206219673156738,0.3204185366630554,0.3272145986557007,0.3252712488174438,0.3411790728569031,0.3411665260791778,0.3759237825870514,0.3777155578136444,0.4603012204170227,0.4432945549488067,0.5344231724739075,0.4906173646450043,0.5522845387458801,0.5036745071411133,0.5499895215034485,0.5029681921005249,0.5435982346534729,0.4986099302768707,0.5193316340446472,0.5164563059806824,0.6111342310905457,0.6027224659919739,0.6977767944335938,0.693344235420227,0.7045636773109436,0.7110881805419922,0.7284164428710938,0.7050023674964905,-0.1175357699394226,-0.1339422017335891,-0.1339792311191558,-0.1340177059173584,-0.1077965646982193,-0.1077726706862449,-0.1077883839607238,-0.1695127785205841,-0.0510533936321735,-0.1275833547115326,-0.0934050604701042,-0.2157533466815948,0.0378741957247257,-0.2441702634096145,0.0820933952927589,-0.2299267947673797,0.0464852675795555,-0.2545893490314483,0.0481238476932048,-0.254252016544342,0.023893229663372,-0.2270226925611496,0.0347710102796554,-0.0802550390362739,0.0802310407161712,-0.0584590137004852,0.1484307795763015,0.0085566695779562,0.219838261604309,0.0116129461675882,0.2268507480621338,-0.0564774647355079,0.2069168835878372,Walk-To-Chair
429,0.9982040524482728,0.9978970289230348,0.9985363483428956,0.9988005757331848,0.9958556890487672,0.9953364729881288,0.9944663643836976,0.9991281628608704,0.9887145757675172,0.998804211616516,0.9963441491127014,0.999977171421051,0.997066080570221,0.99415922164917,0.0477528348565101,0.983781099319458,0.1100414097309112,0.9662635922431946,0.1208138614892959,0.96507328748703,0.1269534230232238,0.9415709376335144,0.1314335465431213,0.999380588531494,0.9979709982872008,0.9793258905410768,0.8214753866195679,0.9918675422668456,0.9203970432281494,0.9712886214256288,0.8931038975715637,0.98977130651474,0.9537484049797058,0.6780586242675781,0.6833004951477051,0.6845690011978149,0.6859208941459656,0.6827055811882019,0.6834891438484192,0.6844093203544617,0.6967380046844482,0.6940251588821411,0.6817141771316528,0.6803199648857117,0.7095019817352295,0.6986695528030396,0.7129980325698853,0.6915130019187927,0.6940851211547852,0.6743364930152893,0.6929894685745239,0.6692773103713989,0.6871777772903442,0.6669567227363586,0.6867884397506714,0.6694580912590027,0.6948038339614868,0.6859930753707886,0.6919864416122437,0.6830454468727112,0.7279561758041382,0.6872233748435974,0.7478843331336975,0.695367693901062,0.7085666656494141,0.6542425155639648,0.3296414017677307,0.3211067020893097,0.3212235569953918,0.321358323097229,0.3207676112651825,0.3206146955490112,0.320412665605545,0.3272595405578613,0.3253035843372345,0.3411872684955597,0.3411580920219421,0.3761676847934723,0.3779166936874389,0.4607696235179901,0.4437735974788666,0.5342538952827454,0.4912329316139221,0.5518251657485962,0.5038151741027832,0.5497993230819702,0.5032731294631958,0.543355405330658,0.4990892112255096,0.5189117193222046,0.5161641240119934,0.6114979982376099,0.6027639508247375,0.6967944502830505,0.6916927099227905,0.7042192220687866,0.7080492377281189,0.7276502847671509,0.7041655778884888,-0.1167481169104576,-0.1330506652593612,-0.133076474070549,-0.1331107467412948,-0.1069967970252037,-0.1069778203964233,-0.1069901585578918,-0.1695098429918289,-0.0520771853625774,-0.1273873895406723,-0.0934743732213974,-0.2188986539840698,0.0382003709673881,-0.2468529194593429,0.0847058296203613,-0.2309948205947876,0.0515113770961761,-0.2557750046253204,0.0538901276886463,-0.2553258836269378,0.0294799115508794,-0.2286519557237625,0.0398175604641437,-0.0806450098752975,0.0806088373064994,-0.0493923686444759,0.149581640958786,0.0220278166234493,0.2500197291374206,0.0258029736578464,0.257652223110199,-0.0402270480990409,0.2207922637462616,Walk-To-Chair
430,0.9983108043670654,0.9980405569076538,0.9986295700073242,0.9988787174224854,0.99613219499588,0.9956381916999816,0.9948500990867616,0.9991856217384338,0.9895485639572144,0.9988825917243958,0.9965983629226683,0.9999781847000122,0.9972216486930848,0.9940782189369202,0.0467267669737339,0.9832959771156312,0.1072437316179275,0.9654389023780824,0.118584007024765,0.9642380475997924,0.124463103711605,0.9401432275772096,0.1292631030082702,0.999393880367279,0.9980106949806212,0.9785575270652772,0.798976480960846,0.9919503331184388,0.9094488620758056,0.9726852774620056,0.8873048424720764,0.9898234009742736,0.9489521384239196,0.6746771335601807,0.6800198554992676,0.6813850998878479,0.6829079389572144,0.6792421936988831,0.6799778938293457,0.6808740496635437,0.6940393447875977,0.6913487315177917,0.6779055595397949,0.6766940951347351,0.7072584629058838,0.6953919529914856,0.7098198533058167,0.6887177228927612,0.6917355060577393,0.6710496544837952,0.691399872303009,0.6661635637283325,0.6857003569602966,0.6637251973152161,0.6849856972694397,0.6661184430122375,0.6907052397727966,0.6832625865936279,0.6836720108985901,0.6808785200119019,0.7213389277458191,0.6879736185073853,0.7391956448554993,0.6962285041809082,0.6995323896408081,0.6544523239135742,0.329345554113388,0.3208989202976227,0.3210548758506775,0.3212295472621918,0.3204349279403686,0.3202502131462097,0.3200262486934662,0.327224999666214,0.3252502977848053,0.3409004807472229,0.340731143951416,0.3763198554515838,0.3779082000255584,0.4599050283432007,0.4440685212612152,0.533315896987915,0.4920886158943176,0.5502345561981201,0.5046274065971375,0.5486211180686951,0.5041211247444153,0.5423572063446045,0.4999777972698211,0.5192262530326843,0.5154548287391663,0.6117829084396362,0.6027995944023132,0.696198046207428,0.6901041865348816,0.7044485211372375,0.7029725909233093,0.7275775074958801,0.703795313835144,-0.1196239367127418,-0.1360926479101181,-0.1361212432384491,-0.1361590176820755,-0.1098471879959106,-0.1098267659544944,-0.1098392158746719,-0.1720350831747055,-0.0539582446217536,-0.1301220506429672,-0.0959875136613845,-0.2192376852035522,0.0365026593208313,-0.2481356114149093,0.083182081580162,-0.2313118427991867,0.049463678151369,-0.2559893727302551,0.0521892011165618,-0.255892813205719,0.0275635328143835,-0.2295353412628173,0.0377353765070438,-0.0811278894543647,0.0810871720314025,-0.0456533432006835,0.1563078463077545,0.0293916203081607,0.2552189826965332,0.0334501788020134,0.2617385983467102,-0.0275060888379812,0.2369284331798553,Walk-To-Chair
431,0.998340368270874,0.998110055923462,0.9986774325370787,0.9989181756973268,0.9962258338928224,0.9957375526428224,0.9949744939804076,0.9992217421531676,0.990006148815155,0.9989149570465088,0.9966870546340942,0.9999786615371704,0.9971155524253844,0.9940487146377563,0.0451604537665843,0.9831995964050292,0.1038513407111167,0.9652047157287598,0.1160680204629898,0.9640084505081176,0.1218562126159668,0.9399251937866212,0.1266798973083496,0.9993371367454528,0.997797429561615,0.9765986800193788,0.7818736433982849,0.9915744662284852,0.9010043144226074,0.9735140204429626,0.8818410634994507,0.98954039812088,0.945517122745514,0.6726574897766113,0.6779250502586365,0.6793057918548584,0.6807782053947449,0.6770606637001038,0.6777225732803345,0.6784682273864746,0.6919304728507996,0.6884632110595703,0.6762945055961609,0.6749910116195679,0.7065194249153137,0.6915040016174316,0.7092260122299194,0.682191014289856,0.6905121803283691,0.6639631390571594,0.6897006630897522,0.6594422459602356,0.6845899820327759,0.6561853885650635,0.6840184330940247,0.6581092476844788,0.6882683038711548,0.6797220706939697,0.6810778379440308,0.6780227422714233,0.7065555453300476,0.688136637210846,0.7217346429824829,0.6968948245048523,0.68232262134552,0.6547106504440308,0.3293324410915375,0.320895254611969,0.3210574984550476,0.3212441205978393,0.3204301297664642,0.3202433288097381,0.3200137317180633,0.3273267149925232,0.3252815902233124,0.3408899903297424,0.340659886598587,0.3764114677906036,0.3777584433555603,0.460006982088089,0.441500186920166,0.5329943895339966,0.4724721610546112,0.549833357334137,0.4803534150123596,0.5483192801475525,0.4774969518184662,0.5422237515449524,0.4750360548496246,0.519408106803894,0.5143135190010071,0.6119534969329834,0.6029564142227173,0.6961392760276794,0.6878259181976318,0.7053990960121155,0.7017527222633362,0.7234792709350586,0.7038113474845886,-0.1207741945981979,-0.1370744258165359,-0.1371006667613983,-0.137151151895523,-0.1126245409250259,-0.112610325217247,-0.1126227006316185,-0.1735097765922546,-0.0611302144825458,-0.1307116001844406,-0.0981946736574173,-0.2204628735780716,0.0314270369708538,-0.2435636967420578,0.0888925865292549,-0.2264630496501922,0.0767214745283126,-0.2499511241912841,0.0813947170972824,-0.2499345541000366,0.0585270896553993,-0.2247268706560135,0.0660161077976226,-0.0788935273885726,0.0788514465093612,-0.0060607907362282,0.1574689894914627,0.0867707207798957,0.2593969702720642,0.0929612293839454,0.264614075422287,0.033551774919033,0.2392546236515045,Walk-To-Chair
432,0.9983172416687012,0.9980377554893494,0.9986216425895692,0.9988803267478944,0.996114194393158,0.9955707788467408,0.9948149919509888,0.9991674423217772,0.9894365072250366,0.9988794326782228,0.9966000914573668,0.9999787211418152,0.9970737099647522,0.994311511516571,0.0505972206592559,0.9839986562728882,0.1164304763078689,0.9667223691940308,0.1283261477947235,0.9656174778938292,0.1348940879106521,0.9426416754722596,0.1391710788011551,0.999242901802063,0.9974994659423828,0.9739618897438048,0.7675018906593323,0.9905751347541808,0.894932210445404,0.9725427627563475,0.8770721554756165,0.9884638786315918,0.9418456554412842,0.6734597086906433,0.678364634513855,0.6799740195274353,0.6816563010215759,0.6768308281898499,0.6771713495254517,0.6775602698326111,0.6920292973518372,0.6861706972122192,0.6778205633163452,0.6758259534835815,0.7094491720199585,0.6818887591362,0.7103885412216187,0.674415111541748,0.6923576593399048,0.6547815203666687,0.6903067231178284,0.6486020684242249,0.6849603056907654,0.648579478263855,0.6848958134651184,0.6503161191940308,0.6900144815444946,0.6743633151054382,0.6773172616958618,0.6717203259468079,0.6947389841079712,0.6871341466903687,0.7067650556564331,0.6958580017089844,0.6673972606658936,0.6553096771240234,0.3293364644050598,0.3209344744682312,0.3210979104042053,0.3212963342666626,0.3204812109470367,0.3202995657920837,0.3200854361057281,0.3273289501667022,0.3252834975719452,0.3408882021903991,0.3406524360179901,0.3765091598033905,0.3777594268321991,0.4586729705333709,0.4436161816120147,0.5327920317649841,0.4728035926818847,0.5498729348182678,0.4864179491996765,0.5482568144798279,0.4847770035266876,0.542197048664093,0.4852508306503296,0.5174533128738403,0.5130103230476379,0.6115300059318542,0.6030257940292358,0.6964989304542542,0.6879966259002686,0.70892733335495,0.7019633054733276,0.7207365036010742,0.7051522731781006,-0.1067201867699623,-0.1194101348519325,-0.1194565743207931,-0.119502305984497,-0.0968581289052963,-0.0968391522765159,-0.0968695133924484,-0.142808586359024,-0.0414144396781921,-0.1124875098466873,-0.0831334441900253,-0.1886789500713348,0.0389938727021217,-0.2207411825656891,0.0865856558084487,-0.2218189537525177,0.0587513633072376,-0.24549300968647,0.0542312338948249,-0.2479566782712936,0.0318539254367351,-0.2212332487106323,0.0474686361849308,-0.0739516392350196,0.0739053934812545,-0.0154038099572062,0.1247721314430236,0.0687775462865829,0.2087284624576568,0.0741729661822319,0.2146015465259552,0.0097609525546431,0.1747047901153564,Walk-To-Chair
433,0.9983913898468018,0.9981130957603456,0.998671531677246,0.9989222288131714,0.9962745904922484,0.9957489967346193,0.9950512647628784,0.9991886019706726,0.9898635149002076,0.9989174008369446,0.9967447519302368,0.9999794960021972,0.9971612691879272,0.9945809245109558,0.0579795874655246,0.9847190976142884,0.1336569041013717,0.9680702686309814,0.1450700908899307,0.9670128226280212,0.1525990813970565,0.9450170993804932,0.1558787524700164,0.9992207288742064,0.9973394274711608,0.971773326396942,0.7519531846046448,0.9899157881736756,0.8873299360275269,0.972316563129425,0.8716963529586792,0.9877445697784424,0.937453031539917,0.6728705167770386,0.6780387759208679,0.6797407865524292,0.6814607977867126,0.6762364506721497,0.6765998601913452,0.6770442128181458,0.6911591291427612,0.6856652498245239,0.677797794342041,0.6753506660461426,0.7075299620628357,0.6827496290206909,0.7077690362930298,0.6751267313957214,0.6909995675086975,0.6530070900917053,0.6899132132530212,0.64832603931427,0.6838167309761047,0.6467732191085815,0.6835504174232483,0.6506203413009644,0.6871210932731628,0.6737204790115356,0.6728807687759399,0.6715737581253052,0.6843937635421753,0.6859241724014282,0.6951985359191895,0.6958403587341309,0.6548019647598267,0.6556679010391235,0.3295684456825256,0.3209318220615387,0.321096807718277,0.3212990760803222,0.3204912841320038,0.3203258514404297,0.3201369047164917,0.3273290395736694,0.325317919254303,0.3410887122154236,0.3408735692501068,0.3762309849262237,0.3788982629776001,0.4575515985488891,0.4461166560649872,0.5314509272575378,0.4774696230888366,0.5486363768577576,0.4891519248485565,0.5473248362541199,0.4883669018745422,0.5411956310272217,0.489749014377594,0.5174279808998108,0.5130842924118042,0.6102160215377808,0.6028199791908264,0.6967872977256775,0.6882205605506897,0.711776614189148,0.7026783227920532,0.7203499674797058,0.7074382901191711,-0.0982948094606399,-0.1115008145570755,-0.1115425378084182,-0.1115789860486984,-0.0880495905876159,-0.0880295112729072,-0.0880519747734069,-0.1372562944889068,-0.0319574251770973,-0.1048150286078453,-0.0744519084692001,-0.1837083548307418,0.0475364960730075,-0.2126318961381912,0.0915874987840652,-0.2102918326854705,0.0561847612261772,-0.2339036911725998,0.0513109676539897,-0.2365117818117141,0.0290335528552532,-0.2097420394420623,0.044815108180046,-0.0734458118677139,0.0733990892767906,-0.0158158577978611,0.1275032311677932,0.0633989423513412,0.2120101004838943,0.0680992901325225,0.2184856832027435,0.0064526884816586,0.1813889294862747,Walk-To-Chair
434,0.9985052347183228,0.9982438683509828,0.99876070022583,0.9989964365959167,0.9965373277664183,0.996046781539917,0.995412826538086,0.9992404580116272,0.9905821084976196,0.9989942908287048,0.9969820976257324,0.9999808669090272,0.9972999691963196,0.9949188232421876,0.0650924518704414,0.9857358336448668,0.1500580310821533,0.9700170159339904,0.1601545065641403,0.9690096378326416,0.1685230880975723,0.9482859373092652,0.1718117892742157,0.9992231130599976,0.9972367286682128,0.9683466553688048,0.7301552891731262,0.9886197447776794,0.87257319688797,0.9709728956222534,0.8619778752326965,0.986207902431488,0.92909973859787,0.6704608798027039,0.6762791872024536,0.6781818270683289,0.6800470352172852,0.6740630865097046,0.6743291616439819,0.6746950149536133,0.6894725561141968,0.6842643022537231,0.6759084463119507,0.6729777455329895,0.7042971849441528,0.6802557110786438,0.7063440680503845,0.6724061369895935,0.6906483173370361,0.6468827128410339,0.6899271011352539,0.6404274106025696,0.6831635236740112,0.6408306360244751,0.6826931834220886,0.6447446942329407,0.6845337152481079,0.6719973683357239,0.6700087785720825,0.6687379479408264,0.6769706606864929,0.6830784678459167,0.6888419389724731,0.6932111978530884,0.6437427401542664,0.6534603834152222,0.329541802406311,0.3208081424236297,0.3210250735282898,0.3212700486183166,0.3203297257423401,0.3201824128627777,0.3200141191482544,0.3273471295833587,0.3253169357776642,0.3410736322402954,0.3408385217189789,0.375666081905365,0.3789468705654144,0.4564088881015777,0.4465726912021637,0.5307796597480774,0.4778774082660675,0.548392653465271,0.4987763464450836,0.5473148226737976,0.4982474148273468,0.5412124395370483,0.4945386052131653,0.5171490907669067,0.5123220086097717,0.6099764108657837,0.6028756499290466,0.6975523233413696,0.6894071698188782,0.7148143649101257,0.7034394145011902,0.719614565372467,0.7079619765281677,-0.0931567847728729,-0.1061989217996597,-0.1062376871705055,-0.1062704175710678,-0.0823300331830978,-0.0823089331388473,-0.0823263302445411,-0.1331611424684524,-0.0264586899429559,-0.1004959344863891,-0.0696939826011657,-0.1819101572036743,0.0519383065402507,-0.2138091772794723,0.0929596573114395,-0.2133710831403732,0.0547539591789245,-0.2379004210233688,0.0494148358702659,-0.2401207983493805,0.0252988580614328,-0.2128047049045562,0.0442983135581016,-0.073177769780159,0.0731323808431625,-0.0163088012486696,0.122757613658905,0.0459426864981651,0.1982944309711456,0.0488128587603569,0.2037890404462814,-0.0137125654146075,0.1669111251831054,Walk-To-Chair
435,0.9986113905906676,0.9983547925949096,0.9988332986831664,0.9990575313568116,0.9967674612998962,0.9963005781173706,0.9957255721092224,0.9992800951004028,0.991180419921875,0.9990626573562622,0.997200846672058,0.9999822974205016,0.9974852800369264,0.9952288269996644,0.0769196897745132,0.9867094159126282,0.1786860525608062,0.9719237685203552,0.1865807175636291,0.9709601998329164,0.195890411734581,0.9514864683151244,0.1983759105205536,0.9992555975914,0.9972952008247375,0.9627323746681212,0.7103087902069092,0.9868742823600768,0.86042320728302,0.9698116183280944,0.8552441000938416,0.9845513701438904,0.9226125478744508,0.6705299019813538,0.6760737895965576,0.6779075860977173,0.6796754598617554,0.6735804677009583,0.6736535429954529,0.6737679243087769,0.688900351524353,0.6825624704360962,0.6764050722122192,0.673076868057251,0.7036740779876709,0.6775222420692444,0.7062497138977051,0.6700328588485718,0.6893771886825562,0.6453880071640015,0.68861323595047,0.6398882269859314,0.6815330982208252,0.640285313129425,0.6811237931251526,0.6419827938079834,0.6823665499687195,0.6696197390556335,0.6685823202133179,0.6661456823348999,0.6683827042579651,0.6790306568145752,0.6740235090255737,0.6868093609809875,0.6346378922462463,0.653984785079956,0.3295347094535827,0.3207861185073852,0.3210059404373169,0.3212606608867645,0.3203234374523163,0.3201800882816314,0.3200154900550842,0.3274492919445038,0.3254245519638061,0.3410788774490356,0.3408414125442505,0.3754826486110687,0.3817234337329864,0.4547499120235443,0.4485619664192199,0.5300557613372803,0.4900666177272796,0.5479410886764526,0.5059285163879395,0.5471346378326416,0.5050137042999268,0.5409939289093018,0.5034498572349548,0.5173903703689575,0.5132117867469788,0.6104434728622437,0.6031177043914795,0.705703616142273,0.690285325050354,0.7177183628082275,0.7036483883857727,0.718985378742218,0.7107568383216858,-0.096358373761177,-0.1089502125978469,-0.1089938730001449,-0.1090215817093849,-0.0856943279504776,-0.0856710448861122,-0.0856904536485672,-0.1318308264017105,-0.0284220874309539,-0.1022301763296127,-0.0722503289580345,-0.1787662208080291,0.0510119423270225,-0.2144996374845504,0.0934282094240188,-0.2167847603559494,0.0536948442459106,-0.2440289556980133,0.0465065203607082,-0.2472506463527679,0.0211863163858652,-0.217286467552185,0.0421464331448078,-0.0716479569673538,0.0716098546981811,-0.0191074833273887,0.1239626184105873,0.045040339231491,0.2029828578233719,0.0479499325156211,0.2089840918779373,-0.014586778357625,0.1734286546707153,Walk-To-Chair
436,0.9987198710441588,0.9984792470932008,0.99891859292984,0.9991286993026732,0.997019112110138,0.996585249900818,0.9960662126541138,0.9993302822113036,0.9918550252914428,0.9991328716278076,0.997417449951172,0.9999836087226868,0.9976311326026917,0.995509922504425,0.079302079975605,0.9875434637069702,0.1837406009435653,0.9735093712806702,0.1914710104465484,0.9725738763809204,0.2008852660655975,0.9541680812835692,0.2029632329940796,0.9992935061454772,0.9973745942115784,0.9579609036445618,0.6889655590057373,0.9854403734207152,0.8479244709014893,0.9693555235862732,0.8503628373146057,0.9830159544944764,0.9157046675682068,0.6673369407653809,0.6731859445571899,0.6750152707099915,0.6766176819801331,0.6711035966873169,0.6713302135467529,0.6715397238731384,0.6850904822349548,0.6804991960525513,0.6730272769927979,0.669889509677887,0.6999203562736511,0.6746822595596313,0.7031770944595337,0.6701423525810242,0.686876654624939,0.6511017680168152,0.6857020258903503,0.6421337127685547,0.6798433661460876,0.6424941420555115,0.6794337630271912,0.6439210176467896,0.6767622232437134,0.6680689454078674,0.6617934703826904,0.6674741506576538,0.6552106738090515,0.6801484227180481,0.6619459390640259,0.6876364350318909,0.6255692839622498,0.6526901721954346,0.3265663683414459,0.3176441490650177,0.317971408367157,0.3183819353580475,0.3174531757831573,0.3175207078456878,0.317562073469162,0.3261975944042206,0.3244726955890655,0.3388639688491821,0.3388294875621795,0.3747813105583191,0.3816874325275421,0.4545701742172241,0.4504297971725464,0.5302648544311523,0.4999503195285797,0.5479772686958313,0.5113018155097961,0.5475315451622009,0.5107654929161072,0.5411097407341003,0.509434163570404,0.5174109935760498,0.5134164690971375,0.6099932193756104,0.6038084626197815,0.7042521834373474,0.6908032894134521,0.7175047993659973,0.7036945223808289,0.71696937084198,0.7103895545005798,-0.097426101565361,-0.1102591603994369,-0.1102984100580215,-0.1103296875953674,-0.0867855697870254,-0.086761362850666,-0.0867779105901718,-0.1357218325138092,-0.0312307830899953,-0.104201890528202,-0.0739990547299385,-0.1855372488498687,0.0493848845362663,-0.2187508344650268,0.0916400700807571,-0.2174161970615387,0.0459065176546573,-0.2463514059782028,0.0405931919813156,-0.2483820468187332,0.0152938542887568,-0.2177017033100128,0.0337576270103454,-0.0718498602509498,0.0718141049146652,-0.0205893404781818,0.1304411888122558,0.0449092425405979,0.2169654816389084,0.0479080937802791,0.2236559092998504,-0.0143117830157279,0.1886799782514572,Walk-To-Chair
437,0.998351752758026,0.9977879524230956,0.998383402824402,0.9987192153930664,0.995911717414856,0.9952505230903624,0.9946451783180236,0.998958945274353,0.9883257150650024,0.9988384246826172,0.9967163801193236,0.9999828934669496,0.99757581949234,0.995055079460144,0.0779673904180526,0.9863339066505432,0.1808670312166214,0.971969485282898,0.1908068805932998,0.9710620045661926,0.1998720318078994,0.9523658156394958,0.2010821998119354,0.9993226528167723,0.9974191188812256,0.9546470642089844,0.6718625426292419,0.9845715165138244,0.8402025103569031,0.9693315625190736,0.84580397605896,0.9822885394096376,0.9101824760437012,0.6692221760749817,0.6749067902565002,0.6755560636520386,0.6770939826965332,0.6728807687759399,0.6728719472885132,0.6727248430252075,0.68693608045578,0.6781391501426697,0.6736441254615784,0.6701605916023254,0.6985867023468018,0.6692818999290466,0.7042646408081055,0.664688229560852,0.6851498484611511,0.6543464660644531,0.6849299669265747,0.6465847492218018,0.679957926273346,0.6464360952377319,0.6788216829299927,0.6462970972061157,0.6788070201873779,0.6656008958816528,0.6683305501937866,0.6602668166160583,0.6479247808456421,0.6767524480819702,0.6579546928405762,0.683888852596283,0.620546281337738,0.6529961228370667,0.3328246176242828,0.3236168324947357,0.3251332938671112,0.3259866833686828,0.3228067755699157,0.3228624761104584,0.3231710791587829,0.3329200744628906,0.3290123641490936,0.3499103486537933,0.3494721949100494,0.3801887631416321,0.3837466835975647,0.4597212076187134,0.4534641802310943,0.5302175283432007,0.5034030675888062,0.5472182035446167,0.5158158540725708,0.5471316576004028,0.5153871774673462,0.5407904982566833,0.5120680928230286,0.519978940486908,0.5137268900871277,0.6096581816673279,0.6015546917915344,0.7007123231887817,0.68906170129776,0.7184247970581055,0.7009971141815186,0.7146397829055786,0.7074548602104187,-0.109584130346775,-0.1176932081580162,-0.1177987456321716,-0.1178740411996841,-0.1007529348134994,-0.1007113307714462,-0.100758209824562,-0.1347207278013229,-0.0423261150717735,-0.1043333634734153,-0.0847233310341835,-0.1723596006631851,0.036712672561407,-0.2038747370243072,0.0707856193184852,-0.2193364351987838,0.0144583405926823,-0.2469814568758011,0.0085628079250454,-0.2488724291324615,-0.0155887575820088,-0.2186295986175537,0.002804052317515,-0.0666375607252121,0.0667125657200813,-0.0471945032477378,0.1302864849567413,-0.0066183893941342,0.2119414508342743,-0.0062434733845293,0.2176831662654876,-0.0738638564944267,0.1848129034042358,Walk-To-Chair
439,0.9983526468276978,0.997747838497162,0.9983370900154114,0.9986497759819032,0.995948851108551,0.9953577518463136,0.9947859644889832,0.998857080936432,0.9888551831245422,0.998776078224182,0.9967423677444458,0.9999778866767884,0.9976468682289124,0.9854522943496704,0.0791365131735801,0.9648059606552124,0.177577331662178,0.9458312392234802,0.1886356174945831,0.943692684173584,0.1975820362567901,0.9212466478347778,0.1988564431667328,0.9993287324905396,0.9974565505981444,0.9545176029205322,0.6699908971786499,0.9844716191291808,0.8423275947570801,0.9701708555221558,0.8510088920593262,0.9797278046607972,0.9038108587265016,0.660810112953186,0.6650311350822449,0.6650567054748535,0.6654466390609741,0.6658021807670593,0.6666476726531982,0.6675235033035278,0.6704732775688171,0.673587441444397,0.6610321998596191,0.6617425084114075,0.6680740118026733,0.6799004077911377,0.6721468567848206,0.6742072701454163,0.6685062646865845,0.6607615351676941,0.6694945693016052,0.6582566499710083,0.6693917512893677,0.6561251878738403,0.6685078144073486,0.6566931009292603,0.6608450412750244,0.6713038682937622,0.6450523734092712,0.670299232006073,0.6304268836975098,0.6891540288925171,0.6358217000961304,0.6953668594360352,0.6020513772964478,0.6651041507720947,0.4001181423664093,0.3928444683551788,0.3930113613605499,0.3958147764205932,0.3949738144874573,0.3952492475509643,0.395519345998764,0.4022203385829925,0.4015334844589233,0.4070296883583069,0.4083794355392456,0.4447565972805023,0.4391695261001587,0.5025553107261658,0.4894168078899383,0.5394202470779419,0.5175583958625793,0.5500498414039612,0.5245406627655029,0.5493829846382141,0.5232415795326233,0.5448637008666992,0.5209726691246033,0.5582945346832275,0.556501030921936,0.6236039996147156,0.620900571346283,0.7000971436500549,0.694316565990448,0.7143922448158264,0.707894504070282,0.7082778215408325,0.7056647539138794,-0.0558958277106285,-0.0695847421884536,-0.0696116462349891,-0.0696326568722724,-0.0524391010403633,-0.0524189174175262,-0.0524517409503459,-0.1042729616165161,-0.0278049521148204,-0.0657366141676902,-0.0436755269765853,-0.1450587809085846,0.0245409645140171,-0.1554383635520935,0.0520942397415638,-0.1323140859603881,0.030886948108673,-0.1487288326025009,0.029358435422182,-0.1495751142501831,0.013978810980916,-0.1320934146642685,0.0231604520231485,-0.0589586868882179,0.058870505541563,0.0040534702129662,0.144852265715599,0.0654898956418037,0.2280304878950119,0.0703805312514305,0.2359265983104705,0.0294058136641979,0.2175582200288772,Walk-To-Chair
440,0.9970663785934448,0.995957374572754,0.9968736171722412,0.996938407421112,0.9939498901367188,0.9937278628349304,0.9931442141532898,0.997319221496582,0.987377405166626,0.9977210164070128,0.9955085515975952,0.9999346137046814,0.9974556565284728,0.9479086399078368,0.0818825811147689,0.9078810811042786,0.1754821091890335,0.8867043852806091,0.1875922232866287,0.883510947227478,0.1960590928792953,0.8615766167640686,0.1980791687965393,0.9990769624710084,0.9970313906669616,0.946002960205078,0.6430811285972595,0.982288897037506,0.8336949348449707,0.9690617322921752,0.8503139615058899,0.972443461418152,0.8886623978614807,0.6615592241287231,0.6647183895111084,0.6646499037742615,0.6646519303321838,0.6659953594207764,0.6680200099945068,0.6693140864372253,0.6672782301902771,0.6748733520507812,0.6613812446594238,0.6626850962638855,0.6597569584846497,0.6827386617660522,0.6656159162521362,0.6765933036804199,0.6657488942146301,0.6608313322067261,0.667471706867218,0.658227801322937,0.666685163974762,0.6561073660850525,0.666462242603302,0.6566881537437439,0.6583913564682007,0.6712588667869568,0.6438681483268738,0.6713565587997437,0.6302341222763062,0.6890668869018555,0.6352968811988831,0.6958534121513367,0.5990973114967346,0.6684290170669556,0.3956092596054077,0.3893919587135315,0.3896226286888122,0.3901627361774444,0.3898868858814239,0.3915736079216003,0.3921158909797668,0.3952029943466186,0.399144172668457,0.4022183418273926,0.4041184186935425,0.4382228851318359,0.439152181148529,0.4937273263931274,0.4902820587158203,0.5362370014190674,0.5201639533042908,0.5460297465324402,0.5274870991706848,0.5449052453041077,0.526530385017395,0.5427348613739014,0.5242214202880859,0.5519126057624817,0.5529353022575378,0.6235393285751343,0.6250850558280945,0.7003243565559387,0.6949279308319092,0.7150312662124634,0.7080071568489075,0.7090603113174438,0.7061259150505066,-0.0081670237705111,-0.0255046878010034,-0.0255325697362422,-0.0255437158048152,-0.0105136716738343,-0.0105128390714526,-0.0105805741623044,-0.0812624543905258,-0.0142516195774078,-0.0258624944835901,-0.0065056220628321,-0.1270105540752411,0.0232866127043962,-0.1334578543901443,0.0412275306880474,-0.1107272878289222,0.0289424397051334,-0.1233746856451034,0.0282218568027019,-0.1255903244018554,0.013925889506936,-0.1113490015268325,0.0219380483031272,-0.0554595999419689,0.0553949773311615,-0.0213284362107515,0.0977131873369216,0.0101676732301712,0.1363381445407867,0.0107006002217531,0.1386597901582718,-0.0291532315313816,0.1164218336343765,
441,0.9971548318862916,0.9960960745811462,0.9970030784606934,0.9970768094062804,0.9941195249557496,0.9939441084861756,0.9934093952178956,0.997446596622467,0.9879581928253174,0.997773051261902,0.995621383190155,0.9999372959136964,0.997434675693512,0.9484150409698486,0.0800763070583343,0.9050090909004213,0.1722647547721862,0.880955159664154,0.184909775853157,0.8770618438720703,0.1935163587331771,0.8520684838294983,0.195449873805046,0.9990780353546144,0.9970667958259584,0.9443340301513672,0.6302235126495361,0.9828084111213684,0.8362911343574524,0.9697693586349488,0.8538501262664795,0.9728289842605592,0.8888158202171326,0.6592116951942444,0.6629111766815186,0.6630200147628784,0.6629521250724792,0.6642324328422546,0.665543794631958,0.6665565371513367,0.6651934385299683,0.6710609793663025,0.6589738130569458,0.6597221493721008,0.6608814001083374,0.6726944446563721,0.668933093547821,0.6656392812728882,0.6665142178535461,0.6524459719657898,0.6693180799484253,0.6500259637832642,0.6668297052383423,0.6479463577270508,0.6665508151054382,0.6487835645675659,0.6572781801223755,0.6659435629844666,0.6429882049560547,0.6713434457778931,0.6293866038322449,0.6894090175628662,0.6346839666366577,0.6961458921432495,0.5964218974113464,0.6681920289993286,0.3907819986343384,0.3857548534870147,0.3859592080116272,0.3859041929244995,0.3866635859012604,0.3875340223312378,0.3880157768726349,0.3906379342079162,0.3927854597568512,0.3987650573253631,0.3992533683776855,0.4370692670345306,0.4357311129570007,0.4940607845783233,0.4873656630516052,0.5377673506736755,0.5178912281990051,0.55150306224823,0.5257255434989929,0.5489414930343628,0.5247560739517212,0.5452678203582764,0.5223737359046936,0.5471073389053345,0.54609614610672,0.6221799254417419,0.6247667670249939,0.7004362940788269,0.6948515772819519,0.7159779071807861,0.708002507686615,0.7096892595291138,0.7060911655426025,-0.0608364231884479,-0.0746515169739723,-0.0746745765209198,-0.0747017785906791,-0.0553406849503517,-0.0553287975490093,-0.0553688630461692,-0.1123726144433021,-0.0277764238417148,-0.0724435821175575,-0.0476296208798885,-0.1547856479883194,0.0244693011045455,-0.1665879935026168,0.0476190149784088,-0.1503984779119491,0.0295789390802383,-0.1659034043550491,0.03071029484272,-0.1682291328907013,0.015544407069683,-0.1501703560352325,0.0223502870649099,-0.0576626062393188,0.0576478354632854,-0.0352475829422473,0.1104789972305297,-0.0035100921522825,0.1636614650487899,-0.0029977154918015,0.1677251160144806,-0.0503782927989959,0.1476908028125763,Walk-To-Chair
442,0.9966995716094972,0.995734453201294,0.9967404007911682,0.9969754815101624,0.9932422637939452,0.9925199151039124,0.9919614791870116,0.9974951148033142,0.9862964749336244,0.99765545129776,0.995135486125946,0.9999417662620544,0.9973273277282716,0.9515587687492372,0.0766916051506996,0.9072181582450868,0.1627929359674453,0.8826916813850403,0.1758646368980407,0.8791694045066833,0.1843748092651367,0.8528860211372375,0.1863349378108978,0.9990416765213012,0.9967504739761353,0.9339494109153748,0.5993430614471436,0.9815294742584229,0.8259633183479309,0.969017505645752,0.8507477641105652,0.9710789918899536,0.8769028782844543,0.6574681997299194,0.6619848012924194,0.6628297567367554,0.6630887985229492,0.6607672572135925,0.6606706380844116,0.6604593992233276,0.666437029838562,0.6647021174430847,0.6588608622550964,0.657316267490387,0.671081006526947,0.6624104976654053,0.6755223274230957,0.6544219255447388,0.6668094396591187,0.6440022587776184,0.6693074107170105,0.6415654420852661,0.6660371422767639,0.6390830874443054,0.6655229330062866,0.6406504511833191,0.6574414968490601,0.6584796905517578,0.6416336297988892,0.6690838932991028,0.6281665563583374,0.6892238259315491,0.6342720985412598,0.6961382031440735,0.5953052639961243,0.6661931276321411,0.3806833624839782,0.3729897141456604,0.373149424791336,0.373063862323761,0.3724770545959472,0.3723897039890289,0.3722526431083679,0.3759069442749023,0.3744243383407593,0.3890261352062225,0.3885257840156555,0.4180561602115631,0.415756344795227,0.4857039451599121,0.4779602289199829,0.538218080997467,0.5125516057014465,0.5537158250808716,0.5228732824325562,0.5505430102348328,0.5199300050735474,0.5472288131713867,0.5168133974075317,0.5329543948173523,0.5305086374282837,0.6180001497268677,0.6191350817680359,0.7007856965065002,0.6948477625846863,0.7164747714996338,0.7080337405204773,0.7119809985160828,0.7069908976554871,-0.175995260477066,-0.1873590946197509,-0.1874305307865142,-0.1875369697809219,-0.1711748838424682,-0.1711564511060714,-0.1712020337581634,-0.1911221593618393,-0.1191682592034339,-0.172368511557579,-0.151527851819992,-0.2040273398160934,-0.0212837532162666,-0.2069510519504547,0.0226071290671825,-0.2025563716888427,-0.0061192736029624,-0.2222774475812912,-0.0069576138630509,-0.2301070988178253,-0.0270466450601816,-0.2040723115205764,-0.0153673160821199,-0.0576821453869342,0.057659275829792,-0.0410423204302787,0.107269749045372,0.0038873360026627,0.1749472767114639,0.00471145613119,0.1798372268676757,-0.053141564130783,0.1484778970479965,Walk-To-Chair
443,0.9968397617340088,0.9959077835083008,0.9969024062156676,0.9971390962600708,0.9934031963348388,0.9926968812942504,0.9920802116394044,0.997667670249939,0.9864511489868164,0.9977751970291138,0.9952542185783386,0.9999467134475708,0.9973645210266112,0.9553712010383606,0.0748536363244056,0.91407972574234,0.1587805747985839,0.8905148506164551,0.1725228279829025,0.8872227668762207,0.1814441084861755,0.8613927364349365,0.1838064491748809,0.9990827441215516,0.9967902302742004,0.930540144443512,0.5966856479644775,0.9820262789726256,0.832026481628418,0.9693719148635864,0.8582343459129333,0.971409261226654,0.8799616098403931,0.6412531137466431,0.6445544958114624,0.6462305784225464,0.646836519241333,0.6439448595046997,0.64417564868927,0.6443886756896973,0.6530860662460327,0.649591326713562,0.6448808908462524,0.6432200074195862,0.6714282631874084,0.6541858911514282,0.6775487661361694,0.6502447724342346,0.6667557954788208,0.6419478058815002,0.6677669286727905,0.6399040222167969,0.6630510687828064,0.6375234127044678,0.6627376079559326,0.6389164328575134,0.6552525758743286,0.6522305011749268,0.640312910079956,0.6642891764640808,0.6279366612434387,0.6882239580154419,0.6343718767166138,0.6960501074790955,0.5946556329727173,0.6632840633392334,0.3488284349441528,0.3358477056026459,0.3358571827411651,0.3359477818012237,0.3359712660312652,0.3361463844776153,0.3364518880844116,0.3394728600978851,0.3394061625003814,0.358968585729599,0.3583293557167053,0.3994040191173553,0.3950916230678558,0.4784426689147949,0.4683662354946136,0.5382046103477478,0.5066943764686584,0.5536524057388306,0.5184682011604309,0.5509040951728821,0.5144428610801697,0.5470675826072693,0.5106659531593323,0.5251575112342834,0.521206796169281,0.6154944896697998,0.6138426065444946,0.7022094130516052,0.6942489743232727,0.7182158827781677,0.7080168128013611,0.7167929410934448,0.7074413299560547,-0.1367808580398559,-0.1514480710029602,-0.1515106856822967,-0.1515863984823227,-0.129492312669754,-0.1294656991958618,-0.1294963955879211,-0.1777139008045196,-0.0801799744367599,-0.1423545032739639,-0.113963171839714,-0.2108600884675979,-0.0012468441855162,-0.2197208702564239,0.0304532647132873,-0.1987554132938385,0.0042881099507212,-0.219904214143753,0.0019063710933551,-0.2237576693296432,-0.0182379093021154,-0.1983877569437027,-0.0056317844428122,-0.0648988932371139,0.064885601401329,-0.0276719219982624,0.1263557076454162,0.0461146235466003,0.2228550016880035,0.048869639635086,0.2307492941617965,-0.0436242520809173,0.2009216845035553,Walk-To-Chair
444,0.9971415400505066,0.9962960481643676,0.9971968531608582,0.997412919998169,0.9940228462219238,0.9933795928955078,0.9928221702575684,0.9978922605514526,0.9877108335494996,0.9979875087738036,0.99569970369339,0.9999517798423768,0.9975647926330566,0.959477722644806,0.0777507871389389,0.9218344688415528,0.1677724123001098,0.8996995687484741,0.1808796972036361,0.8966529965400696,0.1904684901237487,0.872247576713562,0.1933360397815704,0.9991515278816224,0.9970073699951172,0.9290788769721984,0.6009696125984192,0.9821338653564452,0.835863471031189,0.9691649079322816,0.862308144569397,0.9723002314567566,0.8845610022544861,0.6333057284355164,0.6364754438400269,0.6380609273910522,0.6391216516494751,0.6356052756309509,0.6359685659408569,0.6363207101821899,0.6469026803970337,0.6438093185424805,0.638129472732544,0.6366698741912842,0.6705537438392639,0.653106153011322,0.6773704290390015,0.6482122540473938,0.6642298698425293,0.6341032385826111,0.6656291484832764,0.629409670829773,0.6593485474586487,0.6269676685333252,0.6586108207702637,0.6296794414520264,0.6521877646446228,0.6477180123329163,0.6405869722366333,0.6575232744216919,0.6279539465904236,0.6837691068649292,0.6349801421165466,0.6952090263366699,0.5934557318687439,0.6561928391456604,0.3409711718559265,0.3322172164916992,0.3319166004657745,0.3317115604877472,0.3324905633926391,0.3324303925037384,0.3323852121829986,0.3350635468959808,0.3350624740123749,0.3489880263805389,0.3493176400661468,0.3811201751232147,0.3858065009117126,0.4653986692428589,0.4630544483661651,0.5381711721420288,0.5071642398834229,0.5550397634506226,0.5191258192062378,0.5533338785171509,0.5157185196876526,0.5475710034370422,0.5122164487838745,0.5204986929893494,0.5187313556671143,0.6127144694328308,0.6101059317588806,0.7023146152496338,0.6927241683006287,0.7193536162376404,0.7080114483833313,0.7213590145111084,0.7081248164176941,-0.1037293449044227,-0.1185784488916397,-0.1186225861310958,-0.1186673641204834,-0.096986711025238,-0.0969624146819114,-0.0969886928796768,-0.1514015644788742,-0.0595664605498313,-0.1124296337366104,-0.0847334787249565,-0.1918048113584518,0.0298437178134918,-0.2112900912761688,0.0676144883036613,-0.204513669013977,0.0194815956056118,-0.2288208752870559,0.0110722873359918,-0.2325397729873657,-0.0092596542090177,-0.204557254910469,0.0034559126943349,-0.0672303289175033,0.0672110691666603,-0.022718982771039,0.1332099139690399,0.0452384799718856,0.2255567759275436,0.0474889762699604,0.2328685224056244,-0.0220463164150714,0.2035445719957351,Walk-To-Chair
445,0.9974077939987184,0.9966399669647216,0.997456967830658,0.9976555705070496,0.994571328163147,0.9939823150634766,0.99347984790802,0.9980921745300292,0.9888315200805664,0.9981747269630432,0.99609375,0.9999561309814452,0.9977213144302368,0.9631091952323914,0.0783788561820983,0.928646206855774,0.1706937551498413,0.9075801372528076,0.1832660734653473,0.9046941995620728,0.19295534491539,0.8813316822052002,0.1965101957321167,0.9991970658302308,0.9971415996551514,0.926316261291504,0.600152313709259,0.9814898371696472,0.8344014286994934,0.9686166644096376,0.8634494543075562,0.9722781181335448,0.8855469822883606,0.628541111946106,0.6321727633476257,0.6333128213882446,0.634935736656189,0.6313676238059998,0.6318684816360474,0.632384181022644,0.6435920000076294,0.641369104385376,0.6335970163345337,0.6320953369140625,0.6643761396408081,0.6509454250335693,0.6726568341255188,0.6475754976272583,0.6610860824584961,0.6322534084320068,0.6609229445457458,0.6271393299102783,0.6552151441574097,0.624637246131897,0.6547565460205078,0.6273587942123413,0.6470270752906799,0.6446768045425415,0.6401577591896057,0.6471110582351685,0.6279276013374329,0.6770845651626587,0.6354118585586548,0.6908339858055115,0.5935223698616028,0.6521968245506287,0.3405865132808685,0.3308097422122955,0.3305504918098449,0.330340176820755,0.3309070169925689,0.3307426571846008,0.3305938839912414,0.3344626128673553,0.3344413340091705,0.3491476476192474,0.3498388826847076,0.3793393671512604,0.384866863489151,0.4637287259101867,0.4609063863754272,0.5384118556976318,0.5082619190216064,0.5581595301628113,0.5199207663536072,0.5564149022102356,0.5177100300788879,0.5491756200790405,0.5125572085380554,0.5221121907234192,0.5208811163902283,0.6134869456291199,0.6087639331817627,0.7025101780891418,0.6910363435745239,0.7209898829460144,0.7078317403793335,0.7228730916976929,0.7088218331336975,-0.0933239236474037,-0.1082816943526268,-0.1083217114210128,-0.1083616390824318,-0.0876501351594924,-0.0876310914754867,-0.087668240070343,-0.1429998576641082,-0.0391495004296302,-0.1027169451117515,-0.0771735161542892,-0.1873986423015594,0.0428606830537319,-0.2080801725387573,0.0796469822525978,-0.1966397017240524,0.0353727713227272,-0.2203325927257537,0.0301241911947727,-0.2224735915660858,0.0046198163181543,-0.1960539370775222,0.0213092509657144,-0.0684847980737686,0.0684640929102897,-0.0196453686803579,0.1345649063587188,0.0500903725624084,0.2229783833026886,0.0526288039982318,0.2299937009811401,-0.0142283709719777,0.2013202607631683,Walk-To-Chair
446,0.9976252317428588,0.9969229698181152,0.9976712465286256,0.9978583455085754,0.9950161576271056,0.9944727420806884,0.9940226674079896,0.9982607960700988,0.9897527694702148,0.9983299374580384,0.9964210987091064,0.9999596476554872,0.9978338479995728,0.9658913016319276,0.0766214877367019,0.9333063364028932,0.1666318327188491,0.9121022820472716,0.1790036708116531,0.9091339707374572,0.1883855313062667,0.8853489756584167,0.1926190257072448,0.9992350935935974,0.997251570224762,0.924236536026001,0.5997757315635681,0.981321394443512,0.8331323862075806,0.968273937702179,0.8643460273742676,0.9724896550178528,0.8868589997291565,0.6253327131271362,0.6295796036720276,0.630510151386261,0.6315948367118835,0.6293713450431824,0.6306578516960144,0.631687581539154,0.6421283483505249,0.641240656375885,0.6289975643157959,0.6286481022834778,0.6577926874160767,0.6516445875167847,0.6694012880325317,0.6476306915283203,0.654291033744812,0.6318945288658142,0.6548876166343689,0.6272295713424683,0.6494982242584229,0.6245468854904175,0.6486140489578247,0.6268633604049683,0.6417557001113892,0.6451159715652466,0.6348662376403809,0.6507265567779541,0.6277439594268799,0.6783813238143921,0.6353775262832642,0.6912481188774109,0.5935257077217102,0.6516606211662292,0.3361068665981293,0.327411025762558,0.3273296952247619,0.3272981643676758,0.3272638022899627,0.3271513283252716,0.3270399868488312,0.333028644323349,0.332220196723938,0.3459121882915497,0.3460367918014526,0.3800130188465118,0.382493644952774,0.4673859775066376,0.4571731388568878,0.5392313003540039,0.5067266821861267,0.5587927103042603,0.5191636681556702,0.5575266480445862,0.5177422165870667,0.5502623915672302,0.5129947066307068,0.5220039486885071,0.5190079808235168,0.6127281188964844,0.6092430353164673,0.7030928730964661,0.6903222799301147,0.72173011302948,0.7076247930526733,0.7236668467521667,0.7087166905403137,-0.0982828810811042,-0.1147661358118057,-0.1148012429475784,-0.114845260977745,-0.0901137441396713,-0.0900871604681015,-0.0901064574718475,-0.1548567861318588,-0.0406991466879844,-0.1097885370254516,-0.0781477615237236,-0.2007685452699661,0.0370136797428131,-0.2199902981519699,0.0721749737858772,-0.2019846737384796,0.0339353568851947,-0.2263819426298141,0.0292968358844518,-0.2277725934982299,0.0024961368180811,-0.2012135684490203,0.0200258400291204,-0.0702312737703323,0.0702023655176162,-0.0133357178419828,0.1543056815862655,0.0646907538175582,0.2559337317943573,0.0680996999144554,0.2646028399467468,0.0019650999456644,0.2375434935092926,Walk-To-Chair
447,0.9978148341178894,0.997178852558136,0.9978659749031068,0.9980403184890748,0.9954141974449158,0.9949180483818054,0.9945147037506104,0.9984119534492492,0.9905961751937866,0.9984636902809144,0.9967086911201476,0.9999623894691468,0.9979187846183776,0.9677176475524902,0.0746197625994682,0.9358264803886414,0.1619055420160293,0.9137290120124816,0.1741593182086944,0.9104394912719728,0.1831528097391128,0.8852554559707642,0.1877395808696746,0.9992668628692628,0.9973326921463012,0.9231829047203064,0.6041701436042786,0.9815141558647156,0.8342889547348022,0.968506157398224,0.8672890663146973,0.9726841449737548,0.8882827162742615,0.622017502784729,0.6266701817512512,0.6276103854179382,0.6286700963973999,0.6269320845603943,0.6281238794326782,0.6293457746505737,0.6400797367095947,0.6396591663360596,0.6257315874099731,0.625450849533081,0.6485663056373596,0.6528000831604004,0.6601355671882629,0.6503694653511047,0.6492526531219482,0.6338174939155579,0.6504817605018616,0.6293439269065857,0.6448837518692017,0.6260538101196289,0.6441134214401245,0.6280723810195923,0.6347055435180664,0.6445001363754272,0.6283529996871948,0.650292694568634,0.6263195276260376,0.6781901717185974,0.6349822878837585,0.6895686388015747,0.5916933417320251,0.6491830945014954,0.3361787497997284,0.3271412253379822,0.32710662484169,0.3270927369594574,0.3268340229988098,0.3266013562679291,0.3263550400733948,0.3326997756958008,0.3313221335411072,0.3467111587524414,0.3467468321323395,0.3828316330909729,0.38172647356987,0.469907134771347,0.4565347731113434,0.5392400622367859,0.506056547164917,0.5585787892341614,0.5182121396064758,0.5572156310081482,0.5175085663795471,0.550012469291687,0.51315838098526,0.5222904682159424,0.5187104344367981,0.6127749085426331,0.6071451902389526,0.703350841999054,0.6891896724700928,0.7225515246391296,0.7062215805053711,0.723965048789978,0.7085245251655579,-0.0938643515110015,-0.1106620877981185,-0.1106910705566406,-0.1107308119535446,-0.0862634927034378,-0.0862376689910888,-0.086257703602314,-0.154977262020111,-0.0401867553591728,-0.1064730435609817,-0.0746737942099571,-0.2044979035854339,0.0373364798724651,-0.2206726819276809,0.0712587088346481,-0.1932890266180038,0.0334604158997535,-0.2157037556171417,0.0302447415888309,-0.2166374921798706,0.0050545465201139,-0.1923425495624542,0.0207593329250812,-0.0723155885934829,0.0722615793347358,-0.0120155503973364,0.1578183621168136,0.0645181387662887,0.2572870552539825,0.0679756104946136,0.265912652015686,0.0067082149907946,0.2417769134044647,Walk-To-Chair
448,0.9979758262634276,0.9973969459533693,0.9980320930480956,0.9981982111930848,0.9957371950149536,0.9952754378318788,0.9949194192886353,0.998544454574585,0.9912794232368468,0.9985790252685548,0.9969537258148192,0.9999650716781616,0.9979766607284546,0.9695512056350708,0.0713518559932708,0.9383063316345216,0.154259979724884,0.9155132174491882,0.1664967685937881,0.912000298500061,0.1750613003969192,0.8854686617851257,0.1801874190568924,0.9993029236793518,0.9974292516708374,0.9232077598571776,0.6077398061752319,0.982088267803192,0.8358922600746155,0.9687766432762146,0.8690698742866516,0.9736226201057434,0.8908106088638306,0.6179601550102234,0.6226275563240051,0.6236729025840759,0.6247283220291138,0.6229360103607178,0.6242267489433289,0.6255124807357788,0.6362774968147278,0.6358570456504822,0.6215013265609741,0.6212067008018494,0.6459900736808777,0.6489443778991699,0.6556493043899536,0.6464083194732666,0.6438331007957458,0.6286333799362183,0.6457878947257996,0.6239147782325745,0.6399489641189575,0.6205608248710632,0.6380218863487244,0.6226651668548584,0.6304240226745605,0.6407559514045715,0.6265087723731995,0.6488040685653687,0.6258282661437988,0.6785894632339478,0.6347523331642151,0.6891072988510132,0.5920689105987549,0.6501504182815552,0.3348506987094879,0.3263235092163086,0.3263541162014007,0.3263820707798004,0.3259178400039673,0.3256771862506866,0.3254095315933227,0.3318827748298645,0.3302880227565765,0.3454541563987732,0.3451977074146271,0.3831665813922882,0.3802365958690643,0.469538539648056,0.4542798101902008,0.539759635925293,0.5051119923591614,0.5587611794471741,0.5173904299736023,0.5574806332588196,0.5171765685081482,0.550210177898407,0.5129506587982178,0.5198068022727966,0.5182003974914551,0.6128057837486267,0.6048876047134399,0.7039330005645752,0.6888014674186707,0.7223743200302124,0.7049023509025574,0.7241799235343933,0.7084801197052002,-0.0980492979288101,-0.1152865439653396,-0.1153157800436019,-0.1153574585914611,-0.0892979949712753,-0.0892648845911026,-0.0892732590436935,-0.1598526835441589,-0.0414253547787666,-0.1112851873040199,-0.0774862691760063,-0.2078102082014084,0.0359052792191505,-0.2275563180446624,0.0700519010424614,-0.2020281255245208,0.0325547717511653,-0.2254987210035324,0.0296517275273799,-0.2255012243986129,0.0050963400863111,-0.2008266448974609,0.0204453002661466,-0.0729940608143806,0.0729405060410499,-0.0120191639289259,0.1569349020719528,0.0629348903894424,0.2533416748046875,0.0664947181940078,0.2615846693515777,0.0060806078836321,0.2360616028308868,Walk-To-Chair
449,0.998116374015808,0.9975924491882324,0.9981833100318908,0.9983415007591248,0.9960121512413024,0.9955801963806152,0.9952545762062072,0.9986660480499268,0.9918454885482788,0.9986836314201356,0.9971604943275452,0.9999676942825316,0.9979695677757264,0.9714812636375428,0.0684727057814598,0.9417937397956848,0.1477477699518203,0.9191321730613708,0.1602041721343994,0.915546715259552,0.1685318499803543,0.8887765407562256,0.1742323935031891,0.9993299841880798,0.9974647164344788,0.924739420413971,0.6198589205741882,0.9828141331672668,0.8406559228897095,0.9691411852836608,0.8730897307395935,0.9743942618370056,0.8939415812492371,0.6152054071426392,0.6203436851501465,0.621448278427124,0.6224933862686157,0.6206541061401367,0.6219536662101746,0.6231643557548523,0.6334231495857239,0.6330220103263855,0.618507981300354,0.6184148192405701,0.6412744522094727,0.6463896036148071,0.6523023843765259,0.643251359462738,0.639769971370697,0.6241162419319153,0.6415725350379944,0.6191943883895874,0.6364299058914185,0.6157233715057373,0.634926438331604,0.6177564859390259,0.6270250082015991,0.6376866698265076,0.6241873502731323,0.6437893509864807,0.6250991225242615,0.6764400005340576,0.6346920132637024,0.6884922385215759,0.5921124219894409,0.6493438482284546,0.332954078912735,0.3245554566383362,0.3246098160743713,0.324680894613266,0.3241763114929199,0.3239707350730896,0.3237561285495758,0.3303955793380737,0.3286571204662323,0.3431678712368011,0.3428597748279571,0.3822431564331054,0.3785567581653595,0.4695075452327728,0.4528451859951019,0.5404160618782043,0.4997678697109222,0.5594071745872498,0.5113103985786438,0.5585196018218994,0.5107197761535645,0.5514185428619385,0.5068973898887634,0.520183801651001,0.5170307159423828,0.6119431853294373,0.6045495271682739,0.7044265270233154,0.6869004964828491,0.7232910394668579,0.7011229991912842,0.7239660024642944,0.7085887789726257,-0.1011390313506126,-0.1182647719979286,-0.1182949915528297,-0.1183404326438903,-0.0918456763029098,-0.0918123200535774,-0.0918143391609191,-0.1623529344797134,-0.0428488254547119,-0.1142449751496315,-0.0799327418208122,-0.2134458720684051,0.0375170931220054,-0.2312759459018707,0.075886070728302,-0.1974523663520813,0.0416906289756298,-0.219821959733963,0.0401705726981163,-0.2201716601848602,0.0167202372103929,-0.1960823386907577,0.0296708382666111,-0.0750667229294776,0.0749931782484054,-0.0030954228714108,0.1597327291965484,0.084234319627285,0.2632020115852356,0.088970735669136,0.2723268866539001,0.0279657896608114,0.2470444142818451,Walk-To-Chair
450,0.9982165098190308,0.9977521300315856,0.9983068108558656,0.9984611868858336,0.996216118335724,0.9958055019378662,0.9955108165740968,0.9987675547599792,0.9922639727592468,0.9987587928771972,0.9972896575927734,0.9999698996543884,0.9979249238967896,0.9735392332077026,0.0655853152275085,0.9455421566963196,0.1422660797834396,0.9233222603797911,0.1556488573551178,0.9198426604270936,0.1639212369918823,0.8933930993080139,0.1697218865156173,0.9993409514427184,0.9974204897880554,0.9250097274780272,0.6249521970748901,0.9832015633583068,0.8417941331863403,0.9697560667991638,0.8759372234344482,0.9749093651771544,0.8946280479431152,0.6121045351028442,0.6173136830329895,0.6185094714164734,0.6195932626724243,0.6173171997070312,0.6182284355163574,0.6194642186164856,0.6302376985549927,0.6289007067680359,0.6152966022491455,0.6149413585662842,0.6381635665893555,0.6426205635070801,0.6509572267532349,0.6356275677680969,0.6377869844436646,0.6148663759231567,0.6388956904411316,0.6094564199447632,0.632281482219696,0.6056330800056458,0.6311972141265869,0.6078625321388245,0.6232997179031372,0.6334749460220337,0.6192630529403687,0.6372025609016418,0.6248900294303894,0.6694220304489136,0.6349331736564636,0.682227611541748,0.5916839241981506,0.6487294435501099,0.3328788578510284,0.324480801820755,0.3245288431644439,0.3246090114116668,0.324138730764389,0.3239275217056274,0.3237176239490509,0.3299971520900726,0.3282738924026489,0.342601329088211,0.3424624800682068,0.3804191946983337,0.3781131505966186,0.4683249592781067,0.4514951705932617,0.5405142903327942,0.4911278784275055,0.559553325176239,0.5009967088699341,0.5588673949241638,0.4990668892860412,0.5515445470809937,0.4958845674991607,0.51958167552948,0.5161786675453186,0.6113236546516418,0.6036546230316162,0.7046223282814026,0.6847409009933472,0.7230823636054993,0.6954008936882019,0.7240848541259766,0.7085610032081604,-0.0977840572595596,-0.1143896728754043,-0.114420935511589,-0.1144635528326034,-0.0896810516715049,-0.0896473154425621,-0.0896607488393783,-0.1561979949474334,-0.0382831767201423,-0.1100507602095604,-0.0785445943474769,-0.2070406228303909,0.0472920648753643,-0.2272297888994217,0.0912949666380882,-0.1969733834266662,0.0613441169261932,-0.2187999486923217,0.0619603507220745,-0.2184146344661712,0.038698349148035,-0.1951425969600677,0.049539491534233,-0.077564500272274,0.0774990171194076,-0.0139640141278505,0.1557384878396988,0.078979268670082,0.2569851875305176,0.0863694548606872,0.2659243643283844,0.0244583841413259,0.2392197549343109,Walk-To-Chair
451,0.9983067512512208,0.9978989362716676,0.9984209537506104,0.9985708594322203,0.996407687664032,0.996019184589386,0.9957398772239684,0.9988611936569214,0.9926922917366028,0.998839795589447,0.9974412322044371,0.9999721050262452,0.9979016184806824,0.9757510423660278,0.0630351826548576,0.9499931931495668,0.138130322098732,0.9289042353630066,0.1525445580482483,0.925622820854187,0.1607736647129058,0.90032958984375,0.1666660010814666,0.9993483424186708,0.9973734021186828,0.9295294880867004,0.6314311027526855,0.983896255493164,0.8428288698196411,0.9710450172424316,0.8789168000221252,0.9758375883102416,0.8963440656661987,0.6087594628334045,0.6144818067550659,0.6155804395675659,0.6166914105415344,0.6142347455024719,0.6150553226470947,0.6159437298774719,0.626928448677063,0.6248480081558228,0.6118729710578918,0.6111451387405396,0.634294867515564,0.6389325857162476,0.6481061577796936,0.6303766965866089,0.6330122947692871,0.6093810796737671,0.6339580416679382,0.6039981245994568,0.6285319924354553,0.6004873514175415,0.6268280744552612,0.6027485132217407,0.6221033930778503,0.6293328404426575,0.6172986626625061,0.6288230419158936,0.6256742477416992,0.6631194353103638,0.6356871128082275,0.6763404607772827,0.5918949842453003,0.6459810733795166,0.3311940133571625,0.3235735297203064,0.3237446546554565,0.3239647448062897,0.3231081962585449,0.3229430019855499,0.3227724134922027,0.3300632238388061,0.327802449464798,0.3411515355110168,0.3408184349536896,0.3792137503623962,0.3778609037399292,0.4684307277202606,0.4500030279159546,0.5416280031204224,0.4865933060646057,0.5603563189506531,0.4957353472709656,0.559640109539032,0.4937743246555328,0.5528658032417297,0.4909708797931671,0.5205730199813843,0.5162337422370911,0.6116082072257996,0.6040747165679932,0.7047721743583679,0.6812841296195984,0.7229350209236145,0.6881808042526245,0.7241201996803284,0.7074889540672302,-0.108305774629116,-0.1248299032449722,-0.1248469948768615,-0.1248899102210998,-0.0990512818098068,-0.0990316197276115,-0.099043883383274,-0.1641269028186798,-0.046551838517189,-0.1195733919739723,-0.0863580852746963,-0.2172577679157257,0.0430961176753044,-0.2403726130723953,0.0920896902680397,-0.2141993045806884,0.0694673433899879,-0.2379708588123321,0.0709977000951767,-0.2375670373439788,0.0473548248410224,-0.2124162167310714,0.0578542724251747,-0.0796480849385261,0.0796049460768699,-0.013607233762741,0.1651223599910736,0.0734249576926231,0.276664674282074,0.0788985937833786,0.2863945066928863,0.0190271344035863,0.2592462599277496,Walk-To-Chair
452,0.9983270168304444,0.9979897737503052,0.9984952211380004,0.9986485838890076,0.9964717030525208,0.9960756301879884,0.9958154559135436,0.9989291429519652,0.9929040670394896,0.9988754391670228,0.9974742531776428,0.999973714351654,0.997825562953949,0.977513313293457,0.060334637761116,0.9532718062400818,0.133352592587471,0.932733118534088,0.1490086913108825,0.92959725856781,0.1572345048189163,0.9045997262001038,0.1632244735956192,0.9993259310722352,0.9972462058067322,0.931049346923828,0.6300473809242249,0.9842517375946044,0.8391299247741699,0.9714479446411132,0.8771547079086304,0.976846158504486,0.8970674872398376,0.6071728467941284,0.6124926805496216,0.613551139831543,0.6146118640899658,0.6118282675743103,0.6123323440551758,0.6128556132316589,0.6243112087249756,0.6209457516670227,0.6101917028427124,0.6090753674507141,0.6310054063796997,0.6309101581573486,0.6407437920570374,0.6224089860916138,0.6289030313491821,0.6018407940864563,0.6294315457344055,0.5964593887329102,0.6244264245033264,0.5934150815010071,0.623433530330658,0.5953372120857239,0.6194934248924255,0.6239181756973267,0.6152856945991516,0.6219921112060547,0.6272598505020142,0.6507902145385742,0.6373326182365417,0.6593437790870667,0.5961343050003052,0.6302849054336548,0.3326543271541595,0.3249875903129577,0.3251781165599823,0.3254357576370239,0.3243885338306427,0.3241608440876007,0.3239353001117706,0.3311060667037964,0.3286389708518982,0.3425928056240082,0.3420475125312805,0.3788945078849792,0.3795673549175262,0.4678577482700348,0.4456394910812378,0.541625440120697,0.4748748540878296,0.5601368546485901,0.4820823669433594,0.5594585537910461,0.4800368249416351,0.5526589751243591,0.478183776140213,0.5216306447982788,0.5176905989646912,0.6124741435050964,0.6042802333831787,0.7047633528709412,0.6827002167701721,0.7226768732070923,0.6905015110969543,0.723962128162384,0.7098416686058044,-0.1198603138327598,-0.1356386095285415,-0.1356623321771621,-0.135702833533287,-0.1105305105447769,-0.1105242148041725,-0.11052967607975,-0.1700186431407928,-0.0567826554179191,-0.1289286613464355,-0.0964541956782341,-0.2177871912717819,0.0402118898928165,-0.2459998428821563,0.104773461818695,-0.2307029217481613,0.1093961969017982,-0.2543752193450928,0.1140371188521385,-0.2551316916942596,0.092064194381237,-0.2296901047229766,0.0991621166467666,-0.0797378271818161,0.0796919614076614,0.0037055604625493,0.1646245419979095,0.1061287075281143,0.2780313789844513,0.1132878437638282,0.2877949476242065,0.053397100418806,0.2571760416030884,Walk-To-Chair
453,0.9983497262001038,0.9980838298797609,0.9985747933387756,0.9987257719039916,0.996544599533081,0.9961816668510436,0.9959152340888976,0.99899423122406,0.9931812286376952,0.9989166259765624,0.997511625289917,0.999975323677063,0.997775673866272,0.978718101978302,0.0581472925841808,0.9557040333747864,0.1288003176450729,0.9352874755859376,0.1449326425790786,0.9322052597999572,0.1531063765287399,0.9070405960083008,0.1593929529190063,0.9993311762809752,0.9971354007720948,0.93222177028656,0.6375714540481567,0.9843305945396424,0.8350366353988647,0.9713373780250548,0.875080943107605,0.9767730236053468,0.8957112431526184,0.6030757427215576,0.607878565788269,0.6089986562728882,0.6102311611175537,0.6075069904327393,0.6082521677017212,0.6090654134750366,0.6210584044456482,0.6182520389556885,0.6065468788146973,0.6055841445922852,0.6285563707351685,0.6301709413528442,0.6357876062393188,0.6186805963516235,0.6251685619354248,0.5973919630050659,0.6246449947357178,0.592060923576355,0.6190752387046814,0.589309811592102,0.6186978816986084,0.5910530686378479,0.6164485812187195,0.6178959608078003,0.6131906509399414,0.6173208355903625,0.6270385980606079,0.6450214385986328,0.6365529298782349,0.6580052375793457,0.5950058698654175,0.6250786185264587,0.3339168429374695,0.3257972300052643,0.325985848903656,0.3262278437614441,0.3251827359199524,0.3249350488185882,0.3246752917766571,0.331831157207489,0.329354465007782,0.3442178964614868,0.3437771797180176,0.3804576992988586,0.379197746515274,0.4680497348308563,0.4469474256038666,0.5428688526153564,0.4801201224327087,0.5607298016548157,0.488314539194107,0.5602167844772339,0.4865783452987671,0.5533149242401123,0.4844245910644531,0.5270196795463562,0.5201416015625,0.6194931864738464,0.6053056120872498,0.7052080631256104,0.6759814023971558,0.7228178381919861,0.6844798922538757,0.7243476510047913,0.7078412771224976,-0.1349057853221893,-0.1521784216165542,-0.1522091180086136,-0.1522674858570099,-0.1259331554174423,-0.1259256601333618,-0.1259320527315139,-0.1902050375938415,-0.0727427080273628,-0.1448791921138763,-0.111072801053524,-0.2353961914777755,0.0237042270600795,-0.2534187734127044,0.0940788239240646,-0.2257391959428787,0.0909085646271705,-0.2490597069263458,0.0940582081675529,-0.2504048347473144,0.0717270821332931,-0.2246191799640655,0.0802744179964065,-0.0794669315218925,0.0793915688991546,0.0329892858862876,0.1908853352069854,0.1512174904346466,0.3292993903160095,0.1595530807971954,0.342315137386322,0.095915600657463,0.3151465654373169,Walk-To-Chair
454,0.9983272552490234,0.998077630996704,0.9985766410827636,0.998748779296875,0.9964669942855836,0.9960700273513794,0.9957973957061768,0.999016046524048,0.9929837584495544,0.9989208579063416,0.9974679946899414,0.999976634979248,0.997728943824768,0.9803156852722168,0.0567518807947635,0.958788275718689,0.1254473328590393,0.9387364387512208,0.1410059481859207,0.9357863068580629,0.1490415036678314,0.9110532402992249,0.1555569469928741,0.9993185997009276,0.9970749616622924,0.9329155087471008,0.6346830129623413,0.9835112690925598,0.8257810473442078,0.9700621366500854,0.8662331700325012,0.9765444397926332,0.8942456245422363,0.5992006063461304,0.6040268540382385,0.6051954627037048,0.6065238118171692,0.6036059856414795,0.6043563485145569,0.6051621437072754,0.6177541613578796,0.6147329807281494,0.603039562702179,0.601890504360199,0.6280195116996765,0.6239164471626282,0.6352041959762573,0.6191614866256714,0.6213364601135254,0.6027684211730957,0.6201774477958679,0.5980942845344543,0.6147639751434326,0.5953496694564819,0.6146426200866699,0.597187340259552,0.6145754456520081,0.6101507544517517,0.6124939918518066,0.6107599139213562,0.6269282698631287,0.6336637735366821,0.6362413763999939,0.6392172574996948,0.5958864688873291,0.6066265106201172,0.3347683846950531,0.3265833258628845,0.3267293870449066,0.326878160238266,0.3260680437088012,0.3258334398269653,0.3255783319473266,0.3322996199131012,0.330035388469696,0.3452006578445434,0.3448305428028106,0.3802393972873688,0.3796702325344085,0.4685758948326111,0.4478956460952759,0.5437541604042053,0.4976390600204468,0.5620262622833252,0.5103456974029541,0.5611623525619507,0.5106213688850403,0.554217517375946,0.5065468549728394,0.5275079607963562,0.5208079814910889,0.6215778589248657,0.6054820418357849,0.7051261067390442,0.6852648854255676,0.7214071154594421,0.6872118711471558,0.724198579788208,0.7084140777587891,-0.1382252722978592,-0.1542897820472717,-0.1543329954147339,-0.1543971598148346,-0.1285374909639358,-0.1285068988800048,-0.1285141855478286,-0.1891915500164032,-0.0736883282661438,-0.1474694609642028,-0.114126980304718,-0.2333987206220626,0.0171927995979785,-0.2565845847129822,0.0748303458094596,-0.2382064312696457,0.0477688200771808,-0.2644808292388916,0.0457238443195819,-0.2639566659927368,0.0211565699428319,-0.2365632355213165,0.0356496311724185,-0.0788997858762741,0.0787632465362548,0.041487731039524,0.1889061331748962,0.1651447117328643,0.3266400694847107,0.1741778999567031,0.3389444649219513,0.1099801287055015,0.3056746125221252,Walk-To-Chair
455,0.9983471035957336,0.9981318712234496,0.99862539768219,0.9987976551055908,0.9965043663978576,0.9961329698562622,0.9958527088165284,0.999058723449707,0.9931455254554749,0.9989495277404784,0.9975159764289856,0.9999783039093018,0.9977882504463196,0.9816306233406068,0.0584251470863819,0.9609297513961792,0.125162199139595,0.9407996535301208,0.1397795528173446,0.9379196166992188,0.1475902199745178,0.91299569606781,0.1542491912841797,0.9993509650230408,0.997100293636322,0.9347837567329408,0.6403347849845886,0.9835277199745178,0.8220683932304382,0.9687140583992004,0.8627650141716003,0.9767519235610962,0.8950027227401733,0.5967256426811218,0.6013437509536743,0.6024956107139587,0.6038252115249634,0.6008704900741577,0.6015447378158569,0.6022878885269165,0.6146796941757202,0.6117129921913147,0.6004368662834167,0.5993785858154297,0.6249662637710571,0.623711109161377,0.6306137442588806,0.6211963891983032,0.615227222442627,0.6070107221603394,0.6150757074356079,0.6021148562431335,0.6097192764282227,0.5996266007423401,0.6097601056098938,0.6012902855873108,0.6119667291641235,0.6097780466079712,0.6111807227134705,0.6083980798721313,0.6251729726791382,0.6348727941513062,0.6351727247238159,0.643911600112915,0.5948106050491333,0.6113311052322388,0.335405945777893,0.3271982967853546,0.3273677229881286,0.327568382024765,0.326664388179779,0.3264404535293579,0.3261991143226623,0.3329158723354339,0.3306382298469543,0.3460019826889038,0.3456596434116363,0.3803002536296844,0.3807779550552368,0.4695391356945038,0.4537953734397888,0.5449870824813843,0.5152648091316223,0.5629719495773315,0.5307978391647339,0.5614275336265564,0.5314958691596985,0.5545250177383423,0.5265587568283081,0.5301741361618042,0.5247128009796143,0.6250953674316406,0.6056304574012756,0.7069873213768005,0.6771207451820374,0.7222852110862732,0.6859503388404846,0.7251922488212585,0.705296516418457,-0.147424429655075,-0.1643855422735214,-0.1644308418035507,-0.1645026355981826,-0.137223020195961,-0.1371896862983703,-0.1371939182281494,-0.2036211937665939,-0.0815876573324203,-0.1581328809261322,-0.1229661479592323,-0.2511410713195801,0.0097378585487604,-0.2662220895290375,0.0535423085093498,-0.233892872929573,0.015290061943233,-0.2597343325614929,0.0115786977112293,-0.2593867778778076,-0.0114939864724874,-0.2321065664291381,0.0033331110607832,-0.0796286314725875,0.0794774442911148,0.0492604747414588,0.2146923094987869,0.1831991970539093,0.3739268481731415,0.1928247511386871,0.3889244496822357,0.1273115575313568,0.3628546297550201,Walk-To-Chair
456,0.9983473420143129,0.9981477856636048,0.9986370205879213,0.9988256096839904,0.9965016841888428,0.9960981011390686,0.9958219528198242,0.9990835189819336,0.9930850863456726,0.9989638328552246,0.9975190162658693,0.9999790787696838,0.997731626033783,0.982890486717224,0.0574135854840278,0.963411271572113,0.1214095056056976,0.9434249997138976,0.1346781849861145,0.9406325817108154,0.1423138380050659,0.9157877564430236,0.1493489295244217,0.9993389844894408,0.9970741868019104,0.9370005130767822,0.6471825242042542,0.9827722311019896,0.8196099996566772,0.966884970664978,0.8576614260673523,0.9764634370803832,0.8953571915626526,0.59285968542099,0.5972169637680054,0.5982550382614136,0.5994170904159546,0.5971418023109436,0.5982939004898071,0.5993410348892212,0.611045241355896,0.6093246340751648,0.5968536138534546,0.5964553952217102,0.6216235160827637,0.6216949224472046,0.627402126789093,0.6162242889404297,0.6139357686042786,0.6012567281723022,0.6139171719551086,0.5968940854072571,0.609017014503479,0.5935331583023071,0.6087683439254761,0.5950247049331665,0.6085587739944458,0.6070143580436707,0.6091688871383667,0.6059781312942505,0.6234055757522583,0.6236204504966736,0.6340721249580383,0.6330378651618958,0.5935336947441101,0.5944151282310486,0.3358297646045685,0.3275014162063598,0.3276263177394867,0.327779620885849,0.3270843625068664,0.3269043266773224,0.3266888260841369,0.3329431116580963,0.3309155702590942,0.3465504348278045,0.3462887108325958,0.3810578286647796,0.3802818059921264,0.4697680473327636,0.4540149569511413,0.5450281500816345,0.5108647346496582,0.5630958080291748,0.5242435336112976,0.5615148544311523,0.5241401195526123,0.5545759797096252,0.5199599862098694,0.5329734683036804,0.528183102607727,0.6276611685752869,0.6097443699836731,0.7069117426872253,0.6873344779014587,0.722258985042572,0.7033684849739075,0.7250284552574158,0.7083690762519836,-0.1497218757867813,-0.1665839701890945,-0.1666307747364044,-0.1667008250951767,-0.1397516131401062,-0.1397137939929962,-0.1397240459918975,-0.2035832107067108,-0.0831674709916114,-0.1595689505338668,-0.124795988202095,-0.2475363314151764,0.0096331043168902,-0.2646685838699341,0.0612443387508392,-0.2375784665346145,0.016028257086873,-0.2647530138492584,0.0159179251641035,-0.2643107175827026,-0.0023637611884623,-0.2360381633043289,0.0067694499157369,-0.0783530920743942,0.0781535878777504,0.0779555812478065,0.2188553363084793,0.2356345951557159,0.3845586478710174,0.2483927011489868,0.4000334739685058,0.1854395717382431,0.3660203814506531,Walk-To-Chair
457,0.998415231704712,0.9982320070266724,0.998694896697998,0.9988831877708436,0.9966569542884828,0.9962555766105652,0.995997428894043,0.9991291761398317,0.9933751225471495,0.9990071058273317,0.997624397277832,0.9999796152114868,0.9977477192878724,0.983982264995575,0.0564352162182331,0.9654278755187988,0.1164578273892402,0.9452818036079408,0.1283507347106933,0.942530393600464,0.1355717033147812,0.9174246788024902,0.1426714658737182,0.9993318915367126,0.9970867037773132,0.9395988583564758,0.6549708247184753,0.9821022748947144,0.8188802599906921,0.9654634594917296,0.8544014096260071,0.9761269688606262,0.8957657814025879,0.5900065898895264,0.5940347909927368,0.5952066779136658,0.5962544679641724,0.5942797660827637,0.5955758094787598,0.5966293811798096,0.6075865030288696,0.6063541173934937,0.5941295027732849,0.5939896702766418,0.6169615387916565,0.6227771043777466,0.6236041784286499,0.6180452704429626,0.6101092100143433,0.6011664867401123,0.6104553937911987,0.596709132194519,0.6056434512138367,0.5924909114837646,0.6054860353469849,0.594119668006897,0.6075111627578735,0.6085943579673767,0.6076448559761047,0.6041359901428223,0.6199036836624146,0.6174863576889038,0.6313053965568542,0.6276205778121948,0.5901378989219666,0.588844358921051,0.3360081613063812,0.3274756073951721,0.3276146948337555,0.327753335237503,0.3271358907222748,0.3270179331302643,0.3268416821956634,0.3328665196895599,0.3309142291545868,0.3469099402427673,0.3466695249080658,0.3813032507896423,0.380185067653656,0.4712657928466797,0.4541696608066559,0.545005202293396,0.5086441040039062,0.5631464123725891,0.5211461782455444,0.5618111491203308,0.5208196043968201,0.5548427104949951,0.5169332027435303,0.5328327417373657,0.5291206240653992,0.6269823908805847,0.611271858215332,0.7066799998283386,0.6912954449653625,0.7227147221565247,0.7087944149971008,0.7246906757354736,0.7086513042449951,-0.1405653208494186,-0.157611146569252,-0.1576491445302963,-0.1577076613903045,-0.1310321390628814,-0.1309946179389953,-0.131005048751831,-0.1972748339176178,-0.077894702553749,-0.1515742689371109,-0.1171216145157814,-0.2445090562105178,0.0125429835170507,-0.2609760165214538,0.0639666840434074,-0.2320374548435211,0.0296629779040813,-0.2586053013801574,0.0280804838985204,-0.2576194405555725,0.0088655902072787,-0.2304704934358596,0.0198388062417507,-0.0773231834173202,0.0770956650376319,0.0739026367664337,0.2127747237682342,0.2248448431491851,0.3706738948822021,0.2368902266025543,0.3851536512374878,0.177147552371025,0.3518631756305694,Walk-To-Chair
458,0.998408019542694,0.998226523399353,0.9986917972564696,0.9988912343978882,0.9966503381729126,0.996229648590088,0.9959728121757508,0.9991344809532166,0.9932963252067566,0.9990025758743286,0.9976077675819396,0.9999799132347108,0.9976896047592164,0.9848684072494508,0.0545637048780918,0.9670878052711488,0.111481063067913,0.946745991706848,0.1225408986210823,0.9439774751663208,0.1293155997991562,0.9184532761573792,0.1364063918590545,0.9993101358413696,0.9970219731330872,0.9420217871665956,0.659443199634552,0.9816552996635436,0.8162868618965149,0.9643400311470032,0.8492267727851868,0.9759922027587892,0.8954342007637024,0.5869852304458618,0.5913638472557068,0.59261554479599,0.5935473442077637,0.5916613936424255,0.5930764079093933,0.5940775275230408,0.604519784450531,0.603693425655365,0.5908228158950806,0.5906611680984497,0.6130713820457458,0.6202969551086426,0.6165863275527954,0.6180664896965027,0.6059065461158752,0.5980565547943115,0.6078554391860962,0.5932410955429077,0.6033700704574585,0.5910793542861938,0.602832019329071,0.5931909680366516,0.6072458028793335,0.6056700944900513,0.6078653335571289,0.601967453956604,0.61711585521698,0.6114245653152466,0.6295534372329712,0.6235347390174866,0.586411714553833,0.5806396007537842,0.3352678716182709,0.3266483843326568,0.326786458492279,0.3269339203834533,0.3263796269893646,0.3263028860092163,0.3261891305446625,0.3322260677814483,0.3302279412746429,0.3463902175426483,0.3461836278438568,0.3808878660202026,0.3801247775554657,0.4705114364624023,0.4543061256408691,0.5448058843612671,0.51133131980896,0.5630251169204712,0.5249853730201721,0.5617128610610962,0.5216290354728699,0.5547869205474854,0.5207352042198181,0.5327698588371277,0.529065728187561,0.6265178322792053,0.612773597240448,0.705959677696228,0.692419707775116,0.722643256187439,0.7106922268867493,0.7244933247566223,0.709151029586792,-0.1364753544330597,-0.1532799303531646,-0.1533184796571731,-0.1533712595701217,-0.1268514692783355,-0.1268145591020584,-0.126829594373703,-0.1920724362134933,-0.0741083770990371,-0.147268995642662,-0.1130490526556968,-0.2399691790342331,0.0140649350360035,-0.2590304017066955,0.0671331137418747,-0.2343736588954925,0.0308179315179586,-0.2615158259868622,0.0297232866287231,-0.2605602145195007,0.0117570012807846,-0.2328620702028274,0.0219384841620922,-0.0772159472107887,0.0770105272531509,0.0712092593312263,0.2137145698070526,0.2232668399810791,0.3715293407440185,0.2355183064937591,0.3860247135162353,0.1775731593370437,0.3547990620136261,Walk-To-Chair
459,0.9984606504440308,0.9982879757881165,0.9987292289733888,0.9989292621612548,0.9967780113220216,0.9963512420654296,0.996099889278412,0.9991605281829834,0.9935086965560912,0.9990177750587464,0.9976529479026794,0.9999784231185912,0.9976897835731506,0.9850208163261414,0.0532248467206954,0.9672524929046632,0.1066999807953834,0.9456671476364136,0.1167926639318466,0.9428238272666932,0.1230495348572731,0.9160165786743164,0.1299595534801483,0.9992987513542176,0.997089147567749,0.9435186982154846,0.6732631921768188,0.980842351913452,0.8218739628791809,0.9630430340766908,0.8507134318351746,0.9755977392196656,0.8983494639396667,0.5835906267166138,0.5879043936729431,0.5890887975692749,0.5900034308433533,0.588397204875946,0.5899487137794495,0.5911117792129517,0.6007464528083801,0.6007286906242371,0.5873696208000183,0.5874930024147034,0.6077591180801392,0.618022084236145,0.6127885580062866,0.6163817644119263,0.60261470079422,0.5953770875930786,0.6030990481376648,0.5904616713523865,0.5988162755966187,0.5875686407089233,0.5986148118972778,0.5895512700080872,0.6052035093307495,0.6028100848197937,0.6070713996887207,0.5933675765991211,0.6156339645385742,0.6017666459083557,0.6260589957237244,0.6082057952880859,0.5868704915046692,0.5633713006973267,0.3353511989116668,0.3266839385032654,0.3268286287784576,0.3269786834716797,0.3264068365097046,0.3263300955295563,0.3262103796005249,0.332245409488678,0.3302416205406189,0.3465096056461334,0.3463374972343445,0.3811993896961212,0.3804276883602142,0.4719825387001037,0.4543577432632446,0.5443994998931885,0.5104233026504517,0.5627974271774292,0.5238794088363647,0.5615502595901489,0.522606611251831,0.554575502872467,0.519751787185669,0.5329360365867615,0.5301879048347473,0.6238824725151062,0.6127769351005554,0.7029271721839905,0.6927396059036255,0.719387948513031,0.7111774682998657,0.7233653664588928,0.7069504261016846,-0.1332698464393615,-0.1516823023557663,-0.1517235338687896,-0.1517791748046875,-0.1242750138044357,-0.1242197602987289,-0.1242441982030868,-0.1893027126789093,-0.0734798237681388,-0.1465125977993011,-0.1110643520951271,-0.2366995364427566,0.0153963360935449,-0.2564666271209717,0.0651105940341949,-0.2222837954759597,0.0314304493367672,-0.248446986079216,0.0294638834893703,-0.2489349544048309,0.0081907715648412,-0.2215542793273925,0.0203615687787532,-0.0748568251729011,0.0746743381023407,0.0720101147890091,0.2119880616664886,0.2240395545959472,0.3674107193946838,0.236160397529602,0.3814325034618377,0.1816621422767639,0.3516530096530914,Walk-To-Chair
460,0.9983438849449158,0.9981895685195924,0.9986504912376404,0.998865842819214,0.9965811967849731,0.9961093664169312,0.9958044290542604,0.999112606048584,0.9928985834121704,0.9988926649093628,0.997308075428009,0.9999763369560242,0.9975214600563048,0.9855459332466124,0.0505563542246818,0.968625545501709,0.1022339686751365,0.9470162987709044,0.1119699031114578,0.9442518949508668,0.1178736239671707,0.9171282649040222,0.1245153248310089,0.9992786645889282,0.9971516728401184,0.9446289539337158,0.6832350492477417,0.9805591106414796,0.8287182450294495,0.9613062143325806,0.8519272208213806,0.9756836295127868,0.9015352129936218,0.5808141827583313,0.5853180289268494,0.5862976312637329,0.5872594714164734,0.5857122540473938,0.5869225859642029,0.5880519151687622,0.598300039768219,0.5978347659111023,0.584743857383728,0.5846337676048279,0.6072291731834412,0.6142453551292419,0.6098009943962097,0.6079035401344299,0.600489616394043,0.5904604196548462,0.6003078818321228,0.5855028629302979,0.5960947275161743,0.5823265910148621,0.5959787964820862,0.5842553377151489,0.6022353172302246,0.5969547629356384,0.606255829334259,0.5799005031585693,0.6165110468864441,0.5761048197746277,0.6268980503082275,0.5829575061798096,0.5875056982040405,0.5386722087860107,0.3354395031929016,0.3268243074417114,0.3269535601139068,0.3270922899246216,0.3265598118305206,0.3264767825603485,0.3263493776321411,0.3323931396007538,0.3304328620433807,0.3466165661811828,0.3464735746383667,0.3810717165470123,0.3803426325321197,0.4720034897327423,0.454304575920105,0.5444444417953491,0.5070134997367859,0.5629032850265503,0.520730197429657,0.561741292476654,0.5212478637695312,0.5548269152641296,0.5172682404518127,0.5333177447319031,0.5302091836929321,0.6229263544082642,0.6112489700317383,0.7026823163032532,0.6932607889175415,0.7193173170089722,0.7118423581123352,0.7225176095962524,0.7013700008392334,-0.130681961774826,-0.1508035957813263,-0.1508417278528213,-0.1508738696575164,-0.1224463433027267,-0.1223989725112915,-0.1224380731582641,-0.1877881735563278,-0.0729601681232452,-0.1455058157444,-0.1087967976927757,-0.2356507033109665,0.0173410754650831,-0.2597959637641907,0.07000782340765,-0.2353552281856537,0.0385609492659568,-0.2619091868400574,0.0391866192221641,-0.2614537477493286,0.0146369440481066,-0.2341361045837402,0.0263570602983236,-0.0747891068458557,0.0746205747127533,0.0695020109415054,0.1963330954313278,0.1973999440670013,0.3328612148761749,0.2075539827346801,0.3437963724136352,0.1497450768947601,0.3080988526344299,Walk-To-Chair
461,0.9983357787132264,0.9981973171234132,0.9986425638198853,0.9988632798194884,0.9966071844100952,0.9961172938346864,0.9958081245422364,0.9991020560264589,0.9928443431854248,0.9988346695899964,0.997182071208954,0.9999748468399048,0.9974402785301208,0.9860187768936156,0.0482712388038635,0.9698486328125,0.0963746458292007,0.9481752514839172,0.1055521517992019,0.9454632997512816,0.1110451593995094,0.918045938014984,0.1174502447247505,0.9992675185203552,0.9972316026687622,0.9455037117004396,0.6933718919754028,0.979823112487793,0.8337732553482056,0.959517538547516,0.8520498871803284,0.974928081035614,0.9027393460273744,0.5781293511390686,0.5828393697738647,0.5837902426719666,0.5847669839859009,0.5830832719802856,0.5841357707977295,0.5851536393165588,0.595425009727478,0.5944939851760864,0.58198082447052,0.5817273855209351,0.6033836603164673,0.6125085353851318,0.6061161756515503,0.6088965535163879,0.5954795479774475,0.5911969542503357,0.5952566862106323,0.5865656137466431,0.5915856957435608,0.5831682085990906,0.591392457485199,0.5847920179367065,0.599384605884552,0.5975385308265686,0.6036049723625183,0.5763789415359497,0.6169156432151794,0.5660842657089233,0.6273601651191711,0.5721944570541382,0.5879278182983398,0.5297886729240417,0.3355839848518371,0.3269850611686706,0.3271130919456482,0.3272587656974792,0.3267171680927276,0.3266282677650451,0.326496809720993,0.3325608968734741,0.3306110203266144,0.3467123806476593,0.3465873599052429,0.3811743557453155,0.3804815113544464,0.4715005457401275,0.4509035646915436,0.54435795545578,0.5008839964866638,0.562821090221405,0.5137578248977661,0.5616087317466736,0.5145480036735535,0.5547512769699097,0.5102019906044006,0.5336815118789673,0.5301788449287415,0.62188321352005,0.6111112833023071,0.702467679977417,0.6930683255195618,0.7193583250045776,0.7108677625656128,0.7216980457305908,0.6934794783592224,-0.1012033596634864,-0.1192594170570373,-0.1192928701639175,-0.1193158254027366,-0.0925583690404892,-0.0925234109163284,-0.0925563499331474,-0.1631017476320266,-0.046250082552433,-0.115181028842926,-0.0807398185133934,-0.2203752696514129,0.0395947024226188,-0.249380275607109,0.0817401558160781,-0.2195860147476196,0.0517290011048316,-0.2446754723787307,0.0540678612887859,-0.2417280972003936,0.0310170985758304,-0.2173173129558563,0.0401296876370906,-0.0747360959649086,0.0745706707239151,0.0458212792873382,0.1719669997692108,0.1711694747209549,0.2910248935222626,0.180751159787178,0.3006764054298401,0.1318414807319641,0.2685935199260711,Walk-To-Chair
462,0.9981509447097778,0.9980185031890868,0.9984928965568542,0.9987524747848512,0.996269941329956,0.995721995830536,0.9954219460487366,0.9990015029907228,0.9919490218162536,0.9986136555671692,0.9966669678688048,0.999971091747284,0.9972226023674012,0.986542284488678,0.0464179404079914,0.9710617661476136,0.0930608361959457,0.9494602084159852,0.1019832119345665,0.9468255639076232,0.1072677075862884,0.9193326234817504,0.1135345846414566,0.9991881847381592,0.9971902966499328,0.944610834121704,0.6956284046173096,0.97853821516037,0.8353913426399231,0.9563204050064088,0.8495410084724426,0.97347754240036,0.9020509123802184,0.5750643014907837,0.5795602202415466,0.5805357098579407,0.5815680027008057,0.5796443223953247,0.5805934071540833,0.5815223455429077,0.5923309326171875,0.5904089212417603,0.5789803266525269,0.5785261392593384,0.6028255224227905,0.6058598756790161,0.6077771186828613,0.6003243327140808,0.5946738719940186,0.5815267562866211,0.594438910484314,0.5762579441070557,0.5898224115371704,0.573296844959259,0.589522123336792,0.5751581192016602,0.596001923084259,0.5926755666732788,0.5991848707199097,0.5733953714370728,0.6171631813049316,0.5632961392402649,0.6280055642127991,0.569241464138031,0.5872047543525696,0.5233887434005737,0.33613982796669,0.3274507224559784,0.3275130987167358,0.327584445476532,0.3271817862987518,0.327033668756485,0.3268448412418365,0.332656055688858,0.3306696116924286,0.3471059799194336,0.3469547033309936,0.3810820877552032,0.3805930912494659,0.4707280993461609,0.4496256709098816,0.5443353056907654,0.4973073005676269,0.5628201365470886,0.509652853012085,0.561721682548523,0.5104181170463562,0.5547951459884644,0.5062258243560791,0.53363037109375,0.530342698097229,0.6215110421180725,0.6110993027687073,0.7024641036987305,0.6929510831832886,0.7195705771446228,0.7108760476112366,0.7216692566871643,0.6915937066078186,-0.1019528955221176,-0.1193985566496849,-0.1194324493408203,-0.119458794593811,-0.0931621417403221,-0.0931402891874313,-0.0931734219193458,-0.1614762395620346,-0.0449281707406044,-0.1145990639925003,-0.0806992053985595,-0.2150662392377853,0.0411111116409301,-0.244607925415039,0.0830346494913101,-0.2181192189455032,0.0512152723968029,-0.2429012805223465,0.0528715848922729,-0.2401321679353714,0.0300536062568426,-0.2158055752515792,0.0397019274532794,-0.0744334012269973,0.0743071660399437,0.0178993307054042,0.1457371264696121,0.127680554986,0.2466674149036407,0.135258212685585,0.2543601095676422,0.0810805782675743,0.2190090417861938,Walk-To-Chair
463,0.9981806874275208,0.9980599880218506,0.9985135793685912,0.998773455619812,0.9963515400886536,0.99580979347229,0.9955375790596008,0.9990133047103882,0.9919580817222596,0.9985979795455932,0.9966667294502258,0.9999696612358092,0.9972530603408812,0.9871070384979248,0.0442109853029251,0.9722918272018432,0.088443748652935,0.9508135318756104,0.0970371887087822,0.9482560753822328,0.1019984632730484,0.9204845428466796,0.1080017536878585,0.9991703033447266,0.9973095059394836,0.9460165500640868,0.7073221802711487,0.9789758324623108,0.8446503281593323,0.954980194568634,0.8538049459457397,0.9741090536117554,0.9070499539375304,0.5720831751823425,0.5767267346382141,0.5777798295021057,0.5788775682449341,0.57654869556427,0.5774131417274475,0.578260064125061,0.5897091627120972,0.5872422456741333,0.576003909111023,0.5751630067825317,0.598323404788971,0.6025664210319519,0.6004965901374817,0.5980030298233032,0.5879343152046204,0.5800310373306274,0.5892159938812256,0.5749979019165039,0.5850544571876526,0.5724203586578369,0.5846635103225708,0.5741242170333862,0.5929713845252991,0.5916916728019714,0.5990152955055237,0.5739598870277405,0.6186713576316833,0.5485712289810181,0.6288568377494812,0.5626851320266724,0.5872921943664551,0.5160263180732727,0.3368331789970398,0.3282376527786255,0.3283364176750183,0.3284418284893036,0.3278411030769348,0.327648252248764,0.327416718006134,0.333526611328125,0.3312666714191437,0.3478955924510956,0.3475904166698456,0.3820776045322418,0.3814772665500641,0.4715127646923065,0.4499702155590057,0.5443381667137146,0.4973554313182831,0.5627813935279846,0.5100055932998657,0.5616754293441772,0.5110883116722107,0.5547844767570496,0.5065518021583557,0.5337690711021423,0.5303675532341003,0.6212394833564758,0.6103113889694214,0.7024177312850952,0.6911174654960632,0.7194954752922058,0.711212158203125,0.722015380859375,0.6913076043128967,-0.1044435277581214,-0.1214990615844726,-0.1215537786483764,-0.121627427637577,-0.096584215760231,-0.0965451300144195,-0.0965781658887863,-0.1635143756866455,-0.0490325056016445,-0.1166887432336807,-0.0842983350157737,-0.2186607420444488,0.0397049523890018,-0.2497368156909942,0.0817615389823913,-0.2180803269147873,0.0471633747220039,-0.2427974939346313,0.0491097196936607,-0.2395541667938232,0.0243299920111894,-0.2155275791883468,0.0349644236266613,-0.0754385367035865,0.0753558725118637,0.0136315450072288,0.1353605091571808,0.1283243596553802,0.2367430478334427,0.1361330598592758,0.244107574224472,0.076723389327526,0.2036639750003814,Walk-To-Chair
464,0.9982655644416808,0.9981509447097778,0.998577892780304,0.9988296031951904,0.996528685092926,0.9960163235664368,0.9957714676856996,0.9990574717521667,0.9923043847084044,0.9986465573310852,0.9967998266220092,0.9999701976776124,0.9973899722099304,0.987668752670288,0.0433451794087886,0.9735398292541504,0.0870357826352119,0.952408254146576,0.0953089743852615,0.94999498128891,0.1001014113426208,0.922321319580078,0.105831004679203,0.9991862773895264,0.9974569082260132,0.9488453269004822,0.7230347394943237,0.9800572991371156,0.8544416427612305,0.9548732042312622,0.8573400974273682,0.9754128456115724,0.912184715270996,0.5677567720413208,0.572160542011261,0.5731939077377319,0.57432621717453,0.5719961524009705,0.5728899836540222,0.5738571286201477,0.5854901075363159,0.583757758140564,0.5718322396278381,0.5711595416069031,0.5942142009735107,0.5985656976699829,0.5959433317184448,0.5930009484291077,0.5846194624900818,0.5751356482505798,0.5861631035804749,0.5698805451393127,0.5820913910865784,0.5677213668823242,0.5816959738731384,0.569827675819397,0.5909457802772522,0.5852906703948975,0.598476767539978,0.5682627558708191,0.6197174787521362,0.5465555191040039,0.629237949848175,0.5549598932266235,0.5876885652542114,0.5144275426864624,0.3391160368919372,0.3304207921028137,0.3304419219493866,0.3304572701454162,0.3300203680992126,0.3297424018383026,0.3294091522693634,0.3350057303905487,0.3329096138477325,0.3498886823654175,0.3497483134269714,0.3824278116226196,0.381608784198761,0.4703432619571686,0.4526058137416839,0.5446637868881226,0.5028734803199768,0.5630062222480774,0.5175275206565857,0.5620607137680054,0.5191148519515991,0.5551267862319946,0.5137964487075806,0.5328392386436462,0.5300227403640747,0.6209777593612671,0.6096858978271484,0.7027482986450195,0.6910402178764343,0.7198927998542786,0.7122310996055603,0.7225692868232727,0.692444384098053,-0.1043791770935058,-0.1216044053435325,-0.1216382831335067,-0.1216728463768959,-0.095758631825447,-0.0957316011190414,-0.0957554131746292,-0.1629792749881744,-0.0463059768080711,-0.1166478991508483,-0.0830985754728317,-0.2157813012599945,0.0416823104023933,-0.2408548593521118,0.0812281668186187,-0.2073580771684646,0.0454217083752155,-0.2308016717433929,0.048020489513874,-0.2283058911561966,0.0223450846970081,-0.2048662900924682,0.0330651775002479,-0.0750782489776611,0.0750103145837783,-0.0080022122710943,0.1358698904514312,0.0873921364545822,0.2256019562482834,0.0929683372378349,0.2314271032810211,0.0322196036577224,0.19369637966156,Walk-To-Chair
465,0.998396933078766,0.9982878565788268,0.9986801147460938,0.9989129304885864,0.9967987537384032,0.9963257312774658,0.9961051940917968,0.9991239309310912,0.9929049015045166,0.9987372159957886,0.9970348477363586,0.9999704360961914,0.9974711537361144,0.988150417804718,0.043591920286417,0.9749367237091064,0.0873664319515228,0.9544298648834229,0.0950399935245513,0.9520857930183412,0.099572829902172,0.9251005053520204,0.105418637394905,0.9991629123687744,0.9974827766418456,0.9492025375366212,0.7274041771888733,0.980219304561615,0.8587771654129028,0.955892026424408,0.8595995306968689,0.9756485223770142,0.913714587688446,0.5634200572967529,0.5679106116294861,0.5689259767532349,0.5700334310531616,0.5678099393844604,0.5687388777732849,0.5697365999221802,0.5810080170631409,0.579591691493988,0.5675264000892639,0.5667882561683655,0.5900776982307434,0.5957925915718079,0.5937634706497192,0.5938886404037476,0.5833436250686646,0.5753787755966187,0.5843508243560791,0.5696631669998169,0.5790892839431763,0.5675351619720459,0.5785898566246033,0.5697411894798279,0.5823323130607605,0.5859633684158325,0.5904268026351929,0.5733335614204407,0.6039453744888306,0.5640630722045898,0.6236152648925781,0.5719000101089478,0.5838739275932312,0.5214771628379822,0.3393683433532715,0.3309356570243835,0.3309626579284668,0.3309795260429382,0.3305406272411346,0.3302735686302185,0.3299484252929687,0.3356329798698425,0.3336967527866363,0.350113958120346,0.3499750196933746,0.3832397162914276,0.3822338283061981,0.4707172811031341,0.4579052329063415,0.5449010133743286,0.514145016670227,0.5633590817451477,0.5294740200042725,0.5622485280036926,0.5319898724555969,0.5554820895195007,0.5265617966651917,0.5328978896141052,0.5301503539085388,0.6216102242469788,0.6107610464096069,0.7061503529548645,0.6955870389938354,0.7193460464477539,0.7149947881698608,0.7225626111030579,0.697248637676239,-0.079577550292015,-0.0961946323513984,-0.096210278570652,-0.0962214320898056,-0.0713220387697219,-0.071300484240055,-0.0713273361325264,-0.1406034380197525,-0.0299088694155216,-0.0933931022882461,-0.0613471157848835,-0.197709783911705,0.0467288345098495,-0.2215795964002609,0.0806669294834137,-0.1926159560680389,0.0454367138445377,-0.2151117622852325,0.0475797094404697,-0.2134837210178375,0.0223958846181631,-0.1906788051128387,0.0332195088267326,-0.0727178677916526,0.0726410374045372,0.0033260912168771,0.1402304768562317,0.0940757617354393,0.2314253747463226,0.0993844792246818,0.2380427569150924,0.0442178435623645,0.20501808822155,Walk-To-Chair
466,0.9984477162361144,0.9983153343200684,0.9986992478370668,0.998929500579834,0.9968657493591307,0.9964050054550172,0.9961887001991272,0.9991462230682372,0.9928755760192872,0.9987708926200868,0.9970946311950684,0.9999716281890868,0.997595191001892,0.988845705986023,0.0436978712677955,0.9764496088027954,0.0905913114547729,0.9567610621452332,0.0979875698685646,0.9545625448226928,0.1026913598179817,0.9284536838531494,0.1084496974945068,0.9991853833198548,0.9976211190223694,0.9527549147605896,0.7432807683944702,0.9815288186073304,0.8690776824951172,0.9561006426811218,0.8661400079727173,0.9772468209266664,0.9195829629898072,0.5601349472999573,0.5644605755805969,0.5655142068862915,0.5666708946228027,0.5642617344856262,0.5651189684867859,0.5660259127616882,0.5776358842849731,0.5751757025718689,0.564231276512146,0.5634189248085022,0.5904253125190735,0.5844676494598389,0.596427321434021,0.5798945426940918,0.5824614763259888,0.5685632228851318,0.5820769667625427,0.563089907169342,0.5757709741592407,0.5614085793495178,0.5754901170730591,0.5625964403152466,0.5823150873184204,0.5720635056495667,0.5926158428192139,0.5604432821273804,0.6102380752563477,0.5506705641746521,0.6241028308868408,0.5574001669883728,0.585770845413208,0.515710175037384,0.3398690819740295,0.331605315208435,0.3316448926925659,0.3316665887832641,0.331230491399765,0.3309902250766754,0.3306924998760223,0.3363798856735229,0.3345419466495514,0.3506317734718323,0.3504199087619781,0.3837116956710815,0.3838778734207153,0.4700223803520202,0.4581541419029236,0.5455305576324463,0.5168665647506714,0.5642098188400269,0.5338737368583679,0.5628618597984314,0.5338142514228821,0.556198000907898,0.5271387696266174,0.5325306057929993,0.5300993919372559,0.6209476590156555,0.6107431054115295,0.7052630186080933,0.6953458786010742,0.7181374430656433,0.7146342992782593,0.7228304147720337,0.7013959288597107,-0.0994231179356575,-0.115748181939125,-0.1157898679375648,-0.1158128604292869,-0.0909004285931587,-0.0908776000142097,-0.0909007340669632,-0.1482625007629394,-0.0368692129850387,-0.1093615889549255,-0.0768787860870361,-0.2029295265674591,0.04148580878973,-0.2242934256792068,0.0747793912887573,-0.2059671580791473,0.0323908627033233,-0.2299048155546188,0.0316967777907848,-0.2300015389919281,0.0048603131435811,-0.2040829956531524,0.0193472616374492,-0.0724948868155479,0.0724416822195053,-0.023786699399352,0.1300527453422546,0.0652001500129699,0.2170106619596481,0.0697028189897537,0.2219763249158859,0.0031192374881356,0.1799726635217666,Walk-To-Chair
467,0.9984694123268129,0.998327612876892,0.9987057447433472,0.9989278316497804,0.9969274401664734,0.9964922070503236,0.9962844252586364,0.999146580696106,0.9929904341697692,0.9987727403640748,0.99714595079422,0.9999713897705078,0.9976690411567688,0.989103615283966,0.0437706112861633,0.9765953421592712,0.0901456326246261,0.956412136554718,0.0969538986682891,0.9542267322540284,0.10149896889925,0.9272841215133668,0.1071948632597923,0.9991957545280457,0.997691810131073,0.9555028080940248,0.7511221766471863,0.982618510723114,0.8761257529258728,0.9572877883911132,0.869908332824707,0.9785255193710328,0.9233666658401488,0.5574048757553101,0.5613484978675842,0.5621111392974854,0.5628756880760193,0.5617612600326538,0.5627774596214294,0.5637149810791016,0.5732654333114624,0.5725879073143005,0.5609596967697144,0.5609583258628845,0.5826882123947144,0.5858979225158691,0.5893228650093079,0.5842260718345642,0.5764046907424927,0.5676177740097046,0.5765464901924133,0.5622841119766235,0.5709208250045776,0.5600305795669556,0.5699597597122192,0.5620862245559692,0.5766178369522095,0.5748025178909302,0.5883986353874207,0.5592970252037048,0.6107824444770813,0.5476091504096985,0.624998927116394,0.5546323657035828,0.5858344435691833,0.5141043066978455,0.3401441574096679,0.3317704498767853,0.3317956924438476,0.3318154215812683,0.3314319252967834,0.3311991691589355,0.3309216201305389,0.336677074432373,0.3347956538200378,0.350706934928894,0.3505052328109741,0.3838748335838318,0.3842940330505371,0.4705722033977508,0.4597143232822418,0.5454872846603394,0.5177223682403564,0.5641649961471558,0.5330524444580078,0.562716543674469,0.5341917276382446,0.5559844374656677,0.5285406708717346,0.5321416854858398,0.5300828218460083,0.619590163230896,0.6107015609741211,0.7052260637283325,0.695242166519165,0.7179847955703735,0.7142025232315063,0.722798764705658,0.7023645639419556,-0.1019178852438926,-0.1183168888092041,-0.1183579340577125,-0.1183849573135376,-0.0930721312761306,-0.0930458977818489,-0.0930661410093307,-0.153030440211296,-0.040881372988224,-0.1117929965257644,-0.0789678767323494,-0.2100028693675995,0.0355344340205192,-0.2326140850782394,0.0683778822422027,-0.2131242454051971,0.027857044711709,-0.237075999379158,0.0274440161883831,-0.2359815388917923,0.0025474424473941,-0.2112816572189331,0.0155047010630369,-0.0726900547742843,0.0726308524608612,-0.007103756070137,0.1378930211067199,0.0928063541650772,0.2383633553981781,0.0989326238632202,0.246189683675766,0.0374120064079761,0.2102571725845337,Walk-To-Chair
468,0.998546838760376,0.9984095096588136,0.9987647533416748,0.9989774227142334,0.9970869421958924,0.9966788291931152,0.99649578332901,0.9991785883903505,0.9933114051818848,0.9988187551498412,0.9972713589668274,0.999971091747284,0.997769832611084,0.989213764667511,0.0433728396892547,0.9762428998947144,0.0887579172849655,0.955264151096344,0.0954217314720153,0.9531358480453492,0.0998318344354629,0.9251981973648072,0.1055108308792114,0.999207615852356,0.9977714419364928,0.9571070075035096,0.7544336915016174,0.9833992719650269,0.8806461691856384,0.9581843614578248,0.8714116811752319,0.9795302152633668,0.9260413646697998,0.5534205436706543,0.5575796365737915,0.5585305094718933,0.5595459938049316,0.5575432777404785,0.558426022529602,0.5593167543411255,0.5704071521759033,0.5683869123458862,0.5570725202560425,0.5566970109939575,0.5803757905960083,0.5807615518569946,0.5848349928855896,0.5770711898803711,0.5717685222625732,0.5600595474243164,0.5718382596969604,0.554757297039032,0.5670751333236694,0.5525967478752136,0.566748321056366,0.5548721551895142,0.5720881819725037,0.5703181624412537,0.5806387662887573,0.5580620765686035,0.6082994341850281,0.5485658049583435,0.6255978345870972,0.5554541349411011,0.5855153799057007,0.5131917595863342,0.340208351612091,0.3319519162178039,0.3319767415523529,0.3320014774799347,0.3316564261913299,0.3314599096775055,0.3312287926673889,0.3369922935962677,0.335189014673233,0.3507026731967926,0.3505071103572845,0.3841020464897156,0.3843318819999695,0.4705229997634887,0.4602046012878418,0.5453945398330688,0.5162010788917542,0.5638759136199951,0.5308603048324585,0.5624942183494568,0.5319674611091614,0.5557859539985657,0.5267232060432434,0.5318810939788818,0.5300676226615906,0.6190623044967651,0.6105417013168335,0.7051761746406555,0.6945446133613586,0.7178517580032349,0.7139876484870911,0.7231484055519104,0.7037854790687561,-0.1033055409789085,-0.1199840679764747,-0.1200203672051429,-0.1200481802225112,-0.0944812223315239,-0.0944562554359436,-0.0944770500063896,-0.1575639545917511,-0.0436103194952011,-0.1140097826719284,-0.0809078738093376,-0.2109525501728058,0.0354301258921623,-0.2333203852176666,0.0693951770663261,-0.2102444618940353,0.0300209522247314,-0.233834221959114,0.0298516564071178,-0.2325464487075805,0.0050457273609936,-0.2085111439228058,0.0177667718380689,-0.0727101936936378,0.0726502761244773,-0.0084578171372413,0.143490195274353,0.0849681496620178,0.2449882477521896,0.0905341133475303,0.2523446977138519,0.0288014858961105,0.2155812233686447,Walk-To-Chair
469,0.9986094832420348,0.9984692931175232,0.998813271522522,0.9990144968032836,0.9972047805786132,0.9968135952949524,0.9966337084770204,0.9992114901542664,0.9934968948364258,0.9988694787025452,0.9973857402801514,0.9999725818634032,0.9978898167610168,0.9896405935287476,0.0434664599597454,0.9765781164169312,0.0888813659548759,0.9554562568664552,0.09524417668581,0.9534095525741576,0.0996408984065055,0.925019145011902,0.1053802371025085,0.9992560744285583,0.9979041218757628,0.9602200388908386,0.7629574537277222,0.9846803545951844,0.8874354362487793,0.9600731134414672,0.8751436471939087,0.981105625629425,0.930286705493927,0.5487838983535767,0.5527181029319763,0.5536235570907593,0.554583728313446,0.5528824925422668,0.553862452507019,0.5548451542854309,0.5655967593193054,0.5640042424201965,0.5524420142173767,0.5524600744247437,0.5775104761123657,0.5759137272834778,0.5836018919944763,0.5732786059379578,0.5686900615692139,0.5579525828361511,0.5696073174476624,0.5530203580856323,0.5652911067008972,0.5508118867874146,0.5644442439079285,0.5564402937889099,0.5708181262016296,0.5654980540275574,0.5823131203651428,0.5546526312828064,0.6085736751556396,0.5464897155761719,0.6262037754058838,0.5538707971572876,0.5855502486228943,0.5127347707748413,0.3400865793228149,0.3318758904933929,0.3318872153759002,0.3319026231765747,0.3316046297550201,0.3314127326011657,0.3311901986598968,0.3368829190731048,0.3351659178733825,0.3505045473575592,0.3503466844558716,0.3837520480155945,0.3843187987804413,0.4703985452651977,0.4600264728069305,0.5447755455970764,0.5169140100479126,0.5630985498428345,0.5321337580680847,0.5619291067123413,0.5309818387031555,0.5551146268844604,0.5297855734825134,0.5305661559104919,0.5293377041816711,0.6177065968513489,0.6091791391372681,0.7046748399734497,0.6942814588546753,0.7172719240188599,0.713718056678772,0.7233118414878845,0.704602837562561,-0.1197424679994583,-0.1368926912546157,-0.1369280666112899,-0.1369610875844955,-0.110349491238594,-0.1103226691484451,-0.1103348135948181,-0.1757499277591705,-0.0557842664420604,-0.1309538185596466,-0.0962918177247047,-0.2230298817157745,0.0293812099844217,-0.244674876332283,0.0674850940704345,-0.2208012044429779,0.0257549174129962,-0.2459049224853515,0.0245620608329772,-0.2451011687517166,-0.000796673935838,-0.2191138267517089,0.0132271032780408,-0.0741544142365455,0.074109248816967,-0.0170888025313615,0.1659784018993377,0.0774883180856704,0.2894620299339294,0.0830485671758651,0.2985992729663849,0.0157211497426033,0.259835422039032,Walk-To-Chair
470,0.9987117648124696,0.9985772371292114,0.9988974928855896,0.999083399772644,0.997406244277954,0.997044324874878,0.996877670288086,0.9992685914039612,0.9939317107200624,0.998947262763977,0.9975683093070984,0.9999743700027466,0.9980143904685974,0.9902161359786988,0.0438642501831054,0.977523148059845,0.0890829712152481,0.9568703770637512,0.095230184495449,0.9549227356910706,0.0996075347065925,0.9269585609436036,0.1051535978913307,0.999289572238922,0.9980024695396424,0.9633880853652954,0.7754347324371338,0.9859384298324584,0.8951349258422852,0.9622604846954346,0.88072669506073,0.9826279282569884,0.9348157048225404,0.5462755560874939,0.550042450428009,0.5508652329444885,0.5517589449882507,0.5503177642822266,0.5512984991073608,0.5523435473442078,0.5621203184127808,0.5616341829299927,0.5493237376213074,0.5494919419288635,0.5683141946792603,0.5773899555206299,0.5757924318313599,0.5768608450889587,0.5636220574378967,0.5562443733215332,0.5644380450248718,0.550288736820221,0.5606473684310913,0.5496179461479187,0.5601643919944763,0.5549629330635071,0.5659579038619995,0.5617354512214661,0.5797234773635864,0.5521479845046997,0.6094111204147339,0.5450533628463745,0.6262894868850708,0.5532891750335693,0.5851264595985413,0.5117108225822449,0.3403187692165375,0.3318802118301391,0.331890195608139,0.3319050967693329,0.3316182494163513,0.3314320743083954,0.3312166333198547,0.3368354737758636,0.3351609408855438,0.350555270910263,0.350444495677948,0.3828277587890625,0.3838179409503937,0.4688496887683868,0.4595196545124054,0.5417012572288513,0.5163260698318481,0.5600837469100952,0.5311501622200012,0.5590957403182983,0.5305036306381226,0.5518378019332886,0.5292177200317383,0.5276595950126648,0.5262498259544373,0.6159452795982361,0.6079259514808655,0.7026497721672058,0.6941556930541992,0.714706540107727,0.7138481736183167,0.723336398601532,0.7054166197776794,-0.0976725220680236,-0.1144970655441284,-0.1145251020789146,-0.1145445257425308,-0.0885733142495155,-0.08854790776968,-0.0885551124811172,-0.1561848223209381,-0.039077740162611,-0.110378123819828,-0.076596476137638,-0.2127428948879242,0.0446428693830966,-0.235404372215271,0.0747626274824142,-0.2042193412780761,0.0317077152431011,-0.2266255170106887,0.0316909849643707,-0.2258718311786651,0.0070157214067876,-0.2023931294679641,0.0191084705293178,-0.0756049901247024,0.0755421072244644,-0.0415999926626682,0.144607275724411,0.0270402673631906,0.2293063849210739,0.0298380348831415,0.2339967787265777,-0.0368641950190067,0.1957146823406219,Walk-To-Chair
471,0.9988226294517516,0.9986990690231324,0.9989922642707824,0.999162256717682,0.99763023853302,0.9972982406616212,0.997145414352417,0.9993326663970948,0.9944345951080322,0.9990351796150208,0.9977720379829408,0.9999764561653136,0.9981423020362854,0.9909164309501648,0.0452737025916576,0.978851556777954,0.0904535874724388,0.9590829014778136,0.0963271632790565,0.957267701625824,0.1005821675062179,0.9302788376808168,0.1058872863650322,0.9993310570716858,0.9980901479721068,0.966399073600769,0.7842787504196167,0.9871461391448976,0.901785671710968,0.96480792760849,0.8855624198913574,0.984090268611908,0.9387048482894896,0.5426439642906189,0.5465723276138306,0.5475765466690063,0.5485453605651855,0.5466475486755371,0.5474023222923279,0.5485581159591675,0.5587058663368225,0.5575748085975647,0.545383095741272,0.5452356934547424,0.5637207627296448,0.5739399194717407,0.5669234991073608,0.5736359357833862,0.5565990209579468,0.5606077909469604,0.5595097541809082,0.5551275610923767,0.5560256838798523,0.5539475083351135,0.5551794171333313,0.5568109154701233,0.5605958700180054,0.5578507781028748,0.5695457458496094,0.5493136048316956,0.6108541488647461,0.5457080602645874,0.6261519193649292,0.5542713403701782,0.5834532380104065,0.5121283531188965,0.3399156630039215,0.3315581381320953,0.3315940201282501,0.3316357731819153,0.3312809765338897,0.3311143517494201,0.3309141993522644,0.3362989723682403,0.3346831202507019,0.3500270843505859,0.3498270809650421,0.3809815645217895,0.3818781971931457,0.4659330248832702,0.4589422345161438,0.5390784740447998,0.5170774459838867,0.557571530342102,0.5338195562362671,0.5571866631507874,0.5345609784126282,0.5498634576797485,0.5314613580703735,0.5227101445198059,0.5194948315620422,0.6119858622550964,0.6048853397369385,0.6985461115837097,0.6939706802368164,0.710128128528595,0.7138116359710693,0.7230158448219299,0.7052984237670898,-0.0995973795652389,-0.1171339303255081,-0.1171649545431137,-0.1171884909272193,-0.090959221124649,-0.0909422561526298,-0.0909663811326026,-0.1584654450416565,-0.0417820438742637,-0.1126813516020774,-0.0785574242472648,-0.2134815007448196,0.0427470207214355,-0.2362581193447113,0.0703915506601333,-0.2059684246778488,0.0301734264940023,-0.2289084196090698,0.030988585203886,-0.2275929152965545,0.0073357066139578,-0.2039535939693451,0.0184489171952009,-0.0778538435697555,0.0777846127748489,-0.049907986074686,0.1400542855262756,0.0144436014816164,0.2166011333465576,0.0168628506362438,0.2206460982561111,-0.0483770295977592,0.1825382709503173,Walk-To-Chair
472,0.9989054799079896,0.9987833499908448,0.9990574717521667,0.9992175698280334,0.9977875351905824,0.9974705576896667,0.9973291754722596,0.9993797540664672,0.9947432279586792,0.9991031885147096,0.9979256391525269,0.999978244304657,0.9982615113258362,0.9915072917938232,0.0458579398691654,0.9800447821617126,0.0926533490419387,0.9611465334892272,0.0986798256635665,0.9594465494155884,0.1031930223107338,0.9333924055099488,0.1087101846933364,0.9993541836738586,0.9981746673583984,0.9688785076141356,0.7901101112365723,0.988170862197876,0.9072378873825072,0.9666488766670228,0.8897834420204163,0.9853047728538512,0.9417991638183594,0.5398022532463074,0.5437597036361694,0.544715940952301,0.5457999110221863,0.5435391664505005,0.5441886186599731,0.5449751615524292,0.5558100938796997,0.5532771944999695,0.5430756211280823,0.5424160957336426,0.5634108781814575,0.5651494264602661,0.5696366429328918,0.5624169111251831,0.5557587146759033,0.5472656488418579,0.558256208896637,0.5420002937316895,0.5524576902389526,0.5411402583122253,0.5515909194946289,0.5437173843383789,0.5563051700592041,0.5528456568717957,0.5645209550857544,0.5455325245857239,0.6088395714759827,0.5458287596702576,0.6236349940299988,0.5542407035827637,0.5834050178527832,0.5137735605239868,0.3389692902565002,0.3306971788406372,0.3307558894157409,0.3308480978012085,0.3304027915000915,0.3302327990531921,0.3300509750843048,0.3354273438453674,0.333679586648941,0.3487502336502075,0.3485196530818939,0.3786444664001465,0.3805937469005584,0.4641020596027374,0.4572537541389465,0.5368274450302124,0.5153812766075134,0.5556625723838806,0.5332077741622925,0.555523693561554,0.5338609218597412,0.5478096008300781,0.5297278761863708,0.5193163752555847,0.5176755785942078,0.610515296459198,0.6030595898628235,0.6937434077262878,0.69402676820755,0.7014623284339905,0.7136472463607788,0.7230021357536316,0.7053092122077942,-0.1000613123178482,-0.1183305531740188,-0.1183626055717468,-0.1183864325284957,-0.0916292890906333,-0.0916089862585067,-0.0916358828544616,-0.1583108603954315,-0.042959775775671,-0.114116832613945,-0.0799779221415519,-0.2118071615695953,0.0437143519520759,-0.2365481406450271,0.0745323449373245,-0.2069871723651886,0.0332628190517425,-0.2302091866731643,0.0342492386698722,-0.2289045304059982,0.0100586358457803,-0.2050702571868896,0.0215640477836132,-0.078524924814701,0.0784697607159614,-0.0484947971999645,0.1341471374034881,0.0193966012448072,0.2115335017442703,0.0223415177315473,0.2158416211605072,-0.0413541533052921,0.1771762073040008,Walk-To-Chair
473,0.9989416599273682,0.9988155961036682,0.9990820288658142,0.9992390275001526,0.9978416562080384,0.9975191354751588,0.9973894953727722,0.9994015097618104,0.994812309741974,0.9991335868835448,0.997995674610138,0.9999796152114868,0.9983558654785156,0.9917925000190736,0.0453698970377445,0.9801191687583924,0.0926159471273422,0.961337387561798,0.0991507470607757,0.9597035050392152,0.1037376597523689,0.9333080053329468,0.1092987582087516,0.9993788599967957,0.998249351978302,0.9708024859428406,0.7876058220863342,0.9890629649162292,0.9096344113349916,0.9684916734695436,0.8921228051185608,0.9863523840904236,0.9435144066810608,0.5357456207275391,0.5399289131164551,0.5409865379333496,0.5421070456504822,0.5394814014434814,0.5401161909103394,0.5408051013946533,0.5521026253700256,0.5494243502616882,0.5393526554107666,0.5383374094963074,0.5599696636199951,0.5636179447174072,0.562804639339447,0.5566810369491577,0.5520972013473511,0.5395208597183228,0.5531057715415955,0.5338846445083618,0.5482046008110046,0.5317023396492004,0.547514021396637,0.5342168807983398,0.5513870120048523,0.5513772964477539,0.5567952394485474,0.5433351993560791,0.6042783260345459,0.5462475419044495,0.6188304424285889,0.5540605783462524,0.5795848369598389,0.5140848159790039,0.3388991057872772,0.330322802066803,0.3303642868995666,0.3304317593574524,0.3299843966960907,0.3297698199748993,0.3295325040817261,0.3346305191516876,0.3328033685684204,0.348580926656723,0.348380833864212,0.3784106373786926,0.3801856637001037,0.4638646245002746,0.4558190107345581,0.5358731150627136,0.5062406063079834,0.5546019673347473,0.5206366181373596,0.5544871091842651,0.5214236974716187,0.5469673275947571,0.5168234705924988,0.5192660093307495,0.5172271132469177,0.6100189089775085,0.602770984172821,0.6900695562362671,0.6939718723297119,0.6972511410713196,0.7132886052131653,0.7227156162261963,0.7052213549613953,-0.101419523358345,-0.1193340569734573,-0.1193655878305435,-0.1193911433219909,-0.0929195806384086,-0.0928971022367477,-0.0929208397865295,-0.1592850685119629,-0.0431426577270031,-0.1149548515677452,-0.0809988304972648,-0.2123724222183227,0.045877106487751,-0.23961141705513,0.0826338827610015,-0.2151743173599243,0.0453170128166675,-0.2385859787464141,0.0476502999663353,-0.2366782128810882,0.023322407156229,-0.2130062878131866,0.0336296409368515,-0.0811556056141853,0.0811013132333755,-0.0547145716845989,0.1375159919261932,0.0112383421510458,0.2262789458036422,0.0145224090665578,0.23184534907341,-0.0449930764734745,0.1947856843471527,Walk-To-Chair
474,0.9989675879478456,0.9988505840301514,0.9991081953048706,0.9992631673812866,0.9978910684585572,0.9975634217262268,0.9974470138549804,0.9994259476661682,0.9949411153793336,0.9991633296012878,0.9980639815330504,0.9999807476997375,0.998420774936676,0.9920805096626282,0.0444885119795799,0.9804767966270448,0.0919103696942329,0.9619517922401428,0.0991967916488647,0.9603790640830994,0.1038126125931739,0.9340006113052368,0.1095341965556144,0.9993740320205688,0.998265027999878,0.9717923998832704,0.7817452549934387,0.9896020889282228,0.9082026481628418,0.969857692718506,0.8912874460220337,0.987005889415741,0.9432505965232848,0.5330133438110352,0.5370620489120483,0.5382793545722961,0.5396040678024292,0.536258339881897,0.5367715954780579,0.5373616814613342,0.5498782396316528,0.5462568998336792,0.5367007851600647,0.5351659059524536,0.5572267770767212,0.560781717300415,0.5600509643554688,0.5479470491409302,0.5472615361213684,0.5281723737716675,0.5470222234725952,0.5217642188072205,0.5421977043151855,0.5190225839614868,0.5417352914810181,0.5216864943504333,0.5463556051254272,0.5480700731277466,0.5521875023841858,0.5425191521644592,0.5988489389419556,0.5477315187454224,0.6130515336990356,0.5551888942718506,0.5748534202575684,0.5147881507873535,0.33877894282341,0.3301270306110382,0.3301874995231628,0.3302651643753052,0.3297147154808044,0.3294637799263,0.3291824162006378,0.3343407213687897,0.3323673605918884,0.3484134674072265,0.3481301367282867,0.3784838318824768,0.379835307598114,0.4638703465461731,0.4539867341518402,0.5349899530410767,0.494680106639862,0.5533056855201721,0.5059880018234253,0.5529100894927979,0.5059274435043335,0.5458743572235107,0.5022494792938232,0.519597589969635,0.5172756910324097,0.6104652285575867,0.6030259728431702,0.6885152459144592,0.6934978365898132,0.6949151754379272,0.7122501730918884,0.721380352973938,0.7048579454421997,-0.1019282341003418,-0.1193000301718711,-0.1193274855613708,-0.1193519234657287,-0.0932517424225807,-0.0932311862707138,-0.0932492464780807,-0.1584130525588989,-0.0425482578575611,-0.1141074299812316,-0.080442227423191,-0.2117691934108734,0.0490848310291767,-0.2396179139614105,0.0945830792188644,-0.2193076312541961,0.0679722502827644,-0.2429341524839401,0.0719051584601402,-0.2409853935241699,0.0481921061873436,-0.2171193361282348,0.0566168949007988,-0.0816036909818649,0.0815453380346298,-0.041670985519886,0.1394925415515899,0.0352229699492454,0.2310013324022293,0.0395885184407234,0.2370323836803436,-0.0220136847347021,0.2008057534694671,Walk-To-Chair
475,0.9990061521530152,0.9988994002342224,0.9991436004638672,0.9992936849594116,0.997978150844574,0.9976547956466676,0.9975484013557434,0.9994542598724364,0.9951565265655518,0.9992020726203918,0.9981582164764404,0.999981701374054,0.9984781742095948,0.9923576712608336,0.0430861189961433,0.9807450771331788,0.0888153836131095,0.9623072147369384,0.0966255143284797,0.9607717990875244,0.1010684594511985,0.9342135787010192,0.106850191950798,0.9993649125099182,0.9982667565345764,0.9730239510536194,0.7781643867492676,0.9901649951934814,0.9079132080078124,0.9713965654373168,0.8919624090194702,0.9876754283905028,0.94387948513031,0.529597818851471,0.5338081121444702,0.5349557399749756,0.5362228155136108,0.5331645607948303,0.5337474942207336,0.5343945622444153,0.54660964012146,0.5434041023254395,0.5331401228904724,0.5318409204483032,0.5530902147293091,0.5580072999000549,0.5564101934432983,0.5502456426620483,0.54253751039505,0.5269967317581177,0.542132556438446,0.5209593772888184,0.5378204584121704,0.5181018710136414,0.5373850464820862,0.5205587148666382,0.5428866147994995,0.5449398756027222,0.5474045276641846,0.5406239628791809,0.5910435318946838,0.5479930639266968,0.6055883169174194,0.5553113222122192,0.569006085395813,0.5139884352684021,0.3385208547115326,0.3297211825847626,0.3297940790653229,0.3298785984516144,0.3292541801929474,0.3289850056171417,0.328682005405426,0.3339339196681976,0.3319507539272308,0.3480640649795532,0.3477037847042084,0.3784369230270386,0.3796000182628631,0.4632582366466522,0.451320469379425,0.5345180630683899,0.4923762679100036,0.5519017577171326,0.503285825252533,0.5508802533149719,0.5031087398529053,0.5444074273109436,0.4994689226150512,0.5201225876808167,0.5175720453262329,0.6107737421989441,0.6035959720611572,0.6882827877998352,0.6926054358482361,0.6945594549179077,0.7112143039703369,0.7204425930976868,0.7047631144523621,-0.1091884970664978,-0.1263013780117035,-0.1263191103935241,-0.1263428032398224,-0.1004041582345962,-0.1003875732421875,-0.1003957986831665,-0.1646608114242553,-0.0484626963734626,-0.1204151362180709,-0.0867385268211364,-0.2164088785648346,0.0478465780615806,-0.2433078289031982,0.0898958295583725,-0.2226220071315765,0.0625760480761528,-0.2470676004886627,0.0662810653448104,-0.2440204620361328,0.0422697886824607,-0.2200641930103302,0.051124483346939,-0.0818622335791587,0.0818051844835281,-0.0397067330777645,0.1570602357387542,0.0424153357744216,0.2614743411540985,0.0483649484813213,0.2694067656993866,-0.0037341397255659,0.2374922931194305,Walk-To-Chair
476,0.9990279078483582,0.9989265203475952,0.9991645216941832,0.9993154406547546,0.9980115294456482,0.9976786971092224,0.9975773096084596,0.9994728565216064,0.9952475428581238,0.999228060245514,0.998212456703186,0.9999826550483704,0.9985169768333436,0.9927408695220948,0.042726632207632,0.981620728969574,0.0895566940307617,0.9637442231178284,0.0984459221363067,0.9622753262519836,0.1029565930366516,0.9364808201789856,0.108747586607933,0.9993523359298706,0.9982420802116394,0.9719913601875304,0.7600433230400085,0.9898383021354676,0.8965020179748535,0.9722334742546082,0.884979248046875,0.9874719977378844,0.9388578534126282,0.5276363492012024,0.5319896340370178,0.5332985520362854,0.534686267375946,0.5308953523635864,0.5313073396682739,0.5317618250846863,0.5453229546546936,0.5406175851821899,0.5314528346061707,0.5298393368721008,0.5526788234710693,0.5509451627731323,0.5576817393302917,0.5429680347442627,0.5401760339736938,0.522887647151947,0.5403886437416077,0.5166206359863281,0.5355468988418579,0.5142470002174377,0.5344895124435425,0.5170674920082092,0.542186975479126,0.5377939939498901,0.5442370176315308,0.5394144654273987,0.5796482563018799,0.5510295629501343,0.5949493050575256,0.5585460066795349,0.55682772397995,0.5180052518844604,0.3376728296279907,0.3289909362792969,0.3290567398071289,0.3291462063789367,0.3285228013992309,0.3282467722892761,0.3279401361942291,0.3333377838134765,0.331279307603836,0.347364604473114,0.3469159007072449,0.3780503273010254,0.3795464932918548,0.4619788229465484,0.4505305588245392,0.5341439843177795,0.4950723946094513,0.5515601634979248,0.5070511102676392,0.5506147146224976,0.5071223378181458,0.544125497341156,0.503233790397644,0.5201976895332336,0.5178481936454773,0.6129030585289001,0.6059466004371643,0.689382791519165,0.6897005438804626,0.6967861652374268,0.7047443389892578,0.7201136350631714,0.7044830322265625,-0.1091391816735267,-0.1261239945888519,-0.1261423081159591,-0.1261657029390335,-0.1002734899520874,-0.100255861878395,-0.1002648845314979,-0.163250133395195,-0.048402901738882,-0.1203817352652549,-0.086656667292118,-0.2146822959184646,0.046839527785778,-0.2433981597423553,0.0890880301594734,-0.2294521331787109,0.0598133876919746,-0.2549981772899627,0.0626937076449394,-0.2514614462852478,0.0383083671331405,-0.2266364395618438,0.0481655076146125,-0.080907367169857,0.0808430016040802,-0.0242208782583475,0.1560709178447723,0.063452273607254,0.2567463219165802,0.0701521635055542,0.2634552121162414,0.0214852150529623,0.2293175458908081,Walk-To-Chair
477,0.9990506768226624,0.998959183692932,0.9991896152496338,0.9993364214897156,0.9980651140213012,0.9977352619171144,0.997633695602417,0.9994896650314332,0.9954161047935486,0.9992502927780152,0.9982745051383972,0.9999828934669496,0.9985145330429076,0.9928503632545472,0.0424465052783489,0.9816049933433532,0.0869428142905235,0.9633106589317322,0.0961582958698272,0.9617935419082642,0.1004238203167915,0.9356301426887512,0.1061401218175888,0.9993064999580384,0.9981094598770142,0.9712430238723756,0.747402548789978,0.9896442890167236,0.8881186246871948,0.9734452962875366,0.8794847130775452,0.987371265888214,0.9353241324424744,0.523505449295044,0.5282381176948547,0.5292980670928955,0.5304589867591858,0.5278550982475281,0.5285447835922241,0.5292618870735168,0.5410071015357971,0.5380185842514038,0.5271809697151184,0.5263296961784363,0.5476201772689819,0.5508295893669128,0.5504903197288513,0.5455372929573059,0.5377002358436584,0.5261035561561584,0.5371509790420532,0.5203651189804077,0.5329033732414246,0.5174473524093628,0.5321840047836304,0.5197863578796387,0.5399903059005737,0.5393861532211304,0.5388041138648987,0.5381481051445007,0.5648626089096069,0.5511826872825623,0.5779099464416504,0.5587889552116394,0.5378722548484802,0.5185089707374573,0.3373042345046997,0.3285023868083954,0.328567236661911,0.3286684155464172,0.3280474245548248,0.327783852815628,0.3274944722652435,0.3331060409545898,0.3310090005397796,0.3470538556575775,0.3466655910015106,0.3777067363262176,0.3787261843681335,0.4615516364574432,0.4485983550548553,0.5337517857551575,0.494043618440628,0.5507403016090393,0.5054089426994324,0.5492287278175354,0.5056046843528748,0.5431157946586609,0.5018063187599182,0.5204559564590454,0.5175522565841675,0.6141899228096008,0.6065094470977783,0.6908432245254517,0.6880494356155396,0.6997694373130798,0.7051902413368225,0.7178133726119995,0.7043759226799011,-0.1105213388800621,-0.1273934096097946,-0.1274121701717376,-0.1274427324533462,-0.1018306761980056,-0.1018130406737327,-0.1018224582076072,-0.1655698716640472,-0.0522191151976585,-0.1217347756028175,-0.0886001884937286,-0.217080757021904,0.0386411249637603,-0.2432585954666137,0.0865043252706527,-0.22419373691082,0.0600591078400611,-0.2494385689496994,0.0641154795885086,-0.2443312108516693,0.0406163185834884,-0.2208995819091797,0.0488809347152709,-0.0799202322959899,0.0798232555389404,0.0037610228173434,0.1621604561805725,0.1033245101571083,0.2726790010929107,0.1107791513204574,0.2817314863204956,0.0596977360546588,0.2498067617416381,Walk-To-Chair
478,0.9988934993743896,0.99881911277771,0.9990617036819458,0.9992332458496094,0.9978371858596802,0.997434139251709,0.9973477125167848,0.9994031190872192,0.9949272274971008,0.9990811347961426,0.9980213046073914,0.9999797940254213,0.9984001517295836,0.9924469590187072,0.0433759838342666,0.979034423828125,0.0855870693922042,0.95850270986557,0.095015063881874,0.956811249256134,0.098791591823101,0.928600013256073,0.1041898056864738,0.9992319941520692,0.9977754354476928,0.9678478240966796,0.724717378616333,0.9884549379348756,0.8762961626052856,0.9740057587623596,0.8732336163520813,0.9861721396446228,0.9269121885299684,0.5206630825996399,0.5250990986824036,0.5261272192001343,0.5272122621536255,0.5247730016708374,0.5255070328712463,0.5262541174888611,0.5376893877983093,0.5354392528533936,0.5245488882064819,0.5238311886787415,0.5408858060836792,0.5544224977493286,0.5448855757713318,0.5466069579124451,0.5337616205215454,0.5279111266136169,0.533603310585022,0.5221199989318848,0.5301869511604309,0.5189582109451294,0.5294702053070068,0.524970293045044,0.5340548753738403,0.5428194999694824,0.5292901396751404,0.5340283513069153,0.5534951686859131,0.5506914854049683,0.5661893486976624,0.5589028596878052,0.5259116888046265,0.5192388892173767,0.3380911648273468,0.3288627564907074,0.3289187252521515,0.3290111422538757,0.3283242881298065,0.3279860317707062,0.3276387155056,0.3333191573619842,0.3310585916042328,0.347693532705307,0.3473219275474548,0.3778946101665497,0.3787765502929687,0.461749404668808,0.4488326013088226,0.532279372215271,0.506781816482544,0.5488842129707336,0.5203176736831665,0.5476794838905334,0.5231021046638489,0.5414282083511353,0.5176424980163574,0.5200791954994202,0.5171219110488892,0.6139345169067383,0.6065300703048706,0.6919729709625244,0.6879550218582153,0.7046647667884827,0.704476535320282,0.717793881893158,0.7069891691207886,-0.0862730145454406,-0.1042226329445838,-0.1042470186948776,-0.104292906820774,-0.0783930942416191,-0.0783675834536552,-0.0783921331167221,-0.1514272689819336,-0.0366090461611747,-0.1004757732152938,-0.0671159625053405,-0.2108446359634399,0.0433302372694015,-0.2352472841739654,0.0798499137163162,-0.2006146162748336,0.0530215725302696,-0.2200774699449539,0.0609736815094947,-0.2144662588834762,0.0380068197846412,-0.1967351138591766,0.0434648469090461,-0.0798109397292137,0.0797145217657089,-0.0029877831693738,0.1612580716609954,0.0876415520906448,0.2615992724895477,0.0940714851021766,0.2710423469543457,0.0470489561557769,0.2464644610881805,Walk-To-Chair
479,0.9987522959709167,0.9986688494682312,0.9989376664161682,0.9991480112075806,0.9975908398628236,0.9971279501914978,0.9970948696136476,0.9993194937705994,0.9943786859512328,0.998952567577362,0.9977704882621764,0.9999770522117616,0.9982423782348632,0.9922876954078674,0.0431984551250934,0.9777340888977052,0.0830492302775383,0.9557083249092102,0.0924125462770462,0.9538100361824036,0.0961279869079589,0.9242933988571168,0.101444125175476,0.999100625514984,0.9973893761634828,0.9630945920944214,0.7010673880577087,0.9866339564323424,0.8619590997695923,0.9730326533317566,0.8641318678855896,0.9842967987060548,0.9179943203926086,0.517734169960022,0.5221848487854004,0.5232505202293396,0.5243679881095886,0.5216911435127258,0.5223206281661987,0.5229424238204956,0.5347520112991333,0.5317836999893188,0.5215975046157837,0.5205802321434021,0.541842520236969,0.5473576784133911,0.5462968945503235,0.5421996712684631,0.5328686237335205,0.5252842903137207,0.5334140062332153,0.519775390625,0.5282080769538879,0.5165809392929077,0.5287293195724487,0.5196374654769897,0.5343868732452393,0.5383140444755554,0.5248366594314575,0.5302678346633911,0.5420259833335876,0.5464905500411987,0.5543149709701538,0.556759774684906,0.5155078768730164,0.5187312364578247,0.3380632698535919,0.3288313448429107,0.3288851976394653,0.3289697766304016,0.3282836377620697,0.3279378712177276,0.3275753259658813,0.3332171738147735,0.3309759795665741,0.3476968109607696,0.3473235666751861,0.376944750547409,0.3786179721355438,0.4591655433177948,0.4491625428199768,0.5303828120231628,0.506533682346344,0.5469391345977783,0.5199769735336304,0.5456532835960388,0.5225763916969299,0.5400363206863403,0.5170637965202332,0.5180005431175232,0.5162714123725891,0.6130010485649109,0.6050265431404114,0.6938708424568176,0.6879335045814514,0.7080026865005493,0.7039272785186768,0.7179129123687744,0.7086241245269775,-0.0941947922110557,-0.109396293759346,-0.1094249039888382,-0.1094809621572494,-0.0852760821580886,-0.0852739289402961,-0.0853260681033134,-0.1538913697004318,-0.0386167280375957,-0.1033520326018333,-0.0725269019603729,-0.2081687152385711,0.0399587675929069,-0.2325600385665893,0.0768412128090858,-0.2025205790996551,0.0482132211327552,-0.2240938693284988,0.0520913787186145,-0.2201554775238037,0.0291546788066625,-0.1993841528892517,0.0378784462809562,-0.0764919146895408,0.0763954743742942,0.0021519032306969,0.1530718356370926,0.0953578576445579,0.2536019086837768,0.1019415259361267,0.2629069685935974,0.0498823300004005,0.2309183180332183,Walk-To-Chair
480,0.998803436756134,0.9987353682518004,0.99899023771286,0.9991916418075562,0.9977136254310608,0.9972748160362244,0.9972491264343262,0.9993557929992676,0.9947163462638856,0.9990053772926332,0.9978792071342468,0.9999769926071168,0.9982194900512696,0.9923649430274964,0.043614525347948,0.9774089455604552,0.0819373726844787,0.9547598361968994,0.0911198556423187,0.9526198506355286,0.0947905406355857,0.9226568341255188,0.0999918803572654,0.9990562200546264,0.997137188911438,0.9608545899391174,0.6887549161911011,0.9855221509933472,0.8547103404998779,0.972983419895172,0.8609329462051392,0.9830335974693298,0.9132871031761168,0.5144491791725159,0.5190752744674683,0.5202050805091858,0.5213977694511414,0.5185962915420532,0.5192955732345581,0.5200103521347046,0.5320447683334351,0.5289667844772339,0.5184337496757507,0.5173417925834656,0.5405224561691284,0.5432106852531433,0.5469447374343872,0.5381481051445007,0.5327152609825134,0.5165195465087891,0.5321757793426514,0.511513352394104,0.5277080535888672,0.5076982975006104,0.5273033976554871,0.5098940134048462,0.5322874188423157,0.5368791222572327,0.5209254622459412,0.530446469783783,0.5320584177970886,0.5423107147216797,0.5443687438964844,0.5525662899017334,0.5043166279792786,0.515129566192627,0.338020384311676,0.3288169801235199,0.3288715481758117,0.328955739736557,0.328276515007019,0.3279349505901336,0.3275757730007171,0.3331614732742309,0.3309467732906341,0.3476203680038452,0.347259908914566,0.376677006483078,0.3785916566848755,0.4590857625007629,0.4491048157215118,0.5302097797393799,0.4919831156730652,0.5473447442054749,0.5022605061531067,0.5461021065711975,0.5013319253921509,0.540033221244812,0.4978896975517273,0.5174151659011841,0.5150132775306702,0.6112304925918579,0.6036196947097778,0.6952568292617798,0.6881997585296631,0.7113465070724487,0.704104483127594,0.7179870009422302,0.7085848450660706,-0.0958732292056083,-0.1113601773977279,-0.1113832741975784,-0.1114231944084167,-0.0865698978304863,-0.0865565687417984,-0.0865930989384651,-0.147859901189804,-0.035858754068613,-0.1052139028906822,-0.0734436511993408,-0.198550671339035,0.0482906773686409,-0.2186858355998993,0.088840939104557,-0.1896089017391204,0.0578472428023815,-0.2116703540086746,0.0598263964056968,-0.2099642753601074,0.0375149324536323,-0.1872963905334472,0.047024667263031,-0.0750082582235336,0.0749421268701553,-0.0005269075045362,0.1477489620447158,0.0878827273845672,0.2429275810718536,0.093711256980896,0.2509984374046325,0.0399789437651634,0.2192440330982208,Walk-To-Chair
481,0.9988541007041932,0.9987967610359192,0.999036967754364,0.9992285966873168,0.9978335499763488,0.997416079044342,0.997399091720581,0.9993882775306702,0.9950720071792604,0.9990494847297668,0.9979892373085022,0.9999766945838928,0.9982452988624572,0.992443859577179,0.0436516106128692,0.9766908288002014,0.0792364701628685,0.9531065225601196,0.0881124511361122,0.9506294131278992,0.091625839471817,0.92018723487854,0.0968040898442268,0.9990365505218506,0.9970468282699584,0.9594278335571288,0.6707413196563721,0.9833840131759644,0.843777596950531,0.9730905294418336,0.8573314547538757,0.98042231798172,0.904512345790863,0.5123199224472046,0.5166062116622925,0.5177265405654907,0.5188626646995544,0.5160407423973083,0.5166977047920227,0.5173569917678833,0.5293570160865784,0.5262271165847778,0.5163560509681702,0.5151974558830261,0.537202775478363,0.5436469316482544,0.5419526100158691,0.5362656116485596,0.5288059115409851,0.5157508254051208,0.5286383628845215,0.5108025670051575,0.5246793031692505,0.5068670511245728,0.5240991711616516,0.5089854598045349,0.5274494886398315,0.5361889004707336,0.514750599861145,0.5303207635879517,0.5232844948768616,0.5385831594467163,0.5342274904251099,0.5466598272323608,0.4967168867588043,0.5088489055633545,0.3382793068885803,0.3289683163166046,0.328984797000885,0.3290325105190277,0.3284813463687897,0.328109472990036,0.3277352452278137,0.3331532776355743,0.3309583067893982,0.3476544022560119,0.3473459184169769,0.3763981461524963,0.3782111406326294,0.458346426486969,0.4491899609565735,0.5299539566040039,0.4918451011180877,0.5473116636276245,0.5028217434883118,0.5461748838424683,0.5020734667778015,0.5398944020271301,0.4984465837478637,0.5173752903938293,0.5145274996757507,0.6109439730644226,0.6037384867668152,0.6965368390083313,0.6899242997169495,0.72541743516922,0.7046558260917664,0.7176578640937805,0.7084709405899048,-0.0822310447692871,-0.0979625135660171,-0.0979752987623214,-0.0980060622096061,-0.0729856863617897,-0.0729624330997467,-0.0730038732290268,-0.1341045796871185,-0.0234303139150142,-0.0924020782113075,-0.0604494325816631,-0.1876411885023117,0.0578673183917999,-0.2086721658706665,0.0927588194608688,-0.1767392307519912,0.0594943575561046,-0.1985713541507721,0.061606615781784,-0.1963872015476226,0.0391363017261028,-0.1743233054876327,0.0485248863697052,-0.0739860907196998,0.0739453062415123,-0.006750795058906,0.1372232139110565,0.0653901472687721,0.2215329110622406,0.0697813481092453,0.2279785573482513,0.0228468272835016,0.1971025019884109,Walk-To-Chair
482,0.9989271759986876,0.9988734722137452,0.9990951418876648,0.9992735385894777,0.9979842305183412,0.9975995421409608,0.9975886940956116,0.9994233846664428,0.9954717755317688,0.999110460281372,0.9981375336647034,0.9999755024909972,0.9983157515525818,0.9922475814819336,0.0446137711405754,0.9753352999687196,0.0770993754267692,0.9503250122070312,0.0854051560163497,0.9474034309387208,0.0886299088597297,0.9162862300872804,0.0939182937145233,0.9989984035491944,0.996958553791046,0.958162009716034,0.6579413414001465,0.9807649850845336,0.8350073099136353,0.9725924134254456,0.8561201691627502,0.976574957370758,0.8965802788734436,0.5099807977676392,0.5141734480857849,0.5152024626731873,0.5162659287452698,0.5138577222824097,0.5145803689956665,0.5152961611747742,0.5265870690345764,0.5241686105728149,0.5140056610107422,0.5131421685218811,0.5331329703330994,0.5426414608955383,0.5326703786849976,0.5391830205917358,0.5254959464073181,0.5211192965507507,0.5261442065238953,0.515914797782898,0.5227385759353638,0.5119065046310425,0.5221837759017944,0.5146592855453491,0.5257930159568787,0.536664605140686,0.5110748410224915,0.5321460366249084,0.5128120183944702,0.5404998064041138,0.5210707783699036,0.5489357709884644,0.4834795892238617,0.5101169347763062,0.3380066454410553,0.3288851678371429,0.3289147615432739,0.3289743959903717,0.3284061253070831,0.3280567824840545,0.3277002274990082,0.3331559002399444,0.330940842628479,0.3474677801132202,0.3471915125846863,0.3764126598834991,0.3782208859920501,0.4594807028770447,0.449544608592987,0.5301805734634399,0.5016833543777466,0.5476158857345581,0.5147833228111267,0.5464759469032288,0.5117234587669373,0.5401594042778015,0.511081337928772,0.5176342725753784,0.5157383680343628,0.6114948391914368,0.6055352687835693,0.6969254612922668,0.6912159323692322,0.7282825708389282,0.7051008343696594,0.7162685990333557,0.7081369757652283,-0.0778701230883598,-0.0942104831337928,-0.0942162051796913,-0.0942491441965103,-0.0689702481031417,-0.0689411684870719,-0.0689836889505386,-0.1352218091487884,-0.0238498803228139,-0.0903840139508247,-0.0581334754824638,-0.1907581388950348,0.0541452541947364,-0.2094366252422332,0.0811548382043838,-0.1728829741477966,0.0454055629670619,-0.1951291859149933,0.0468003079295158,-0.1925448328256607,0.0255327634513378,-0.1706728637218475,0.0348568446934223,-0.0726127326488494,0.07258240878582,-0.0016308741178363,0.1394392997026443,0.0776531547307968,0.2263814210891723,0.082270547747612,0.2324854582548141,0.0342659428715705,0.2011244297027588,Walk-To-Chair
483,0.9990087151527404,0.9989573955535888,0.9991611242294312,0.9993252158164978,0.9981425404548644,0.9977905750274658,0.9977824687957764,0.9994632005691528,0.9958624243736268,0.999177634716034,0.998289167881012,0.9999756217002868,0.9983916878700256,0.992118775844574,0.0466306693851947,0.9754655361175536,0.0766976401209831,0.9504119753837584,0.0842079296708107,0.9472949504852296,0.0872797667980194,0.9165381789207458,0.0927822589874267,0.9989444017410278,0.9968764781951904,0.9566369652748108,0.6548745632171631,0.9790915250778198,0.8330128192901611,0.9726115465164183,0.8582713007926941,0.9736204147338868,0.892816960811615,0.5075544714927673,0.5115408301353455,0.5126165151596069,0.5137450098991394,0.5111112594604492,0.511805534362793,0.5125340223312378,0.5242027044296265,0.5221328139305115,0.511837363243103,0.5109845399856567,0.5297885537147522,0.5402228236198425,0.530817985534668,0.5384509563446045,0.5241578221321106,0.5228593945503235,0.526391327381134,0.516507625579834,0.5227652192115784,0.5148764848709106,0.5220037698745728,0.5165002346038818,0.522994875907898,0.5347779989242554,0.5060524940490723,0.5327726602554321,0.501754879951477,0.5416130423545837,0.5095639228820801,0.5502012968063354,0.4710330069065094,0.5122145414352417,0.3378333151340484,0.3288871645927429,0.3289169073104858,0.3289764821529388,0.3284111022949219,0.3280619978904724,0.3277081549167633,0.3331704437732696,0.3311384916305542,0.3474527299404144,0.3471895456314087,0.3765709996223449,0.3785488903522491,0.4599250555038452,0.4516738355159759,0.5303725600242615,0.5033146739006042,0.5478188991546631,0.5172311067581177,0.5466024875640869,0.5186945199966431,0.5402698516845703,0.5129889845848083,0.519527792930603,0.5164439678192139,0.611975908279419,0.6093959212303162,0.6973817348480225,0.6916612386703491,0.7262375354766846,0.7056564688682556,0.7139581441879272,0.706503689289093,-0.0719839185476303,-0.0885315984487533,-0.0885361656546592,-0.0885617285966873,-0.0641007274389267,-0.064074195921421,-0.0641207545995712,-0.1312247812747955,-0.0234808325767517,-0.0850871950387954,-0.0538860186934471,-0.1858692318201065,0.0525299124419689,-0.2022402584552765,0.0750788301229476,-0.1682093143463134,0.0411916896700859,-0.1907631009817123,0.0422286503016948,-0.1891395002603531,0.021027285605669,-0.1664503514766693,0.0307361874729394,-0.0693143755197525,0.0692888274788856,0.005360915325582,0.1389827579259872,0.0854199677705764,0.2294531613588333,0.0898150652647018,0.2364057004451751,0.0411876887083053,0.2056886255741119,Walk-To-Chair
484,0.9990857839584352,0.9990360736846924,0.9992232322692872,0.9993747472763062,0.9982883334159852,0.997965395450592,0.9979604482650756,0.999500334262848,0.9962045550346376,0.9992398023605348,0.9984252452850342,0.9999762177467346,0.998451828956604,0.9919939041137696,0.0491917803883552,0.97566419839859,0.0783107504248619,0.9506621360778807,0.0849934145808219,0.9474146962165833,0.0879609659314155,0.9168897271156312,0.0937093347311019,0.9989240169525146,0.9968401193618774,0.952487051486969,0.6518405675888062,0.978278398513794,0.8316065669059753,0.972482681274414,0.8596672415733337,0.9719941020011902,0.8901737928390503,0.5055161714553833,0.5093998312950134,0.5104014873504639,0.5113757848739624,0.5091382265090942,0.5099096298217773,0.5108133554458618,0.5214672088623047,0.5199604034423828,0.5096728801727295,0.5090309977531433,0.5285298824310303,0.5380167365074158,0.5324802994728088,0.5367628335952759,0.5234039425849915,0.5191233158111572,0.525212824344635,0.5141357183456421,0.5215212106704712,0.5112386345863342,0.5208159685134888,0.5129514932632446,0.5214167833328247,0.5318658947944641,0.502263605594635,0.5318000316619873,0.4924678802490234,0.5416816473007202,0.5008527040481567,0.5508254766464233,0.4582076668739319,0.5126453042030334,0.3376774191856384,0.3288327753543854,0.3288506865501404,0.3289024531841278,0.3283891975879669,0.3280540108680725,0.3277110755443573,0.3331556022167206,0.3312112987041473,0.3474071621894836,0.3471623361110687,0.3765951693058014,0.3785586357116699,0.4617193043231964,0.4515134990215301,0.5305787920951843,0.5031985640525818,0.5479430556297302,0.5171566605567932,0.5467415452003479,0.5184918642044067,0.5403152108192444,0.512790858745575,0.5212013721466064,0.5176013708114624,0.6119716763496399,0.6104427576065063,0.6974325180053711,0.6916771531105042,0.7258866429328918,0.7076303362846375,0.7115157842636108,0.7063723206520081,-0.0690765604376792,-0.0856295153498649,-0.0856378898024559,-0.0856553688645362,-0.0611001476645469,-0.0610745549201965,-0.061107337474823,-0.1299997121095657,-0.0219804532825946,-0.0829110518097877,-0.0515222363173961,-0.1855866760015487,0.0516252294182777,-0.2042310982942581,0.0744683071970939,-0.1733135730028152,0.0399685576558113,-0.1963623464107513,0.0406855568289756,-0.19418865442276,0.0192147381603717,-0.1713862121105194,0.0292871706187725,-0.0688909441232681,0.0688519701361656,0.0102230031043291,0.1401825845241546,0.0920868590474128,0.2311442345380783,0.0966228544712066,0.2384096831083297,0.0470132119953632,0.2081120759248733,Walk-To-Chair
485,0.9991509318351746,0.9991019368171692,0.9992745518684388,0.9994157552719116,0.9984111189842224,0.998111367225647,0.9981104731559752,0.9995306134223938,0.9965003728866576,0.9992916584014891,0.998542070388794,0.999976396560669,0.9985043406486512,0.9917561411857604,0.05088322609663,0.975513994693756,0.078354425728321,0.9503105878829956,0.0843231752514839,0.9468587636947632,0.0871951803565025,0.9163618683815002,0.0931589901447296,0.9988831281661988,0.9967711567878724,0.9478375911712646,0.6472979784011841,0.9766085147857666,0.8291437029838562,0.9718652963638306,0.861245334148407,0.969146728515625,0.8861410021781921,0.5036601424217224,0.507409930229187,0.5084018707275391,0.509381115436554,0.5070427060127258,0.5077410340309143,0.5085840821266174,0.5192042589187622,0.5175923109054565,0.5078710317611694,0.5070844888687134,0.5244501829147339,0.5376355051994324,0.5294681191444397,0.5346394777297974,0.5198909044265747,0.516297459602356,0.5230069756507874,0.5116699934005737,0.5190521478652954,0.5083209872245789,0.5181543231010437,0.5099721550941467,0.5187005400657654,0.5295425653457642,0.4984611570835113,0.5315219163894653,0.4877970218658447,0.5418063402175903,0.4946655333042145,0.5512675046920776,0.4515748620033264,0.5131774544715881,0.3381702005863189,0.3293839693069458,0.3293948769569397,0.329447329044342,0.3289541006088257,0.328633576631546,0.3283073604106903,0.3335532546043396,0.3317960798740387,0.3479564785957336,0.3477379381656647,0.3768737614154815,0.3788132667541504,0.4631721377372741,0.4512316882610321,0.5306333899497986,0.5022393465042114,0.5480563640594482,0.5150668621063232,0.5468540787696838,0.516166090965271,0.5404926538467407,0.5113527774810791,0.5217629671096802,0.5180925726890564,0.6119834184646606,0.61029452085495,0.6975983381271362,0.6919965744018555,0.723340630531311,0.7085368037223816,0.7083233594894409,0.706359326839447,-0.0642899796366691,-0.0810258314013481,-0.0810357555747032,-0.0810548514127731,-0.0564502254128456,-0.0564212426543235,-0.0564542338252067,-0.1257564127445221,-0.0176551882177591,-0.0781233236193656,-0.046692993491888,-0.1819531023502349,0.053984634578228,-0.1996412277221679,0.074732482433319,-0.164434939622879,0.0407982692122459,-0.1867603808641433,0.0410008653998374,-0.184498906135559,0.0213276837021112,-0.1624744683504104,0.0306479968130588,-0.0682292133569717,0.068190224468708,0.0118483593687415,0.1399954855442047,0.0938316136598587,0.2307745516300201,0.098553642630577,0.2382664382457733,0.0497169159352779,0.2089841067790985,Walk-To-Chair
486,0.999215006828308,0.9991663694381714,0.9993256330490112,0.9994572401046752,0.998529314994812,0.9982545971870422,0.9982587099075316,0.9995593428611756,0.996781289577484,0.99934321641922,0.9986527562141418,0.9999762177467346,0.9985706210136414,0.991338551044464,0.0514641851186752,0.974672257900238,0.0795482248067855,0.9489507675170898,0.0852842777967453,0.945271909236908,0.0882217809557914,0.9146316051483154,0.0946272611618042,0.9988572001457214,0.996781289577484,0.9460394978523254,0.6450861096382141,0.9761743545532228,0.8287138342857361,0.9718410968780518,0.8635457754135132,0.9679731726646424,0.8851086497306824,0.4999897480010986,0.5038601160049438,0.5049729347229004,0.5061308741569519,0.5033771395683289,0.5040838718414307,0.504848301410675,0.5166319608688354,0.5143758058547974,0.5041883587837219,0.5032409429550171,0.524786114692688,0.5308204293251038,0.5300931334495544,0.5247736573219299,0.5199568271636963,0.505562961101532,0.5214210748672485,0.5004188418388367,0.51693195104599,0.4976484179496765,0.5162337422370911,0.4997947812080383,0.5161761045455933,0.5243297815322876,0.4948739409446716,0.5309411287307739,0.4840872883796692,0.5419960021972656,0.4901440143585205,0.5522245168685913,0.4466450214385986,0.5135345458984375,0.3390989303588867,0.330072671175003,0.3300735056400299,0.3301258981227875,0.3296769857406616,0.3293834030628204,0.3290885388851166,0.3340842127799988,0.3324203193187713,0.34885174036026,0.3488624393939972,0.3775729835033417,0.3797060847282409,0.4652148187160492,0.4512704014778137,0.5322712659835815,0.5018577575683594,0.5492897629737854,0.5141932368278503,0.547950804233551,0.5150051712989807,0.5417439341545105,0.5106221437454224,0.5232951641082764,0.5196956992149353,0.6119935512542725,0.6102346181869507,0.6977377533912659,0.6919515132904053,0.7226135730743408,0.708581268787384,0.7070407867431641,0.7035636901855469,-0.0707686617970466,-0.0875649377703666,-0.0875806286931037,-0.0876058936119079,-0.0626515224575996,-0.0626226216554641,-0.062649019062519,-0.1306695491075515,-0.0208657328039407,-0.0839317291975021,-0.0519223101437091,-0.1837881356477737,0.0518609173595905,-0.1991908997297287,0.0747719258069992,-0.1663388460874557,0.0406062081456184,-0.1883404105901718,0.0407636538147926,-0.1873320788145065,0.0199019275605678,-0.1647465676069259,0.0300971865653991,-0.0677570775151252,0.067726120352745,0.0122637394815683,0.1405764520168304,0.0943975076079368,0.2319614440202713,0.0991624519228935,0.2391263246536255,0.050004344433546,0.2135728895664215,Walk-To-Chair
487,0.9992818236351012,0.99923574924469,0.9993812441825868,0.9995019435882568,0.9986523985862732,0.9984017610549928,0.9984077215194702,0.9995937943458556,0.9970601201057434,0.9993978142738342,0.998766541481018,0.9999767541885376,0.9986315369606018,0.9911007881164552,0.052845511585474,0.9748867750167848,0.0810040235519409,0.9494739174842834,0.0862887874245643,0.9457836747169496,0.0893009975552558,0.915748119354248,0.0960802808403968,0.9988372325897216,0.9967878460884094,0.9457619190216064,0.6509592533111572,0.9766782522201538,0.834832489490509,0.9724549055099488,0.8695972561836243,0.9682471752166748,0.8884210586547852,0.496529757976532,0.5002781748771667,0.5013740658760071,0.5025203824043274,0.4996975064277649,0.5003642439842224,0.5010768175125122,0.512728214263916,0.510951817035675,0.50086909532547,0.4999264180660248,0.5207882523536682,0.5283783078193665,0.526210367679596,0.5248440504074097,0.5173594951629639,0.5041767954826355,0.5192869901657104,0.4986194670200348,0.5146085619926453,0.4954912662506103,0.5139828324317932,0.4977216720581054,0.5138204097747803,0.5221210718154907,0.4916705191135406,0.5293973088264465,0.4808942675590515,0.5436825156211853,0.4865792393684387,0.5544130802154541,0.4445298612117767,0.5148892998695374,0.3405061364173889,0.3312769532203674,0.3312394917011261,0.331232339143753,0.3308966755867004,0.3306109011173248,0.330300360918045,0.3350440263748169,0.3336524367332458,0.3502783477306366,0.3505158126354217,0.3787129819393158,0.3799150586128235,0.4680821299552917,0.4515458345413208,0.5339625477790833,0.5015302896499634,0.5503778457641602,0.513386070728302,0.5488712191581726,0.5139094591140747,0.5426488518714905,0.5098173022270203,0.5245302319526672,0.5207228064537048,0.6130542755126953,0.6104689836502075,0.698555588722229,0.6921288967132568,0.7212486267089844,0.7097911238670349,0.7072550058364868,0.7036450505256653,-0.0698391646146774,-0.0863380283117294,-0.0863444060087204,-0.0863646268844604,-0.0616211779415607,-0.061596792191267,-0.0616296753287315,-0.1299306452274322,-0.0209869779646396,-0.0833227485418319,-0.0516599602997303,-0.1836904883384704,0.0517290048301219,-0.1972147673368454,0.0752347633242607,-0.1591526567935943,0.0414539687335491,-0.1795379966497421,0.0419991686940193,-0.1793100088834762,0.0209440886974334,-0.1577547788619995,0.0308730043470859,-0.068134531378746,0.0680976957082748,0.0091519374400377,0.1383675783872604,0.0896037369966507,0.225693792104721,0.0931860581040382,0.2327806204557418,0.0433219894766807,0.2068130522966385,Walk-To-Chair
488,0.999345064163208,0.9993014335632324,0.9994339942932128,0.9995443820953368,0.9987697005271912,0.998542070388794,0.9985494017601012,0.9996267557144164,0.9973241090774536,0.9994499683380128,0.9988750219345092,0.9999771118164062,0.9987027645111084,0.9908027052879332,0.0542267598211765,0.9748495817184448,0.0839585959911346,0.9496224522590636,0.0889743790030479,0.9459034204483032,0.0921309515833854,0.9164490699768066,0.0992337241768837,0.9988231658935548,0.9968302249908448,0.9460418820381165,0.6582737565040588,0.977334439754486,0.8414728045463562,0.9730144143104552,0.8755863308906555,0.9687612652778624,0.8924533724784851,0.4937585890293121,0.4979510903358459,0.4990167021751404,0.500080943107605,0.497349202632904,0.4979728162288666,0.4986093938350677,0.5097141861915588,0.5079572796821594,0.4976810812950134,0.496821641921997,0.5186981558799744,0.5241847634315491,0.5225446224212646,0.5214107036590576,0.5145776867866516,0.5004276633262634,0.5158807635307312,0.4945761263370514,0.510850191116333,0.4917668402194977,0.5102398991584778,0.4941901266574859,0.5116000175476074,0.516778826713562,0.4897902905941009,0.5265673398971558,0.4787009656429291,0.544902503490448,0.4855912625789642,0.5549730062484741,0.4425386786460876,0.5151680707931519,0.3404486775398254,0.3312496840953827,0.331217885017395,0.3312183320522308,0.330883115530014,0.3306281268596649,0.3303640186786651,0.3353770077228546,0.3341736793518066,0.3502261340618133,0.3504447937011719,0.3792022168636322,0.381217896938324,0.4695791900157928,0.4528388679027557,0.5346119403839111,0.5017656087875366,0.5508553981781006,0.5134903192520142,0.54958575963974,0.5139495134353638,0.5431221127510071,0.50992351770401,0.5252668857574463,0.5213079452514648,0.6134776473045349,0.610494077205658,0.6993651986122131,0.6923287510871887,0.7208573222160339,0.7107287645339966,0.7078046202659607,0.7036680579185486,-0.0722298398613929,-0.0885414779186248,-0.0885475948452949,-0.0885676071047782,-0.0639154091477394,-0.0638924092054367,-0.063925988972187,-0.131017804145813,-0.0224135033786296,-0.0853304415941238,-0.0537575893104076,-0.1838902533054351,0.0509460568428039,-0.1962555348873138,0.0731504932045936,-0.1581346094608307,0.0370096638798713,-0.1785248070955276,0.0361979827284812,-0.1791299730539322,0.0153727233409881,-0.157109647989273,0.02624430693686,-0.0680824667215347,0.0680440664291381,0.0075800484046339,0.1357457488775253,0.0844543501734733,0.2201662510633468,0.0874956399202346,0.2269725501537323,0.0345489121973514,0.1998421251773834,Walk-To-Chair
489,0.9994012117385864,0.9993600845336914,0.9994813799858092,0.9995827078819276,0.9988741278648376,0.9986669421195984,0.9986750483512878,0.9996572136878968,0.9975579977035522,0.99949711561203,0.9989722967147828,0.9999781250953674,0.9987615346908568,0.9907929301261902,0.0544099882245063,0.9750182628631592,0.0845262482762336,0.9499234557151794,0.0892583057284355,0.946147918701172,0.0924405381083488,0.9170467257499696,0.09976077824831,0.9988514184951782,0.9969083070755004,0.9459370374679564,0.6612277030944824,0.9778372645378112,0.8457833528518677,0.9730108380317688,0.8799616098403931,0.9692178964614868,0.8957452774047852,0.4880805909633636,0.4926699697971344,0.4938915371894836,0.4951630532741546,0.4920518398284912,0.4928011000156402,0.4935925900936126,0.5058836340904236,0.5037028789520264,0.4920148849487304,0.4910987019538879,0.5147886276245117,0.5181270837783813,0.5198928117752075,0.5194801092147827,0.5112372636795044,0.5007795691490173,0.5119239687919617,0.4954752027988434,0.5065826177597046,0.4927007555961609,0.5060974359512329,0.494921863079071,0.5073399543762207,0.5126954317092896,0.4884787201881408,0.5232861638069153,0.4784499704837799,0.545028030872345,0.4854726791381836,0.55492103099823,0.4426028132438659,0.5152040123939514,0.3402106165885925,0.3312394022941589,0.3311985731124878,0.3311982750892639,0.3308674991130829,0.3306063711643219,0.3303502202033996,0.3356179296970367,0.3345598876476288,0.3502030074596405,0.3504015803337097,0.380761057138443,0.382170021533966,0.4699011147022247,0.4540464580059051,0.5364363193511963,0.5043793320655823,0.5526651740074158,0.5164802074432373,0.5514005422592163,0.5171521306037903,0.5455741286277771,0.5131083726882935,0.5259069800376892,0.5220286250114441,0.614276111125946,0.6104282736778259,0.6996419429779053,0.6923192143440247,0.7203295230865479,0.7106791138648987,0.7101361751556396,0.7035511136054993,-0.0866428911685943,-0.102363646030426,-0.1023699268698692,-0.1023904085159301,-0.077576495707035,-0.0775467976927757,-0.0775656253099441,-0.141608327627182,-0.03230607137084,-0.0985860824584961,-0.0668488293886184,-0.190985232591629,0.0442791543900966,-0.1988674700260162,0.0699178576469421,-0.1631564050912857,0.0336708724498748,-0.184116318821907,0.0321418344974517,-0.1826461553573608,0.0110292229801416,-0.1614824384450912,0.022756602615118,-0.0683036893606185,0.0682632178068161,0.0115661602467298,0.1416807025671005,0.095188483595848,0.2352589815855026,0.0994065552949905,0.2431246042251587,0.0436269640922546,0.2158621251583099,Walk-To-Chair
490,0.9994485974311828,0.9994086623191832,0.999520480632782,0.9996145963668824,0.9989604949951172,0.9987700581550598,0.998780071735382,0.9996821284294128,0.997750759124756,0.9995373487472534,0.999055027961731,0.9999789595603944,0.9988150596618652,0.9904218316078186,0.0541262738406658,0.973983108997345,0.0836000442504882,0.948305606842041,0.0883001387119293,0.9443758726119996,0.0914697498083114,0.9148392677307128,0.0989962965250015,0.9988806247711182,0.9969930052757264,0.9450879693031312,0.6665074229240417,0.9785860180854796,0.851396381855011,0.9728837013244628,0.8844418525695801,0.9701153039932252,0.8999497294425964,0.4846144318580627,0.4892848432064056,0.4903717041015625,0.4915281236171722,0.4888720512390136,0.4896151125431061,0.4904029369354248,0.5016000270843506,0.4997213780879974,0.4883387982845306,0.487610399723053,0.5100148916244507,0.5139458775520325,0.5145075917243958,0.5141090154647827,0.5061348676681519,0.4953659176826477,0.5074164867401123,0.4897037148475647,0.502470850944519,0.4875959753990173,0.5018579959869385,0.4900321960449219,0.5034701228141785,0.5092468857765198,0.4874464571475982,0.5185043215751648,0.4770678579807281,0.545093834400177,0.4845160543918609,0.554810643196106,0.4426983296871185,0.5155504941940308,0.3401192426681518,0.3312302529811859,0.3311911821365356,0.3311821818351745,0.3308477699756622,0.3305890262126922,0.3303360044956207,0.3356314599514007,0.3345712423324585,0.3499786257743835,0.3501620292663574,0.381444364786148,0.3821656405925751,0.470265120267868,0.4544121921062469,0.5390958189964294,0.5071147084236145,0.5560028553009033,0.5202295184135437,0.5547648668289185,0.5212928056716919,0.5489072799682617,0.5169197916984558,0.5258877277374268,0.5223027467727661,0.6161175966262817,0.6103841662406921,0.7010326981544495,0.6920770406723022,0.7203073501586914,0.7105560898780823,0.7155069708824158,0.7037838101387024,-0.0910724997520446,-0.1068629175424575,-0.1068760380148887,-0.1068992465734481,-0.0816949754953384,-0.0816648304462432,-0.0816821455955505,-0.1458000540733337,-0.0345837958157062,-0.102872148156166,-0.0705793127417564,-0.1955163776874542,0.043518591672182,-0.203285813331604,0.06931684166193,-0.1651284545660019,0.0314133986830711,-0.1862947642803192,0.0295788906514644,-0.1857948005199432,0.0080198310315608,-0.1636939346790313,0.0201663859188556,-0.0687559992074966,0.0687052756547927,0.0103129688650369,0.1439850479364395,0.0936926677823066,0.238710731267929,0.0979432612657547,0.24654021859169,0.0431514307856559,0.2182345688343048,Walk-To-Chair
491,0.9994877576828004,0.9994484186172484,0.9995530247688292,0.9996415376663208,0.9990290403366088,0.9988511800765992,0.9988630414009094,0.999703288078308,0.9979038238525392,0.9995708465576172,0.9991210103034972,0.9999799728393556,0.9988368153572084,0.9904855489730836,0.0536189340054988,0.974285125732422,0.0841082483530044,0.9490164518356324,0.0894080996513366,0.9451327919960022,0.0926676541566848,0.9161341190338136,0.1001375094056129,0.9988999366760254,0.9970313310623168,0.9423384070396424,0.669826328754425,0.9791325330734252,0.8545848727226257,0.972992777824402,0.8872660398483276,0.9709948301315308,0.9029563069343568,0.4817077219486236,0.4863761961460113,0.4874619543552398,0.4885106682777405,0.485680490732193,0.4862430691719055,0.4867838025093078,0.4980486929416656,0.4951727986335754,0.4851927161216736,0.4840733408927917,0.5073423981666565,0.508571982383728,0.5121041536331177,0.5056805610656738,0.5025763511657715,0.4892571568489074,0.503247857093811,0.4841629564762115,0.4984771311283111,0.482374906539917,0.4980196058750152,0.4845768809318542,0.4991276860237121,0.5046272277832031,0.4854748249053955,0.5142560005187988,0.4777800142765045,0.5450776815414429,0.4854407906532287,0.5543869733810425,0.4433868527412414,0.515445351600647,0.3401320278644562,0.3313738107681274,0.3313647806644439,0.3313966989517212,0.3310208022594452,0.3308024704456329,0.3305838704109192,0.3360949456691742,0.334816426038742,0.3499813377857208,0.3501624166965484,0.3821077942848205,0.3835449516773224,0.4700388610363006,0.4550332129001617,0.5405652523040771,0.5067579746246338,0.5584955811500549,0.519799530506134,0.5573368072509766,0.5206164121627808,0.5507470965385437,0.5163038372993469,0.5264646410942078,0.5230408906936646,0.6170967221260071,0.6103506088256836,0.7015588283538818,0.6919750571250916,0.720069944858551,0.7100305557250977,0.7188745737075806,0.7050558924674988,-0.0893019214272499,-0.105805791914463,-0.1058092564344406,-0.1058355420827865,-0.080347254872322,-0.0803192406892776,-0.0803465992212295,-0.1407706439495086,-0.0323138795793056,-0.1027276068925857,-0.0698289796710014,-0.1891843378543853,0.0482413545250892,-0.2016791105270385,0.0766908675432205,-0.1662199348211288,0.0371277816593647,-0.1875048130750656,0.0333196818828582,-0.1873542666435241,0.0119461165741086,-0.1648138165473938,0.0258747395128011,-0.06881944835186,0.0687691122293472,0.0066272811964154,0.1399707496166229,0.0841309651732444,0.2279448062181472,0.0876605659723281,0.2350940257310867,0.0294229984283447,0.2073245346546173,Walk-To-Chair
492,0.999514102935791,0.9994741082191468,0.9995734691619872,0.9996586441993712,0.999072015285492,0.9989003539085388,0.9989144802093506,0.999717652797699,0.997999906539917,0.9995943903923036,0.999168872833252,0.9999807476997375,0.9988330602645874,0.9904240369796752,0.052345898002386,0.9739058017730712,0.082055889070034,0.9483727812767028,0.087462306022644,0.944391667842865,0.090515598654747,0.91510671377182,0.0978157222270965,0.9989385604858398,0.9970598220825196,0.941117525100708,0.6749690175056458,0.979779064655304,0.8588205575942993,0.972590446472168,0.8901201486587524,0.9718603491783142,0.9058472514152528,0.4781474471092224,0.482935756444931,0.4839266836643219,0.4848901629447937,0.4826293587684631,0.4833295941352844,0.4839900434017181,0.4946421086788177,0.492855966091156,0.4817183911800384,0.4809655547142029,0.4993075728416443,0.5105528235435486,0.502642035484314,0.5113259553909302,0.4937614798545837,0.4930818974971771,0.4968008399009704,0.488099992275238,0.4930085241794586,0.4853278994560241,0.4923426210880279,0.4872627258300781,0.4940908551216125,0.504611611366272,0.4846755862236023,0.5118938684463501,0.4779644608497619,0.5422303080558777,0.4863390028476715,0.5539267659187317,0.4435875415802002,0.5143184661865234,0.340822160243988,0.3320584595203399,0.3320898115634918,0.3321581780910492,0.3316794335842132,0.3314645886421203,0.3312322795391083,0.3367071151733398,0.3351743519306183,0.3508363664150238,0.3508612513542175,0.3820739984512329,0.3834997415542602,0.4699164927005768,0.4552341401576996,0.5408195853233337,0.5070487856864929,0.5583401322364807,0.5199482440948486,0.5579074621200562,0.5209866166114807,0.5516377091407776,0.5167516469955444,0.5262007117271423,0.523002028465271,0.6163203716278076,0.6108705997467041,0.7015112638473511,0.6909986138343811,0.7199207544326782,0.7088674902915955,0.7196905612945557,0.7050856947898865,-0.0854025930166244,-0.1022855043411254,-0.1023112908005714,-0.102344237267971,-0.0772231668233871,-0.0771812051534652,-0.0771899297833442,-0.1406587064266204,-0.0320249609649181,-0.0996899828314781,-0.0671962052583694,-0.1920231133699417,0.0477901026606559,-0.2073384970426559,0.0707196369767189,-0.1667747646570205,0.0314467810094356,-0.1877278387546539,0.0294179506599903,-0.1879104524850845,0.0084791854023933,-0.165138766169548,0.0202802084386348,-0.0688555911183357,0.0688132792711258,0.0129287960007786,0.146471694111824,0.0979359596967697,0.2396131008863449,0.1024270430207252,0.2474010735750198,0.0452509447932243,0.2205283343791961,Walk-To-Chair
493,0.9995421767234802,0.9995035529136658,0.9995975494384766,0.9996786117553712,0.9991163611412048,0.9989504814147948,0.998964786529541,0.9997354745864868,0.9980958700180054,0.9996204972267152,0.9992170929908752,0.9999818801879884,0.9988183975219728,0.9904964566230774,0.0517918653786182,0.9744139313697816,0.0826846808195114,0.949368417263031,0.0884954556822776,0.9454631805419922,0.0916308984160423,0.9166482090950012,0.0989667177200317,0.9989705681800842,0.9970609545707704,0.9376330375671388,0.6777831315994263,0.9800297021865844,0.8606694936752319,0.971916437149048,0.8919419050216675,0.9723894596099854,0.9074280261993408,0.4730761051177978,0.4776645302772522,0.478734403848648,0.479848712682724,0.477377712726593,0.478175550699234,0.4789749979972839,0.4900946617126465,0.4880565106868744,0.4767557084560394,0.4758504927158355,0.4965909123420715,0.5077921152114868,0.5024817585945129,0.5052019357681274,0.4900715351104736,0.4842502474784851,0.4926531314849853,0.4787665009498596,0.4886323511600494,0.4751954674720764,0.4879047274589538,0.4772252440452575,0.4896031320095062,0.4995542466640472,0.480858713388443,0.5080702900886536,0.476574957370758,0.5409655570983887,0.486176073551178,0.5520588159561157,0.4429784417152405,0.5121328830718994,0.3417981564998626,0.3329377472400665,0.3329977989196777,0.3330873250961303,0.332608550786972,0.3324422538280487,0.3322376012802124,0.3375270664691925,0.3359397947788238,0.3519300818443298,0.3520984351634979,0.3825103044509887,0.384198248386383,0.4707110226154327,0.4556827545166015,0.5413846373558044,0.5032662749290466,0.5593947172164917,0.5145801305770874,0.558782696723938,0.513830840587616,0.5520495772361755,0.5102033615112305,0.5263157486915588,0.5229426622390747,0.6165868639945984,0.6098260283470154,0.70155268907547,0.68956458568573,0.7197856307029724,0.7069306969642639,0.7207871079444885,0.7051071524620056,-0.0857798308134079,-0.1025260910391807,-0.1025540828704834,-0.1025848761200904,-0.0777692273259162,-0.0777297094464302,-0.0777328982949256,-0.1421974748373031,-0.033565666526556,-0.099115177989006,-0.0669827908277511,-0.1934726238250732,0.0474109873175621,-0.2075582444667816,0.0734628364443779,-0.1674994677305221,0.0333755239844322,-0.1886877715587616,0.0297633446753025,-0.1886022686958313,0.0090851578861474,-0.1658799201250076,0.0219069756567478,-0.0694238990545272,0.0693712532520294,0.0129587277770042,0.1495653539896011,0.0998356714844703,0.244303822517395,0.1047102361917495,0.2524629533290863,0.0489798597991466,0.2270179092884063,Walk-To-Chair
494,0.999565601348877,0.9995269179344176,0.9996169805526732,0.9996945858001708,0.9991594552993774,0.9990026354789734,0.999019742012024,0.99974924325943,0.9982017874717712,0.9996415972709656,0.9992628693580629,0.9999825358390808,0.9988418221473694,0.9904929399490356,0.0519853793084621,0.9743972420692444,0.0834013596177101,0.9493697881698608,0.0890878438949585,0.9454283714294434,0.0922401174902916,0.916455328464508,0.0997683256864547,0.9990060329437256,0.9971393942832948,0.9357470870018004,0.6768458485603333,0.9801551699638368,0.8603230714797974,0.9708715677261353,0.8922353386878967,0.9726400375366212,0.9080167412757874,0.4701623916625976,0.4743778109550476,0.4754266738891601,0.4765055179595947,0.4740448594093323,0.4747933745384216,0.4755352437496185,0.4868389070034027,0.4844351410865783,0.4741035997867584,0.4731633067131042,0.4949628710746765,0.499776542186737,0.5004476308822632,0.5000750422477722,0.4882701933383941,0.4867853224277496,0.4896679520606994,0.4795026183128357,0.4852420687675476,0.4788754880428314,0.4845798909664154,0.4791849255561828,0.4856604039669037,0.4942080080509186,0.4777539670467376,0.5029338598251343,0.4761767387390136,0.5386995077133179,0.4853966832160949,0.5490261316299438,0.442187637090683,0.5093987584114075,0.3420288264751434,0.3331712782382965,0.3332090973854065,0.3332772254943847,0.3328704833984375,0.3326967656612396,0.3324845731258392,0.3376879096031189,0.3361097872257232,0.352004200220108,0.3521148264408111,0.3829363286495209,0.3852513432502746,0.4717118442058563,0.459300696849823,0.5427148938179016,0.518657922744751,0.5608300566673279,0.5300164818763733,0.5600701570510864,0.5320611000061035,0.5533790588378906,0.5260183811187744,0.5274981260299683,0.5241384506225586,0.6164661049842834,0.6095024347305298,0.701614260673523,0.6882039308547974,0.7197258472442627,0.7050625681877136,0.7209799885749817,0.705341637134552,-0.0957674533128738,-0.1118799671530723,-0.1119066029787063,-0.1119406670331955,-0.0872246399521827,-0.0871916189789772,-0.0871923044323921,-0.1510689258575439,-0.0413594171404838,-0.1076283603906631,-0.0756945610046386,-0.1993709504604339,0.0377562530338764,-0.2136653959751129,0.0661833062767982,-0.1776292622089386,0.0273406598716974,-0.2005598247051239,0.0238166134804487,-0.2001580446958542,0.0021776529029011,-0.1760997772216797,0.0160390846431255,-0.0694578438997268,0.0694041848182678,0.0154951764270663,0.1526473015546798,0.1081872954964637,0.2523466050624847,0.113635204732418,0.2609462738037109,0.0572546049952507,0.2345695495605468,Walk-To-Chair
495,0.9995546340942384,0.9995114803314208,0.9996054172515868,0.9996856451034546,0.9991253018379213,0.9989632964134216,0.9989933371543884,0.9997422695159912,0.9981339573860168,0.9996317028999328,0.9992471933364868,0.9999821186065674,0.9988238215446472,0.9899113774299622,0.0524971559643745,0.9719415307044984,0.0835223868489265,0.94575172662735,0.0892615467309951,0.9415968656539916,0.0925637558102607,0.9113442897796632,0.1000982522964477,0.9990139603614808,0.997115194797516,0.9324622750282288,0.6741431951522827,0.9801782965660096,0.8607015609741211,0.9693992137908936,0.8939236402511597,0.9726150035858154,0.9079620242118835,0.4666644632816314,0.4702755510807037,0.4713027477264404,0.472383439540863,0.470062643289566,0.4708868861198425,0.4717558026313782,0.4828100204467773,0.4812430441379547,0.4709573686122894,0.4702978730201721,0.4893881678581238,0.4989868700504303,0.4948006272315979,0.4974559843540191,0.4848131537437439,0.4796926379203796,0.4862562119960785,0.474204957485199,0.4821345806121826,0.4715259671211242,0.4815678000450134,0.4731936454772949,0.4807879030704498,0.4910525679588318,0.4747609496116638,0.4981035590171814,0.4752690196037292,0.5350914001464844,0.484243631362915,0.5475249290466309,0.4426117539405823,0.5065111517906189,0.3428922295570373,0.3338421285152435,0.3338192701339721,0.3338262736797333,0.333525151014328,0.3332770466804504,0.332995742559433,0.3378182649612427,0.3363302052021026,0.3527206480503082,0.3528251647949219,0.3826671242713928,0.3848289549350738,0.4726287126541137,0.4590499997138977,0.5424274206161499,0.5173242688179016,0.5606041550636292,0.5288690328598022,0.5596609115600586,0.5296580791473389,0.5531584024429321,0.5245118141174316,0.5266414880752563,0.5227800011634827,0.6160109639167786,0.6066240668296814,0.7022819519042969,0.6830430626869202,0.719842791557312,0.6992129683494568,0.7210076451301575,0.7050904035568237,-0.0936437472701072,-0.1093830838799476,-0.1094055548310279,-0.1094352006912231,-0.0848348438739776,-0.0848011672496795,-0.0848094299435615,-0.1497670263051986,-0.0393101312220096,-0.1052446737885475,-0.0737004801630973,-0.2003950327634811,0.0389750525355339,-0.216756984591484,0.067138098180294,-0.1783688366413116,0.0289637111127376,-0.2000575363636016,0.0263910796493291,-0.1996046602725982,0.0049495608545839,-0.1768408715724945,0.0176964905112981,-0.0710716396570205,0.0710031539201736,0.0135924667119979,0.1513644158840179,0.1042971834540367,0.2485175132751464,0.1091253161430358,0.2567564249038696,0.0546932145953178,0.2297449111938476,Walk-To-Chair
496,0.9995740056037904,0.9995316863059998,0.9996216297149658,0.9996984601020812,0.9991534352302552,0.9989975094795228,0.9990294575691224,0.999753475189209,0.998203694820404,0.9996501803398132,0.9992848634719848,0.999983251094818,0.9988577365875244,0.990198016166687,0.0535983592271804,0.972839057445526,0.0856582075357437,0.9474127888679504,0.0917732417583465,0.9433905482292176,0.0952012911438942,0.9138232469558716,0.1026514619588851,0.9990713596343994,0.9972291588783264,0.9318779110908508,0.6737052798271179,0.9806428551673888,0.8607115149497986,0.9691755771636964,0.8951920866966248,0.9732313752174376,0.9082477688789368,0.4632986485958099,0.466813176870346,0.4681665897369385,0.4693790376186371,0.4664955139160156,0.4671624302864074,0.4679009020328522,0.4790032804012298,0.4770137667655945,0.4673816561698913,0.4663082957267761,0.4841428697109222,0.4963949620723724,0.4914703965187073,0.4946052432060241,0.4785603582859039,0.4771047234535217,0.4806776046752929,0.4719459414482116,0.4766192436218261,0.4688565135002136,0.4760190844535827,0.4707485139369964,0.4767130017280578,0.4887833595275879,0.4696080684661865,0.4966060519218445,0.4751158654689789,0.5320833921432495,0.4846360683441162,0.5423405170440674,0.4420556128025055,0.5067269206047058,0.3430995345115661,0.3339672088623047,0.3339357674121856,0.3339335024356842,0.3336841166019439,0.3334377110004425,0.3331570029258728,0.3378183245658874,0.336338460445404,0.3526763916015625,0.3527942597866058,0.3822241127490997,0.3848223686218261,0.4726103544235229,0.4590115249156952,0.5422986745834351,0.5152603387832642,0.5605428218841553,0.5268619060516357,0.5594307780265808,0.5266374349594116,0.5530344843864441,0.5221081972122192,0.5263703465461731,0.5222136378288269,0.6159297227859497,0.6043506860733032,0.7025435566902161,0.6795470714569092,0.7200477123260498,0.6926299929618835,0.7220954895019531,0.7049362063407898,-0.0752314105629921,-0.0922127068042755,-0.0922206491231918,-0.0922378748655319,-0.0674904286861419,-0.0674599856138229,-0.0674555599689483,-0.1388573795557022,-0.0278542842715978,-0.0892684832215309,-0.0572913512587547,-0.1969644427299499,0.0479415170848369,-0.2148052453994751,0.0781486257910728,-0.1763650923967361,0.0423191264271736,-0.1971362978219986,0.0408294834196567,-0.1953573375940323,0.0201617944985628,-0.1741669476032257,0.0314300581812858,-0.0730174630880355,0.0729247033596038,0.0025798105634748,0.1510762423276901,0.0835407748818397,0.2441466152667999,0.0884162038564682,0.2523178458213806,0.0365732125937938,0.2277461588382721,Walk-To-Chair
497,0.999582827091217,0.9995523691177368,0.9996397495269777,0.999713659286499,0.9991663098335266,0.999009370803833,0.9990359544754028,0.9997681379318236,0.998248815536499,0.9996646642684937,0.9992913007736206,0.9999843835830688,0.9987520575523376,0.9906867146492004,0.0524101220071315,0.9743000864982604,0.0871176868677139,0.9501464366912842,0.0961387380957603,0.94640052318573,0.1001726388931274,0.918239414691925,0.1074167639017105,0.9991132020950316,0.9972161054611206,0.9290858507156372,0.6669036149978638,0.9810070395469666,0.8579847812652588,0.9701085686683656,0.896214485168457,0.9743351340293884,0.9082433581352234,0.4590851664543152,0.4631546437740326,0.4643658101558685,0.4656638205051422,0.4626751840114593,0.4633933901786804,0.4641911387443542,0.4759920239448547,0.4734448492527008,0.4630342125892639,0.4619892239570617,0.4823402464389801,0.4902074933052063,0.4934810101985931,0.4818354249000549,0.4757615923881531,0.4596527218818664,0.4760928153991699,0.4545981287956238,0.4707075953483581,0.4504812359809875,0.4705085754394531,0.451789528131485,0.4729707837104797,0.4815617203712463,0.4665849208831787,0.4858087003231048,0.4760755598545074,0.5237463712692261,0.4859709739685058,0.5375696420669556,0.4433609545230865,0.5019825100898743,0.3426541984081268,0.3336490988731384,0.3336183726787567,0.3336168825626373,0.3333991169929504,0.3331776261329651,0.3329183757305145,0.3374263942241668,0.3359224498271942,0.3523677885532379,0.3524594902992248,0.3815892934799194,0.3833576738834381,0.4725859463214874,0.444585919380188,0.5420960187911987,0.448239117860794,0.560412585735321,0.4491496980190277,0.5591619610786438,0.4439481198787689,0.5528208613395691,0.4444616138935089,0.5259038209915161,0.5216638445854187,0.6130188703536987,0.6022442579269409,0.7025278806686401,0.675726592540741,0.7197513580322266,0.6837780475616455,0.722095787525177,0.7036750912666321,-0.0775529444217681,-0.093429110944271,-0.0934398993849754,-0.0934486091136932,-0.0698045492172241,-0.0697924718260765,-0.0697544962167739,-0.1379957348108291,-0.028389636427164,-0.0903597474098205,-0.0574390217661857,-0.1920956820249557,0.0561803206801414,-0.210068941116333,0.1263139843940735,-0.1759808361530304,0.1339845955371856,-0.1960766613483429,0.1392819434404373,-0.1950810551643371,0.1203216090798378,-0.1737243384122848,0.1248421519994735,-0.0767024382948875,0.0766556859016418,-0.0064910659566521,0.1504490822553634,0.0778709575533866,0.2435578554868698,0.083572082221508,0.2516451478004455,0.0354797318577766,0.2282621413469314,Walk-To-Chair
498,0.9995638132095336,0.9995454549789428,0.999637246131897,0.9997106194496156,0.9991212487220764,0.9989614486694336,0.9989784359931946,0.9997708797454834,0.9981797933578492,0.9996606707572936,0.9992641806602478,0.9999852776527404,0.998691976070404,0.9909188151359558,0.0515193603932857,0.9747459888458252,0.0846979543566703,0.9511006474494934,0.0945918560028076,0.9474995136260986,0.0987140461802482,0.9196211099624634,0.1058484315872192,0.9991602301597596,0.9972353577613832,0.93026465177536,0.6658686995506287,0.9816704988479614,0.8568966388702393,0.9711108207702636,0.8980252146720886,0.974993109703064,0.9064844250679016,0.4542193412780761,0.4580107629299164,0.4591255187988281,0.4602282047271728,0.4581211507320404,0.4590547978878021,0.4603139460086822,0.4705631732940674,0.4694835543632507,0.4576098322868347,0.4573221206665039,0.4776425361633301,0.4882713258266449,0.4893106520175934,0.486264169216156,0.474229484796524,0.4650020003318786,0.4744824767112732,0.4602415561676025,0.4694615006446838,0.4563274979591369,0.4692440927028656,0.4577615857124328,0.4715330600738525,0.4808802604675293,0.4645485877990722,0.4803634583950043,0.4750990271568298,0.5210070610046387,0.4863180220127105,0.5302110910415649,0.4414819180965423,0.4979727268218994,0.3423611521720886,0.3334451913833618,0.3334308862686157,0.3334296643733978,0.3331689834594726,0.3329501152038574,0.3326701819896698,0.3371803164482116,0.3356112837791443,0.3519833385944366,0.3520860373973846,0.3814314007759094,0.3817910850048065,0.4723977744579315,0.4464643597602844,0.5418797731399536,0.4682305753231048,0.5594609379768372,0.4748072624206543,0.5591241121292114,0.4719704985618591,0.5524551272392273,0.4700281322002411,0.5247506499290466,0.520168662071228,0.6121160984039307,0.6015897989273071,0.7028369307518005,0.6717458963394165,0.7197808623313904,0.6792858242988586,0.7219988703727722,0.7039262652397156,-0.0784355998039245,-0.0939237996935844,-0.0939245969057083,-0.0939264744520187,-0.0708155408501625,-0.0707990974187851,-0.0707747489213943,-0.1395894736051559,-0.0284912176430225,-0.090555652976036,-0.0587385669350624,-0.1994284689426422,0.0565806627273559,-0.2187064588069915,0.1069481521844863,-0.1785943508148193,0.0899650007486343,-0.1996775567531585,0.0926718413829803,-0.1971670240163803,0.0722083300352096,-0.1757869869470596,0.0795838981866836,-0.0803026482462883,0.080228641629219,-0.0112676154822111,0.1562900096178054,0.0732545405626297,0.2542366683483124,0.0791726186871528,0.2630849778652191,0.0321230962872505,0.2430332005023956,Walk-To-Chair
499,0.9995040893554688,0.999513864517212,0.999610960483551,0.9996875524520874,0.9990291595458984,0.998843252658844,0.9988610744476318,0.9997575879096984,0.9980744123458862,0.9996306300163268,0.9991889595985411,0.9999855756759644,0.9986405968666076,0.9910476207733154,0.0499298647046089,0.9754708409309388,0.0830596014857292,0.9526196718215942,0.0944647490978241,0.9492260813713074,0.098635010421276,0.9217257499694824,0.105863444507122,0.9991689920425416,0.9972184300422668,0.9298004508018494,0.6516869068145752,0.9816930294036864,0.8454906344413757,0.9723073840141296,0.8917475342750549,0.9757534861564636,0.9004834294319153,0.450636625289917,0.454045683145523,0.4551354050636291,0.4561700224876404,0.4542029798030853,0.4553154110908508,0.4564193189144134,0.4665892720222473,0.466157853603363,0.4541767239570617,0.4540006518363952,0.4728219509124756,0.4863462448120117,0.4839149415493011,0.4801458418369293,0.4706463813781738,0.4542502760887146,0.4710845351219177,0.4482701420783996,0.4659066200256347,0.4439471662044525,0.4654788970947265,0.4458032250404358,0.4678108692169189,0.4792557656764984,0.462467759847641,0.4730625748634338,0.4869765341281891,0.4973604679107666,0.4881728589534759,0.5070529580116272,0.4661484360694885,0.4648641049861908,0.3423263132572174,0.333371490240097,0.333335667848587,0.333321064710617,0.3331016004085541,0.3328585624694824,0.332565039396286,0.3369490802288055,0.3354069888591766,0.3518009483814239,0.3519282341003418,0.3811185956001282,0.3810183703899383,0.4715741574764251,0.4413051605224609,0.5416985154151917,0.4637747704982757,0.5587658286094666,0.4687307178974151,0.5590431690216064,0.4666564762592315,0.5520802736282349,0.4655339121818542,0.5232364535331726,0.518976092338562,0.6110538244247437,0.6018331050872803,0.7007361054420471,0.6764450669288635,0.7144085168838501,0.684531569480896,0.7240063548088074,0.7060451507568359,-0.0779252797365188,-0.0942508950829505,-0.0942595675587654,-0.0942696034908294,-0.0701982304453849,-0.0701893046498298,-0.0701864436268806,-0.1393837183713913,-0.0284798294305801,-0.0907569751143455,-0.0588280856609344,-0.1988096684217453,0.0557778589427471,-0.2284176051616668,0.1219637989997863,-0.2106346786022186,0.1359824985265731,-0.233812004327774,0.1455758213996887,-0.2307385206222534,0.1243894323706626,-0.2084852755069732,0.1264252513647079,-0.0808869451284408,0.0808363482356071,-0.0176674090325832,0.1512060761451721,0.0644506141543388,0.2422965466976165,0.0707419365644455,0.2497851550579071,0.0288385394960641,0.2244694530963897,Walk-To-Chair
500,0.9994157552719116,0.9994739294052124,0.9995826482772828,0.999663472175598,0.9989124536514282,0.9987183809280396,0.998729646205902,0.999740481376648,0.9978815913200378,0.9995932579040528,0.9990897178649902,0.9999860525131226,0.9985188841819764,0.9911518692970276,0.0488292686641216,0.9761518239974976,0.0816358104348182,0.953805446624756,0.0933126360177993,0.95051246881485,0.0974553376436233,0.923149347305298,0.1043639853596687,0.9991779327392578,0.9969891905784608,0.9274596571922302,0.6415367722511292,0.9812718629837036,0.8348049521446228,0.9714627861976624,0.8864263296127319,0.975462794303894,0.8955363035202026,0.4474059641361236,0.4508815407752991,0.4519694745540619,0.452854722738266,0.4509788155555725,0.4520259797573089,0.4528891444206238,0.4621900916099548,0.4619845747947693,0.4507301747798919,0.4504619240760803,0.4671189188957214,0.4837540686130523,0.4773732125759125,0.4809436798095703,0.4650958180427551,0.4572767615318298,0.4663414359092712,0.4515689313411712,0.4610786437988281,0.4476258754730224,0.4605783820152282,0.4495238363742828,0.4636403918266296,0.4760587215423584,0.4598792493343353,0.4688936769962311,0.4790630340576172,0.4977668821811676,0.4865938127040863,0.5062265396118164,0.454782098531723,0.4734320640563965,0.3423912227153778,0.3333493173122406,0.3333150446414947,0.3333033621311188,0.3330776393413543,0.3328361809253692,0.332545131444931,0.3369441330432892,0.3354014754295349,0.3517607450485229,0.3519119620323181,0.3813049495220184,0.3809716999530792,0.4705125093460083,0.4420621693134308,0.5415768027305603,0.478329449892044,0.5586504340171814,0.4867400527000427,0.5588415265083313,0.4859278798103332,0.5518856048583984,0.4838677048683166,0.523249626159668,0.5184119939804077,0.6126139760017395,0.6020601391792297,0.7016823291778564,0.6722556948661804,0.7183427214622498,0.6815472841262817,0.723227858543396,0.7054864764213562,-0.0887092500925064,-0.1059001311659812,-0.1059176102280616,-0.1059418767690658,-0.0806322172284126,-0.0806269794702529,-0.0806421935558319,-0.1517133712768554,-0.0381037034094333,-0.1021024957299232,-0.0692635104060173,-0.2115819752216339,0.0485276989638805,-0.2368950843811035,0.1102476716041565,-0.2065150737762451,0.1084086745977401,-0.229032278060913,0.1090148910880088,-0.2262409031391143,0.0894394367933273,-0.2039964646100998,0.0988658219575882,-0.0812543705105781,0.0811614245176315,-0.0016154984477907,0.1650885343551635,0.0991118773818016,0.2771000266075134,0.1060825437307357,0.2872998416423797,0.0553810112178325,0.2634235918521881,Walk-To-Chair
501,0.999372124671936,0.999443531036377,0.9995625019073486,0.9996481537818908,0.9988271594047546,0.9986338019371032,0.9986317753791808,0.99972665309906,0.9977104663848876,0.9995726346969604,0.9990202784538268,0.9999865293502808,0.998458743095398,0.991431713104248,0.0493578948080539,0.9773322939872742,0.0830206125974655,0.9556576013565063,0.0944669246673584,0.9525293707847596,0.0986333116889,0.9258739948272704,0.1053396239876747,0.9992005228996276,0.9969339966773988,0.9222545623779296,0.6296256184577942,0.9794159531593324,0.8209815621376038,0.969024658203125,0.8773178458213806,0.9739004373550416,0.8898307085037231,0.4443762898445129,0.4480894207954407,0.4491929411888122,0.4500878453254699,0.4481947422027588,0.4492519497871399,0.4500884115695953,0.4596353471279144,0.4590684473514557,0.4473955035209656,0.4471212327480316,0.4654852747917175,0.4818889200687408,0.4774324297904968,0.4784197211265564,0.4616584777832031,0.4563061594963074,0.4623515009880066,0.4490410685539245,0.4564784169197082,0.4458172917366028,0.4568656980991363,0.4479008615016937,0.4636324048042297,0.4731435775756836,0.4611164033412933,0.4656020998954773,0.4772280156612396,0.4894410967826843,0.4864019453525543,0.5019356608390808,0.4506281912326813,0.469828188419342,0.3423681259155273,0.3333153426647186,0.3332985937595367,0.3332917392253876,0.3330038189888,0.3327602446079254,0.3324854671955108,0.3369507491588592,0.335397332906723,0.3517380952835083,0.3518924117088318,0.3813640475273132,0.3809949159622192,0.4707123637199402,0.4485602974891662,0.5420721769332886,0.4991451501846313,0.5587678551673889,0.510332465171814,0.558877170085907,0.5104758143424988,0.5520651936531067,0.5070950984954834,0.5251774787902832,0.5188155770301819,0.6158945560455322,0.6041619181632996,0.7019128203392029,0.6712779402732849,0.7187627553939819,0.6807712316513062,0.7231013178825378,0.7048109173774719,-0.1149012595415115,-0.1318982690572738,-0.1319247931241989,-0.1319721043109893,-0.1059997305274009,-0.1059857979416847,-0.1059976369142532,-0.1751393228769302,-0.0598314814269542,-0.1274760067462921,-0.0941174253821373,-0.2296702414751052,0.0270850453525781,-0.2453515976667404,0.0690613836050033,-0.2065666615962982,0.0405708141624927,-0.2301882207393646,0.0394111834466457,-0.2282335758209228,0.0170899964869022,-0.2041607648134231,0.029119748622179,-0.0807313174009323,0.0806842744350433,0.0321065410971641,0.1864744126796722,0.1527507454156875,0.3201799988746643,0.1617800593376159,0.3326490521430969,0.1090502738952636,0.3095381259918213,Walk-To-Chair
502,0.9993004202842712,0.9993911385536194,0.999523401260376,0.9996148943901062,0.9987187385559082,0.998529851436615,0.998526394367218,0.9996987581253052,0.9975700378417968,0.9995282888412476,0.9989397525787354,0.9999859929084778,0.9984025359153748,0.9909188747406006,0.0501226857304573,0.976069986820221,0.0811338052153587,0.9531843662261964,0.0918094217777252,0.9500542283058168,0.0957792699337005,0.9220215678215028,0.1023477464914321,0.99921315908432,0.9968600273132324,0.9195666313171388,0.6249899864196777,0.9784919619560242,0.8131291270256042,0.9670599699020386,0.8712558746337891,0.9731429219245912,0.8872649073600769,0.4416480958461761,0.4453340470790863,0.4460318982601166,0.4471829831600189,0.44551682472229,0.4462392926216125,0.4473396241664886,0.4562362134456634,0.4559899270534515,0.4443909227848053,0.4442656636238098,0.4614188075065613,0.4795048832893371,0.4704051911830902,0.4760352075099945,0.454364150762558,0.4592053294181824,0.4556211829185486,0.4518035352230072,0.4525998532772064,0.4486311078071594,0.4522244334220886,0.4503602087497711,0.4596549570560455,0.470018208026886,0.4601661562919616,0.4640815854072571,0.475245714187622,0.4856385588645935,0.4846729636192322,0.4954331517219543,0.4462879300117492,0.4647681713104248,0.3423494398593902,0.3333027958869934,0.3332861363887787,0.3332772254943847,0.332990437746048,0.33274707198143,0.3324689567089081,0.3370348811149597,0.3354449272155761,0.3517823219299316,0.3518986701965332,0.3817679584026336,0.3811652958393097,0.4725475311279297,0.4551950991153717,0.5450000166893005,0.5107645392417908,0.5608572363853455,0.5243897438049316,0.5607283711433411,0.5244912505149841,0.5545367002487183,0.5203734040260315,0.529077410697937,0.5219035744667053,0.6231234669685364,0.6107285022735596,0.7024803161621094,0.6736632585525513,0.7190662622451782,0.6859511733055115,0.7231903076171875,0.7057430744171143,-0.1175658255815506,-0.1349627077579498,-0.1349961310625076,-0.1350507587194442,-0.1090619564056396,-0.1090463027358055,-0.109064981341362,-0.1801337301731109,-0.0646565705537796,-0.1307469308376312,-0.0973489210009574,-0.2351498901844024,0.0205386653542518,-0.2448679208755493,0.0564608052372932,-0.2001009732484817,0.0276441164314746,-0.2228803634643554,0.0272915549576282,-0.2211770713329315,0.0060287313535809,-0.1978705376386642,0.0166360959410667,-0.0801741331815719,0.0801372453570365,0.0470915287733078,0.197910338640213,0.1768324971199035,0.3412744998931885,0.186623603105545,0.3546670973300934,0.132267028093338,0.330426424741745,Walk-To-Chair
503,0.9992944598197936,0.9993807673454284,0.9995161890983582,0.999610424041748,0.9987083673477172,0.9985179901123048,0.9985056519508362,0.9996949434280396,0.9975577592849731,0.9995285868644714,0.9989371299743652,0.9999861121177672,0.9984033703804016,0.9911419749259948,0.0506971627473831,0.9767154455184937,0.0809370651841163,0.9538736343383788,0.0909313559532165,0.9508830308914183,0.0948458164930343,0.9227983951568604,0.1014716848731041,0.9992202520370485,0.9968871474266052,0.9223201870918274,0.6293463110923767,0.9779884815216064,0.8087775707244873,0.9659078121185304,0.8629737496376038,0.9730817675590516,0.8864948749542236,0.4379257261753082,0.4416766762733459,0.4422712922096252,0.4433615207672119,0.4421778619289398,0.4430109858512878,0.4444335401058197,0.4529170095920563,0.4533007740974426,0.4410101473331451,0.4413506090641022,0.4601843953132629,0.4759807586669922,0.4707535207271576,0.4717553555965423,0.4538277685642242,0.4510300755500793,0.4526594281196594,0.4455668032169342,0.4495078027248382,0.4420973360538482,0.4494572281837463,0.4437829852104187,0.4586342275142669,0.4622130990028381,0.459221601486206,0.4588299393653869,0.473714679479599,0.4722155928611755,0.4834034442901611,0.481989324092865,0.4431526660919189,0.4440878927707672,0.3423353135585785,0.3332937061786651,0.3332778215408325,0.3332681357860565,0.3329755663871765,0.3327385783195495,0.3324610292911529,0.3370380103588104,0.3354449868202209,0.3517707586288452,0.3518758416175842,0.3820990025997162,0.3812118470668793,0.4736829400062561,0.4586299657821655,0.5457788705825806,0.5084033608436584,0.5612816214561462,0.5202541947364807,0.5607079267501831,0.5199622511863708,0.5545057058334351,0.5162184834480286,0.5316857099533081,0.5253288149833679,0.6262965798377991,0.6142883896827698,0.7032521367073059,0.6883082985877991,0.7192383408546448,0.7046293020248413,0.7230716347694397,0.7089508771896362,-0.1404831260442733,-0.1575939953327179,-0.1576285660266876,-0.1576896905899047,-0.131632924079895,-0.1316107809543609,-0.1316248327493667,-0.1976890116930008,-0.0820057541131973,-0.1516624242067337,-0.1181697398424148,-0.246202677488327,0.0095425937324762,-0.2577288448810577,0.0639386475086212,-0.21888168156147,0.0377643629908561,-0.24449023604393,0.0366224311292171,-0.2429262101650238,0.0178948454558849,-0.2169162482023239,0.0269936136901378,-0.0789939314126968,0.0788940712809562,0.073440670967102,0.2150088101625442,0.2242692708969116,0.3757024705410003,0.2367921322584152,0.3906579315662384,0.1806482821702957,0.3591838479042053,Walk-To-Chair
504,0.99932062625885,0.9994131326675416,0.99954354763031,0.9996314644813538,0.9987610578536988,0.998580515384674,0.998554229736328,0.9997135400772096,0.9977039098739624,0.99955415725708,0.998974859714508,0.999987006187439,0.99834805727005,0.9916234612464904,0.0496644154191017,0.9783353805541992,0.0830825045704841,0.9568052887916564,0.0950272604823112,0.9540619850158693,0.0993526875972747,0.9273843765258788,0.1059985011816024,0.9992454051971436,0.9969466328620912,0.9244102239608764,0.6337430477142334,0.9779277443885804,0.8059815764427185,0.9665960073471068,0.8575259447097778,0.9738942384719848,0.8863144516944885,0.4357901215553283,0.4393200874328613,0.440559446811676,0.4412972927093506,0.4401283264160156,0.4409350752830505,0.4417903423309326,0.4500505924224853,0.449955940246582,0.4392799437046051,0.4391633570194244,0.4572310447692871,0.4731616377830505,0.4698196947574615,0.4658953249454498,0.449853241443634,0.4406335353851318,0.4490566253662109,0.4357684254646301,0.4459343552589416,0.4299773275852203,0.4457701742649078,0.4314882159233093,0.4565812945365906,0.4577915668487549,0.4571755826473236,0.4542596340179443,0.4713293015956878,0.463275671005249,0.48159059882164,0.4729975759983063,0.440732479095459,0.4352627694606781,0.3423214852809906,0.3332774937152862,0.3332622647285461,0.3332672417163849,0.3329575955867767,0.3327252268791199,0.3324527442455292,0.3370920717716217,0.3354487717151642,0.3517575263977051,0.3518343865871429,0.3839432299137115,0.381231427192688,0.4769555926322937,0.442096084356308,0.5455503463745117,0.444068431854248,0.5614693760871887,0.4435060918331146,0.560594379901886,0.4279196560382843,0.5542904138565063,0.4277928471565246,0.531792402267456,0.5261866450309753,0.6268967390060425,0.614310622215271,0.7028734683990479,0.6885300874710083,0.7190313935279846,0.7036940455436707,0.7213371992111206,0.7082936763763428,-0.1460923850536346,-0.1645251214504242,-0.1645519137382507,-0.1645974814891815,-0.1399381160736084,-0.1399378478527069,-0.1399401724338531,-0.2050678730010986,-0.0969179794192314,-0.1569157093763351,-0.1255257576704025,-0.2510845959186554,0.0038121752440929,-0.2685334086418152,0.1262973099946975,-0.2433757483959198,0.2123795747756958,-0.2672558724880218,0.2297679930925369,-0.2690209448337555,0.2120209485292434,-0.242618441581726,0.2060124427080154,-0.0787576586008071,0.0786562711000442,0.0701642036437988,0.2130141258239746,0.2128578424453735,0.3697437644004822,0.2251005619764328,0.3844900131225586,0.1748653203248977,0.3578031659126282,Walk-To-Chair
505,0.9992082118988036,0.9993156790733336,0.9994758367538452,0.999581217765808,0.9985361695289612,0.99831885099411,0.9982550144195556,0.9996715784072876,0.997223138809204,0.999492049217224,0.9987725019454956,0.9999871850013732,0.9982345700263976,0.9918457865715028,0.0490896627306938,0.9791623950004578,0.0833445191383361,0.9580719470977784,0.0948157832026481,0.9554221034049988,0.0990817621350288,0.928928792476654,0.1059151664376258,0.9992480874061584,0.9968968033790588,0.925654411315918,0.6319484710693359,0.9772484302520752,0.8000713586807251,0.9653462171554564,0.8492831587791443,0.9733957052230836,0.8839593529701233,0.4316146373748779,0.4364127218723297,0.4372516274452209,0.4379086494445801,0.4368843138217926,0.4378260672092438,0.438668429851532,0.4475628435611725,0.4475983679294586,0.4352494180202484,0.4353072643280029,0.4559337496757507,0.4677205085754394,0.4624549448490143,0.4613081514835357,0.4470773637294769,0.4382119178771972,0.4460493624210357,0.4331509172916412,0.4428272247314453,0.4286159574985504,0.4428837299346924,0.430411159992218,0.4552234709262848,0.4549996256828308,0.4554279446601867,0.4519683718681335,0.4665659070014953,0.4591431021690368,0.4784537851810455,0.4681946635246277,0.436656653881073,0.4300550818443298,0.3422273993492126,0.3331693708896637,0.3331620395183563,0.3331844210624695,0.3328598141670227,0.3326396644115448,0.3323859572410583,0.3370899558067322,0.335438996553421,0.3516681790351867,0.351711630821228,0.3841516077518463,0.3819900453090668,0.4756459593772888,0.4500541687011719,0.5465638637542725,0.4834355413913727,0.5627995133399963,0.4915106892585754,0.5621554851531982,0.4885609745979309,0.5555038452148438,0.4861269891262054,0.5316145420074463,0.526155948638916,0.6259101629257202,0.6136531829833984,0.7024717926979065,0.6878839731216431,0.7183640599250793,0.7026720643043518,0.7195282578468323,0.7054173350334167,-0.1631846576929092,-0.1807155162096023,-0.1807461977005005,-0.1808053851127624,-0.1548350602388382,-0.1548199206590652,-0.1548365652561187,-0.2199004143476486,-0.1045944467186927,-0.1738005429506302,-0.140370100736618,-0.264616310596466,-0.0061173224821686,-0.2825562953948974,0.0772678852081298,-0.2555679678916931,0.1121945157647132,-0.2825269997119903,0.122053824365139,-0.282312661409378,0.0948279350996017,-0.2542303502559662,0.1016854047775268,-0.0783144980669021,0.0782124325633049,0.0712989717721939,0.2182347774505615,0.2214137762784958,0.3812471926212311,0.2337024509906768,0.3965561687946319,0.1777465641498565,0.3675140738487243,Walk-To-Chair
506,0.9991701245307922,0.9992809891700744,0.9994497895240784,0.9995588660240172,0.9984749555587769,0.9982544779777528,0.9981772303581238,0.9996500611305236,0.997097373008728,0.9994531273841858,0.998683214187622,0.9999860525131226,0.9981778264045716,0.9916573166847228,0.0481729209423065,0.9788336157798768,0.0833746343851089,0.9571352005004884,0.0947015956044197,0.9544821977615356,0.0988188758492469,0.9271911382675172,0.1055610552430152,0.9992403984069824,0.9969264268875122,0.9258333444595336,0.629844069480896,0.9765891432762146,0.7966936230659485,0.9648069143295288,0.8429173827171326,0.9728429317474364,0.8825060725212097,0.4288724958896637,0.4332237839698791,0.4339447617530823,0.4345953464508056,0.4336402416229248,0.434612512588501,0.4355196952819824,0.444280207157135,0.4448043406009674,0.432502269744873,0.4326000809669494,0.4530021250247955,0.4630110263824463,0.453946977853775,0.4571096301078796,0.444322407245636,0.4344739913940429,0.4433747828006744,0.4289936423301697,0.4405365586280823,0.4252289235591888,0.4406136870384216,0.4273003935813904,0.4509095549583435,0.453348308801651,0.4536250233650207,0.4475885033607483,0.4661973416805267,0.4529622197151184,0.4765647947788238,0.4605780243873596,0.438129186630249,0.4235426485538482,0.3425338864326477,0.3332279026508331,0.3332264125347137,0.3332615792751312,0.3329043388366699,0.3326817750930786,0.3324357569217682,0.3372110724449157,0.3355556428432464,0.3519178032875061,0.3519496917724609,0.385755181312561,0.3830638527870178,0.4755353629589081,0.4538324177265167,0.5463709235191345,0.4963565766811371,0.5626310110092163,0.5062317848205566,0.562116801738739,0.5062678456306458,0.5553228259086609,0.5032585263252258,0.5314010381698608,0.5263891816139221,0.6255429983139038,0.613250732421875,0.7019001245498657,0.6887196898460388,0.7172571420669556,0.7044087052345276,0.7195362448692322,0.70448237657547,-0.1441704332828521,-0.1618850082159042,-0.1619079560041427,-0.1619548499584198,-0.136190727353096,-0.1361767649650573,-0.1361900120973587,-0.2031738460063934,-0.0887921303510665,-0.1558308601379394,-0.1226834058761596,-0.2496772110462188,0.0033538453280925,-0.2669573128223419,0.0703266263008117,-0.2354836165904998,0.0738628134131431,-0.2600482702255249,0.0795180350542068,-0.259362518787384,0.0552652403712272,-0.2338686436414718,0.0630989596247673,-0.075997844338417,0.0759067386388778,0.0674271136522293,0.2087388485670089,0.2085781842470169,0.354176789522171,0.2199171334505081,0.3662119209766388,0.1611876487731933,0.3332189619541168,Walk-To-Chair
507,0.9991057515144348,0.9992240071296692,0.9994063377380372,0.9995194673538208,0.9983727335929872,0.9981547594070436,0.9980528354644777,0.9996184706687928,0.9968782067298888,0.9994016885757446,0.998563289642334,0.999984860420227,0.9981433153152466,0.9912554025650024,0.0473670698702335,0.9784886240959167,0.0839526057243347,0.9563542604446412,0.094949834048748,0.9537274837493896,0.098886951804161,0.925747573375702,0.1056501790881156,0.9992496371269226,0.9970003366470336,0.9261964559555054,0.6311666369438171,0.9763204455375672,0.7967377305030823,0.9636019468307496,0.8371907472610474,0.9722320437431335,0.8821569681167603,0.4255897104740143,0.4298164248466491,0.4307724833488464,0.4316182732582092,0.4299685955047607,0.4310634732246399,0.4320518374443054,0.4417524337768554,0.4422086775302887,0.4292323589324951,0.4291864037513733,0.4503892958164215,0.4598303437232971,0.4502069056034088,0.4567111134529114,0.4417747557163238,0.4366673529148102,0.4410675466060638,0.4314460754394531,0.4385706782341003,0.4281845092773437,0.4386322498321533,0.4303281903266907,0.4486010670661926,0.4496524930000305,0.4515163898468017,0.4367240369319916,0.4669197201728821,0.4281566143035888,0.4772579669952392,0.4378148913383484,0.4385999739170074,0.4002722203731537,0.342740386724472,0.3333921432495117,0.3334051370620727,0.3334576785564422,0.3330356478691101,0.3328087925910949,0.3325681984424591,0.3375883102416992,0.3359855413436889,0.3522156476974487,0.3521536588668823,0.3869647979736328,0.3835927546024322,0.4752049446105957,0.4572941660881042,0.5462963581085205,0.5106889009475708,0.5625869035720825,0.5236435532569885,0.5619687438011169,0.5248288512229919,0.5551868081092834,0.5204274654388428,0.5312145948410034,0.5263693928718567,0.6237505078315735,0.6124028563499451,0.7018997669219971,0.6864525079727173,0.717210054397583,0.7039968967437744,0.7195403575897217,0.695748507976532,-0.1371866166591644,-0.1548991054296493,-0.1549241244792938,-0.1549682766199112,-0.1291638910770416,-0.1291467845439911,-0.1291621029376983,-0.1976855099201202,-0.082813985645771,-0.1496053040027618,-0.1163333803415298,-0.2446690499782562,0.0061796358786523,-0.261003702878952,0.0572429001331329,-0.2297015935182571,0.0339180305600166,-0.2542326152324676,0.0364557020366191,-0.2534891664981842,0.0122938184067606,-0.2280347645282745,0.0224667061120271,-0.0743260532617569,0.0742281302809715,0.0326885879039764,0.1835726797580719,0.145009309053421,0.3062452375888824,0.1524525135755539,0.3163552582263946,0.0966046974062919,0.2868466079235077,Walk-To-Chair
508,0.9991101026535034,0.9992344379425048,0.9994081258773804,0.999518096446991,0.9984112977981568,0.9981999397277832,0.9981056451797484,0.9996148347854614,0.9969792366027832,0.9993903636932372,0.9985775351524352,0.999982476234436,0.998175084590912,0.990714430809021,0.0458626449108123,0.9777002334594728,0.0811559557914733,0.9549326300621032,0.0920430868864059,0.9523105025291444,0.0957144126296043,0.9232727885246276,0.1023744419217109,0.99923574924469,0.997083067893982,0.925099790096283,0.6286234259605408,0.9751478433609008,0.7932577133178711,0.9630565643310548,0.8297010064125061,0.9708494544029236,0.8779580593109131,0.4220825731754303,0.4264231324195862,0.4273914694786072,0.4285806119441986,0.4262240529060364,0.4272393584251404,0.4282035827636719,0.4388766884803772,0.439326137304306,0.4261263012886047,0.4258089065551758,0.4446205496788025,0.4600891470909118,0.4407826364040375,0.4579456448554992,0.4366628527641296,0.4367112517356872,0.436725378036499,0.4314504265785217,0.4347237646579742,0.4280152916908264,0.4346993863582611,0.4298762679100036,0.4429016709327698,0.4493520855903625,0.4464742541313171,0.4331194758415222,0.4673147797584533,0.4225373268127441,0.477945864200592,0.4280323982238769,0.4392823278903961,0.3915252387523651,0.3433338105678558,0.3338400721549988,0.3338646590709686,0.3339275121688843,0.3334466218948364,0.3332163393497467,0.3329770267009735,0.3381276428699493,0.336689829826355,0.353159099817276,0.3530551195144653,0.3890745341777801,0.3836933076381683,0.4753822684288025,0.4572234749794006,0.5462247133255005,0.5065507292747498,0.5616334676742554,0.5181484222412109,0.5613645315170288,0.5175260305404663,0.5551045536994934,0.5137748122215271,0.5310880541801453,0.5263632535934448,0.6201918125152588,0.6097838878631592,0.7015323638916016,0.6864026784896851,0.7171559929847717,0.7039276957511902,0.7193161249160767,0.6959171295166016,-0.1073161363601684,-0.1260972172021865,-0.1261108219623565,-0.1261354386806488,-0.1002985686063766,-0.1002967357635498,-0.1003258228302002,-0.1760919690132141,-0.0617539212107658,-0.1229451298713684,-0.0897498279809951,-0.228284865617752,0.0189914014190435,-0.2470732927322387,0.063251756131649,-0.20681694149971,0.058469109237194,-0.2281934767961502,0.0699531733989715,-0.2250565588474273,0.0469597727060318,-0.2044204026460647,0.0486413389444351,-0.0736575275659561,0.0735733285546302,0.000881026382558,0.1404926031827926,0.0903245285153389,0.2382125109434127,0.0964169800281524,0.2461653649806976,0.0495913103222847,0.2158345431089401,Walk-To-Chair
509,0.999107539653778,0.9992328882217408,0.9994016289711,0.999511420726776,0.9984241724014282,0.9982131719589232,0.9981207847595216,0.999609649181366,0.9970116019248962,0.9993758797645568,0.9985780715942384,0.999981701374054,0.9982051849365234,0.9904471039772034,0.0456430576741695,0.9773966073989868,0.0804311260581016,0.9543080925941468,0.0909701064229011,0.9517197608947754,0.0944385752081871,0.9221302270889282,0.1010695248842239,0.999247670173645,0.9971873760223388,0.9225746393203736,0.6215890049934387,0.9737338423728944,0.7876685857772827,0.9621734023094176,0.8221843242645264,0.9691343903541564,0.8724614381790161,0.4197746813297272,0.4242549538612366,0.4253854155540466,0.4264461100101471,0.423969566822052,0.4249479174613952,0.425821304321289,0.4364551603794098,0.4363250732421875,0.4235140383243561,0.4231240749359131,0.441305011510849,0.4567400515079498,0.4429709911346435,0.4547796249389648,0.4335326552391052,0.4347075819969177,0.4333879947662353,0.429619550704956,0.431480348110199,0.4263978600502014,0.4316471219062805,0.4282628893852234,0.4397619366645813,0.4466226696968078,0.4408332705497741,0.4310885965824127,0.4669644832611084,0.4200621545314789,0.4765187203884125,0.4252018332481384,0.4384553432464599,0.3874229788780212,0.3434840142726898,0.3340696990489959,0.334118902683258,0.334211528301239,0.3336275517940521,0.3333910703659057,0.3331508636474609,0.3385172188282013,0.3370739817619324,0.3535816073417663,0.3534037172794342,0.3890474140644073,0.3843985795974731,0.4753242433071136,0.4575589001178741,0.5462438464164734,0.50956791639328,0.5619640946388245,0.5219480991363525,0.5616341233253479,0.5228117108345032,0.5551947355270386,0.5187004208564758,0.5310683846473694,0.5263153910636902,0.6180086731910706,0.6095758080482483,0.7012740969657898,0.6863916516304016,0.7166048288345337,0.7037975192070007,0.718994140625,0.6916457414627075,-0.1029141992330551,-0.1213871613144874,-0.1214056387543678,-0.1214345917105674,-0.0957107171416282,-0.0956986397504806,-0.0957239121198654,-0.1697714626789093,-0.0558782741427421,-0.1179122775793075,-0.0848297402262687,-0.2239622324705124,0.0258029792457819,-0.2414273917675018,0.0673182383179664,-0.2008028924465179,0.0527602657675743,-0.2226802855730056,0.0593776032328605,-0.2195598632097244,0.0365068390965461,-0.1982386410236358,0.0423325411975383,-0.0736391246318817,0.0735557079315185,-0.0038718432188034,0.1446638405323028,0.0837520435452461,0.2409422695636749,0.0896119028329849,0.2488748729228973,0.0439695939421653,0.2219094783067703,Walk-To-Chair
510,0.9991349577903748,0.9992482662200928,0.9994077682495116,0.9995133876800536,0.9984884858131408,0.9982839226722716,0.998201072216034,0.9996075630187988,0.9971296787261964,0.9993664026260376,0.9986194372177124,0.9999794363975524,0.9982220530509948,0.9900134205818176,0.0475653521716594,0.9763003587722778,0.0804990381002426,0.9522995948791504,0.0902188941836357,0.9496355056762696,0.0934752449393272,0.918964147567749,0.0999552309513092,0.9992121458053588,0.9971941113471984,0.9222497344017028,0.6196849346160889,0.9729220867156982,0.786138117313385,0.962627649307251,0.8191099166870117,0.9678010940551758,0.8676512837409973,0.4172573983669281,0.4214276671409607,0.4223887920379638,0.4232333302497864,0.4217425286769867,0.422728955745697,0.4237203598022461,0.432755708694458,0.4334325194358825,0.4206379055976867,0.4207211434841156,0.4370357394218445,0.4565569460391998,0.4343673288822174,0.4566053748130798,0.4291938245296478,0.4374963343143463,0.4293909072875976,0.432370126247406,0.4278202056884765,0.4289113581180572,0.4281255304813385,0.4307571351528168,0.4359815120697021,0.4473315179347992,0.4357522428035736,0.4322188794612884,0.4562363624572754,0.4240976274013519,0.4693959355354309,0.4298664927482605,0.4328637719154358,0.3923802375793457,0.3444998562335968,0.3349832594394684,0.335069328546524,0.3352051377296448,0.3344833254814148,0.3342390954494476,0.3340101540088653,0.3394143879413605,0.3379739224910736,0.3545837998390198,0.3543063104152679,0.3895405232906341,0.3853555619716644,0.4755726158618927,0.4589011967182159,0.5464712381362915,0.5207439064979553,0.5621082782745361,0.5343014597892761,0.5618568062782288,0.536316990852356,0.5553087592124939,0.5316426753997803,0.5309820771217346,0.5263526439666748,0.6167980432510376,0.6095649600028992,0.7041732668876648,0.6907326579093933,0.7159469723701477,0.7087742686271667,0.7184378504753113,0.6957120299339294,-0.0671261996030807,-0.0854556933045387,-0.0854643434286117,-0.0854834765195846,-0.0608963780105114,-0.0608829855918884,-0.0609187297523021,-0.1389024406671524,-0.0302092675119638,-0.0843529552221298,-0.0527690239250659,-0.2028296440839767,0.0417202673852443,-0.2217397391796112,0.0694133043289184,-0.1834176182746887,0.0478827580809593,-0.2039593756198883,0.0528305061161518,-0.2003787755966186,0.0311597846448421,-0.1808691322803497,0.0376057550311088,-0.0731478333473205,0.0730527862906456,-0.0033698477782309,0.1382794976234436,0.0773085355758667,0.2221123874187469,0.0825334563851356,0.2286918610334396,0.0398718193173408,0.2012548744678497,Walk-To-Chair
511,0.9991365671157836,0.999239146709442,0.9993948936462402,0.9994999170303344,0.99850994348526,0.998310923576355,0.9982381463050842,0.9995930194854736,0.9971734285354614,0.999335765838623,0.9986164569854736,0.9999768733978271,0.99823397397995,0.9896312355995178,0.049035258591175,0.975188672542572,0.0803342163562774,0.9502233862876892,0.0892599448561668,0.947568655014038,0.0923199951648712,0.9157872796058656,0.0985060781240463,0.9991809129714966,0.9972224235534668,0.9248133897781372,0.6257935762405396,0.9734084010124208,0.7920946478843689,0.9631353616714478,0.819149911403656,0.9681132435798644,0.8689252734184265,0.4140419363975525,0.4180877804756164,0.4189824163913727,0.4198068976402282,0.4186546802520752,0.4198018610477447,0.4210030138492584,0.4293503761291504,0.430919349193573,0.4173616766929626,0.417704164981842,0.4342109262943268,0.4538850784301758,0.4309662878513336,0.4576393067836761,0.4258871972560882,0.4383375644683838,0.4254429936408996,0.433320939540863,0.424936830997467,0.4291748404502868,0.4251595139503479,0.4315731525421142,0.4342296123504638,0.4454080462455749,0.436941921710968,0.4270528256893158,0.4577932953834533,0.4203639924526214,0.4705471992492676,0.4263976216316223,0.434338241815567,0.3896920680999756,0.3459726572036743,0.3363524079322815,0.3363533616065979,0.3364048302173614,0.3358678519725799,0.3355406522750854,0.3352233469486236,0.3402068018913269,0.3387937545776367,0.3555327951908111,0.3553220927715301,0.3898382186889648,0.3853227496147156,0.4748229384422302,0.4613347053527832,0.5463954210281372,0.5225691795349121,0.562081515789032,0.5362449884414673,0.5618498921394348,0.5371793508529663,0.5553754568099976,0.5334293842315674,0.5309172868728638,0.5263943672180176,0.6168222427368164,0.6099148392677307,0.7050457000732422,0.6924256086349487,0.7158949375152588,0.7101640105247498,0.7184211611747742,0.6996181011199951,-0.0716749802231788,-0.0896011590957641,-0.0896155163645744,-0.0896400660276413,-0.0651187151670456,-0.0651025474071502,-0.0651361495256424,-0.141401320695877,-0.0327410362660884,-0.0883091241121292,-0.0567634776234626,-0.2031013667583465,0.0405470840632915,-0.2186322212219238,0.067723348736763,-0.1755609363317489,0.0409722700715065,-0.1953529864549636,0.0453512147068977,-0.1921279430389404,0.0239086784422397,-0.1729964464902877,0.0306788142770528,-0.0725683122873306,0.0724613666534423,-0.0076813073828816,0.1350489109754562,0.0727290362119674,0.2180515229701995,0.077881246805191,0.2241022884845733,0.0330426692962646,0.1944524347782135,Walk-To-Chair
512,0.99914813041687,0.9992409944534302,0.999394416809082,0.9994986057281494,0.998538076877594,0.9983422756195068,0.9982690811157228,0.9995908737182616,0.9972143173217772,0.9993342757225036,0.9986274838447572,0.9999757409095764,0.9981443881988524,0.9898024201393129,0.0496309921145439,0.9758707880973816,0.0794592797756195,0.9512090682983398,0.0876767486333847,0.9486402869224548,0.090556688606739,0.9172752499580384,0.0966972261667251,0.999126672744751,0.9971047639846802,0.924894630908966,0.6244475841522217,0.972932994365692,0.791983425617218,0.9635188579559326,0.8177788853645325,0.9675249457359314,0.867639422416687,0.4102733731269836,0.4147539734840393,0.4157071709632873,0.4166218638420105,0.415134847164154,0.4163259863853454,0.4174656271934509,0.4264907836914062,0.4269836843013763,0.4135650992393493,0.4135976433753967,0.4315354824066162,0.4476190209388733,0.436035543680191,0.4510048329830169,0.4238236546516418,0.431262195110321,0.4243793487548828,0.4261890351772308,0.4232866168022156,0.4227837920188904,0.4233927726745605,0.4247902333736419,0.4310581684112549,0.4399455487728119,0.4322978556156158,0.4276821613311767,0.4525690674781799,0.4248273372650146,0.4619871973991394,0.4315488934516907,0.4316445887088775,0.3943076729774475,0.3464593589305877,0.3368805348873138,0.3368923962116241,0.3369457423686981,0.336447536945343,0.3361565768718719,0.3358588814735412,0.3410430252552032,0.3394717872142792,0.3560506701469421,0.355899304151535,0.3899308145046234,0.3862345814704895,0.475237488746643,0.4619989097118377,0.546804666519165,0.5193913578987122,0.5623907446861267,0.532151460647583,0.5621230602264404,0.5332890152931213,0.5557353496551514,0.5292925834655762,0.5319129228591919,0.5294314622879028,0.6186742186546326,0.612616777420044,0.7080762386322021,0.6966092586517334,0.7239137291908264,0.7140485644340515,0.7184298038482666,0.7047159075737,-0.0824084728956222,-0.0991220399737358,-0.0991440117359161,-0.0991719737648963,-0.074606567621231,-0.0745884180068969,-0.0746167972683906,-0.1445752382278442,-0.0364311262965202,-0.0968189761042594,-0.0653166621923446,-0.2027548104524612,0.0396796017885208,-0.2186616957187652,0.068309836089611,-0.1801911741495132,0.0416754186153411,-0.2020600289106369,0.0441952608525753,-0.1993698179721832,0.0232587233185768,-0.1778381317853927,0.0313798710703849,-0.0715532004833221,0.0714361146092414,-0.003377953544259,0.1453066170215606,0.085450455546379,0.2435800582170486,0.0925382524728775,0.2515589892864227,0.0416990295052528,0.2223859280347824,Walk-To-Chair
513,0.9991731643676758,0.9992496371269226,0.9994012713432312,0.999502956867218,0.9985832571983336,0.9984003901481628,0.9983384013175964,0.9995900392532348,0.997290849685669,0.9993224143981934,0.9986371994018556,0.999971866607666,0.9981518983840942,0.9892868399620056,0.0505866780877113,0.9732514023780824,0.0790740549564361,0.9465187191963196,0.0867329388856887,0.943836271762848,0.0895497947931289,0.9108504056930542,0.0955169200897216,0.9990487098693848,0.9970476627349854,0.926152229309082,0.6304540634155273,0.973485231399536,0.7994920611381531,0.9638057351112366,0.8224111795425415,0.9684069752693176,0.8730027675628662,0.4049793779850006,0.4094948172569275,0.4105848371982574,0.4116692543029785,0.4098574519157409,0.4112040400505066,0.4125448167324066,0.4230475425720215,0.4233051836490631,0.4086937308311462,0.4089469313621521,0.4311543107032776,0.4408474564552307,0.432046115398407,0.444105714559555,0.4205589890480041,0.4287344813346863,0.4216650426387787,0.4245074689388275,0.4200590550899505,0.4215823709964752,0.4201927781105041,0.4233268201351166,0.4283285737037658,0.4342770576477051,0.4338034987449646,0.4274637103080749,0.4495930671691894,0.4282034039497375,0.4584528803825378,0.4356738924980163,0.4293351769447326,0.3969869911670685,0.3466920256614685,0.3372584879398346,0.3372283279895782,0.3372432291507721,0.3369413018226623,0.3366877436637878,0.3364360630512237,0.3415068984031677,0.3402566313743591,0.3564040064811706,0.3563375771045685,0.3898995518684387,0.38721764087677,0.4756492078304291,0.462552547454834,0.5466946959495544,0.5199188590049744,0.5622786283493042,0.5330220460891724,0.5620998740196228,0.5345862507820129,0.5557433366775513,0.5301225781440735,0.5318041443824768,0.5293506383895874,0.6186411380767822,0.6124943494796753,0.707659900188446,0.6955251097679138,0.7233143448829651,0.7126902937889099,0.7184666395187378,0.7057955265045166,-0.1050478443503379,-0.1210020631551742,-0.1210095137357711,-0.1210291162133216,-0.0967310816049575,-0.0967200547456741,-0.0967454016208648,-0.159116193652153,-0.0523660965263843,-0.1167903989553451,-0.0856104493141174,-0.2038011848926544,0.0259683672338724,-0.2244016677141189,0.0517990887165069,-0.1853134334087371,0.0213371478021144,-0.2064139544963836,0.0222957450896501,-0.2048136889934539,0.0009910213993862,-0.1833468973636627,0.0108565930277109,-0.0710155665874481,0.0708943083882331,0.0026621012948453,0.1447300016880035,0.0943015813827514,0.2394367903470993,0.1002962961792945,0.2464651763439178,0.0479160472750663,0.2152957469224929,Walk-To-Chair
514,0.9991898536682128,0.9992561340332032,0.9994075298309326,0.9995062351226808,0.998617947101593,0.9984478950500488,0.9983875155448914,0.9995933175086976,0.9973408579826356,0.9993184208869934,0.9986533522605896,0.9999710321426392,0.9982061386108398,0.988713264465332,0.0505527928471565,0.9703148007392884,0.0780196264386177,0.941503405570984,0.0855354666709899,0.938799262046814,0.0882293134927749,0.9036452770233154,0.0938759595155716,0.9990628361701964,0.9971405863761902,0.9296409487724304,0.6374460458755493,0.9749808311462402,0.80827397108078,0.964920699596405,0.8266186714172363,0.9701098203659058,0.8789557814598083,0.4030818045139313,0.4078628122806549,0.4087382853031158,0.4096611440181732,0.4081475138664245,0.4092087149620056,0.4103249609470367,0.4200416505336761,0.4201010763645172,0.4060986936092376,0.4062345921993255,0.4256332814693451,0.4384496212005615,0.4265125393867492,0.4414438605308532,0.4165114462375641,0.4270561337471008,0.4167028069496155,0.4232131540775299,0.4156692028045654,0.4204737544059753,0.4157898426055908,0.4220951199531555,0.4266098439693451,0.4298876821994781,0.43495973944664,0.4236133992671966,0.4577914178371429,0.4154695570468902,0.4687241017818451,0.4295294880867004,0.4331255853176117,0.3864299356937408,0.3466185629367828,0.3371992707252502,0.337167352437973,0.3371882140636444,0.3368822932243347,0.3366225659847259,0.3363683521747589,0.3416799306869507,0.3403211832046509,0.3563383221626282,0.3562747836112976,0.3908133506774902,0.3873923718929291,0.4763208031654358,0.464466392993927,0.5463249683380127,0.5232406854629517,0.562264084815979,0.5369068384170532,0.5620798468589783,0.5385549664497375,0.555608332157135,0.5337322950363159,0.5305861234664917,0.5290539860725403,0.6185610890388489,0.6117050051689148,0.7057166695594788,0.693215012550354,0.7207366228103638,0.7118452787399292,0.7189019918441772,0.7056450247764587,-0.1168516501784324,-0.1339981853961944,-0.1340073347091674,-0.1340405642986297,-0.1091990917921066,-0.1091818436980247,-0.109197974205017,-0.1752993911504745,-0.0650052204728126,-0.1292634755373001,-0.0972606390714645,-0.222453236579895,0.0182180758565664,-0.2306913435459137,0.0478163287043571,-0.1881614029407501,0.0156165435910224,-0.2093053758144378,0.0171074233949184,-0.2077928036451339,-0.0050174854695796,-0.1861663907766342,0.0049124532379209,-0.0717052370309829,0.0715769156813621,-0.0083084274083375,0.1476263552904129,0.0776604041457176,0.2428323030471801,0.0826721936464309,0.2497009932994842,0.0276445243507623,0.2189761847257614,Walk-To-Chair
515,0.999210774898529,0.9992655515670776,0.9994154572486876,0.9995107054710388,0.9986587166786194,0.9985013604164124,0.9984439611434937,0.9995960593223572,0.9973992705345154,0.999318301677704,0.9986726641654968,0.9999706149101256,0.9982691407203674,0.9881996512413024,0.0501904971897602,0.9670455455780028,0.0769236832857132,0.9360176920890808,0.0843243524432182,0.93321293592453,0.0869046598672866,0.8957399725914001,0.0922779664397239,0.9990912675857544,0.9972562193870544,0.933860719203949,0.6445856690406799,0.9766765236854552,0.8173035979270935,0.966362714767456,0.8311751484870911,0.97202867269516,0.8848530054092407,0.4001573622226715,0.4047322273254394,0.4053941369056701,0.4060935080051422,0.4051563739776611,0.4061428606510162,0.4071940779685974,0.41543048620224,0.4163761138916015,0.4025666117668152,0.4029512405395508,0.4203484058380127,0.4361755847930908,0.4217278063297272,0.4406350553035736,0.4127863049507141,0.4242972731590271,0.4125871062278747,0.4229708313941955,0.4117264151573181,0.4169718623161316,0.4118921160697937,0.4187262952327728,0.4240328669548034,0.4272660315036773,0.4337010979652405,0.419579267501831,0.4623326659202575,0.4135220646858215,0.4750178754329681,0.4274744391441345,0.4340008795261383,0.3830297589302063,0.346427172422409,0.3371710479259491,0.3371323049068451,0.3371495008468628,0.3368473649024963,0.3365754783153534,0.3363152146339416,0.3416835963726043,0.3403412997722626,0.3561902940273285,0.356131762266159,0.3907620310783386,0.3873702883720398,0.4762773811817169,0.4644522666931152,0.54506516456604,0.5221036672592163,0.5607476830482483,0.5340468287467957,0.5604941844940186,0.5370630621910095,0.5539016723632812,0.5324671268463135,0.528898298740387,0.5279553532600403,0.6185505390167236,0.6108397841453552,0.7044315338134766,0.6910730004310608,0.7190791368484497,0.7112807631492615,0.7190260291099548,0.7055341601371765,-0.1138163357973098,-0.1312683224678039,-0.1312773078680038,-0.1313087940216064,-0.1065083518624305,-0.1064941063523292,-0.106512427330017,-0.1749160140752792,-0.0648350417613983,-0.1270087212324142,-0.0950638875365257,-0.2248358428478241,0.0179458502680063,-0.2316188514232635,0.0493449717760086,-0.1885227411985397,0.0224782712757587,-0.2083893120288849,0.0253459364175796,-0.2072031050920486,0.0034791403450071,-0.1865627020597458,0.0119860898703336,-0.0725858062505722,0.0724462196230888,-0.0225158464163541,0.1468176245689392,0.051042478531599,0.2348223626613617,0.0548451952636241,0.2407571375370025,-2.5174886104650795e-05,0.2110404968261718,Walk-To-Chair
516,0.999235987663269,0.999277889728546,0.9994271397590636,0.9995192289352416,0.9986910820007324,0.998540222644806,0.9984835982322692,0.9996033906936646,0.9974278807640076,0.9993276596069336,0.9986918568611144,0.999971568584442,0.9983387589454652,0.9883191585540771,0.0498984307050704,0.9664782881736756,0.0772209987044334,0.9350489377975464,0.0844168365001678,0.9323742985725404,0.0869944915175437,0.894106924533844,0.0921790078282356,0.9991426467895508,0.9974175095558168,0.9381119012832642,0.6524486541748047,0.9784616231918336,0.8272777199745178,0.9681369066238404,0.8368299603462219,0.9741162061691284,0.89107346534729,0.3980011343955993,0.4023422300815582,0.4029969573020935,0.403686910867691,0.4027910828590393,0.4037521481513977,0.4047158658504486,0.4130017757415771,0.4134957194328308,0.4008539617061615,0.4010955691337585,0.4201327264308929,0.4325114786624908,0.4212169647216797,0.4316419959068298,0.4094100594520569,0.4142189621925354,0.4105580449104309,0.4103339314460754,0.4094373285770416,0.4064741134643554,0.4100862443447113,0.4082075953483581,0.4223478734493255,0.4239296019077301,0.4328413605690002,0.4168997406959533,0.4674811959266662,0.4115544855594635,0.4811579287052154,0.4224037230014801,0.435691773891449,0.3811138868331909,0.3463967740535736,0.3371278643608093,0.337099939584732,0.3371272385120392,0.33679860830307,0.3365345895290375,0.3362814486026764,0.341567724943161,0.3402673304080963,0.3560396134853363,0.355924516916275,0.3893256187438965,0.3860419988632202,0.4755553901195526,0.4626981317996979,0.5448216199874878,0.5165768265724182,0.5604715347290039,0.5288228392601013,0.5603417158126831,0.5305167436599731,0.5535863637924194,0.5262954831123352,0.5262880325317383,0.5258354544639587,0.6177011728286743,0.6093032956123352,0.7029627561569214,0.6909405589103699,0.7175942659378052,0.7109510898590088,0.7193870544433594,0.7055008411407471,-0.1124718338251113,-0.1298876702785492,-0.1298976391553878,-0.129927396774292,-0.1050558537244796,-0.1050418838858604,-0.1050598993897438,-0.1736006587743759,-0.063226118683815,-0.1256629526615142,-0.0936085358262062,-0.2244131565093994,0.0183033961802721,-0.2326507270336151,0.053409319370985,-0.1945053786039352,0.0286144949495792,-0.2148143053054809,0.0318600237369537,-0.2142298966646194,0.0099278697744011,-0.1928320974111557,0.0181497111916542,-0.0735061541199684,0.0733792334794998,-0.043584294617176,0.1435554921627044,0.0182226877659559,0.2270023822784423,0.020894531160593,0.2323714792728424,-0.0356532111763954,0.2011682987213134,Walk-To-Chair
517,0.9992552399635316,0.9992823004722596,0.9994312524795532,0.9995205998420716,0.9987127780914308,0.998565137386322,0.9985076189041138,0.9996038675308228,0.9974294304847716,0.9993364214897156,0.9987149834632874,0.9999727606773376,0.9984140992164612,0.9884082078933716,0.0507900156080722,0.9659439325332642,0.0786242634057998,0.9342061281204224,0.0855551362037658,0.931635081768036,0.0881271585822105,0.8925208449363708,0.0930039584636688,0.999193787574768,0.9975688457489014,0.9425408840179444,0.6605677008628845,0.9802314639091492,0.8374125361442566,0.969853937625885,0.8431028723716736,0.9761739373207092,0.8974392414093018,0.3962051272392273,0.4007046818733215,0.4013106822967529,0.4018767774105072,0.4010554850101471,0.4019222855567932,0.4027190208435058,0.4104549884796142,0.4112549424171448,0.3989554643630981,0.399029791355133,0.415437787771225,0.4300891458988189,0.4153338968753814,0.4325556755065918,0.4048499166965484,0.4159716963768005,0.4067111015319824,0.4120736122131347,0.4056366980075836,0.4086449146270752,0.4054437577724457,0.4101219177246094,0.4187137484550476,0.4206044673919678,0.4284386038780212,0.4133576452732086,0.4672380983829498,0.4099574089050293,0.4813190102577209,0.4177275598049164,0.4357827305793762,0.3791868090629577,0.3459120392799377,0.3365051448345184,0.3364984095096588,0.3365746140480041,0.3361574709415436,0.335900604724884,0.335689902305603,0.3411254584789276,0.3398667573928833,0.355410486459732,0.3552964031696319,0.3879522979259491,0.3856657147407532,0.4742942452430725,0.4610350728034973,0.5436399579048157,0.514885663986206,0.5589380860328674,0.5276714563369751,0.5588259100914001,0.5292850136756897,0.5521231293678284,0.525066077709198,0.5243659615516663,0.5236020684242249,0.6152471899986267,0.6071533560752869,0.7002058625221252,0.690831184387207,0.7144010663032532,0.7106146216392517,0.720236599445343,0.705399215221405,-0.1120045557618141,-0.1294323205947876,-0.1294509321451187,-0.1294847279787063,-0.1042840331792831,-0.1042679324746131,-0.1042869314551353,-0.1728591024875641,-0.0626800507307052,-0.1256116926670074,-0.0931212753057479,-0.2244590073823928,0.0194021649658679,-0.2363760024309158,0.0551960058510303,-0.1987045258283615,0.0307674966752529,-0.2188652455806732,0.0324496068060398,-0.2177415341138839,0.0100688766688108,-0.1968431174755096,0.0198911074548959,-0.0752019435167312,0.0750781074166297,-0.0443260073661804,0.1453238576650619,0.01637664437294,0.2354019880294799,0.0190210584551095,0.2417487800121307,-0.0393188036978244,0.2106983661651611,Walk-To-Chair
518,0.9992913603782654,0.9993129968643188,0.9994564056396484,0.999540388584137,0.9987654089927672,0.9986233115196228,0.9985637068748474,0.9996209144592284,0.997513473033905,0.9993728399276732,0.9987775683403016,0.9999746680259703,0.9984923601150512,0.9888870716094972,0.0508126653730869,0.9670091271400452,0.0787731930613517,0.9360045194625854,0.0853895246982574,0.9335857033729552,0.0879173055291175,0.8947524428367615,0.0927013009786605,0.999251663684845,0.9977247714996338,0.9467267990112304,0.6697726249694824,0.98191499710083,0.8464558720588684,0.971457302570343,0.8486454486846924,0.9781341552734376,0.9036036133766174,0.3931817412376404,0.3971545100212097,0.3978182673454284,0.3984774947166443,0.3975248634815216,0.3984673619270324,0.3993868827819824,0.4075903296470642,0.4084473252296448,0.3962166607379913,0.3961986899375915,0.4131830334663391,0.4270612597465515,0.413044273853302,0.425041139125824,0.4010733962059021,0.4064201712608337,0.4023420214653015,0.4019517302513122,0.4011198580265045,0.3989573121070862,0.4009544253349304,0.400493860244751,0.4148654043674469,0.4173553586006164,0.424274206161499,0.4116632342338562,0.4664541780948639,0.4096922278404236,0.4805468916893005,0.4164122939109802,0.4354116022586822,0.3794643878936767,0.3458752930164337,0.3364331126213074,0.3364020586013794,0.3364496529102325,0.3360922038555145,0.3358128368854522,0.3355706334114074,0.3408985733985901,0.3395796418190002,0.3552951514720917,0.3551948368549347,0.3878047168254852,0.3847295343875885,0.4737230539321899,0.4581985175609588,0.542913019657135,0.5099200010299683,0.5578663349151611,0.5223461985588074,0.5576971769332886,0.5237206816673279,0.5511744618415833,0.5197768807411194,0.5241305232048035,0.521991491317749,0.6136693954467773,0.6057246327400208,0.6974576115608215,0.6905674338340759,0.7097804546356201,0.7095693945884705,0.7208852171897888,0.7050320506095886,-0.1192334666848182,-0.1374335289001464,-0.1374350488185882,-0.1374570876359939,-0.112119473516941,-0.1121105998754501,-0.112120009958744,-0.1827629208564758,-0.0697369500994682,-0.1329745352268219,-0.1001466661691665,-0.23397958278656,0.0165333449840545,-0.2481704950332641,0.0557090453803539,-0.2080436050891876,0.0433423221111297,-0.2289628684520721,0.0486104823648929,-0.2276582270860672,0.0269039869308471,-0.2060116082429886,0.0333869606256485,-0.0772769302129745,0.0771620422601699,-0.0423533990979194,0.1624905616044998,0.0200475640594959,0.2697582244873047,0.0227446481585502,0.2777532637119293,-0.0399135947227478,0.2455532550811767,Walk-To-Chair
519,0.9993192553520204,0.9993330836296082,0.9994749426841736,0.9995547533035278,0.9988057613372804,0.9986693859100342,0.998603880405426,0.9996348023414612,0.9975792169570924,0.9994009137153624,0.9988210797309875,0.9999762177467346,0.9985674023628236,0.9893845319747924,0.0505324974656105,0.9679753184318542,0.0802568197250366,0.9376876354217528,0.087270401418209,0.9353787899017334,0.0898509994149208,0.8971258401870728,0.0944725051522255,0.9992974400520324,0.9978650808334352,0.9503204822540284,0.6744950413703918,0.9832969903945924,0.8527159690856934,0.9729153513908386,0.8520694971084595,0.9797202348709106,0.9079409241676332,0.390652447938919,0.394840657711029,0.3956812918186188,0.3964906334877014,0.3947478830814361,0.3955298066139221,0.3962998688220978,0.4055437445640564,0.4050827026367187,0.3941241204738617,0.3935491442680359,0.4138029217720032,0.420304536819458,0.4145317077636719,0.4160261750221252,0.4001762866973877,0.4001941680908203,0.3991148769855499,0.3961194157600403,0.3971710503101349,0.393785685300827,0.3976419568061828,0.3955128490924835,0.4132328033447265,0.4123091101646423,0.4205783009529114,0.4099547863006592,0.4608265459537506,0.4123619198799133,0.4780702590942383,0.4188129901885986,0.4340859055519104,0.3807111382484436,0.3449843525886535,0.3354634642601013,0.3354115188121795,0.3354376852512359,0.3351852297782898,0.3349246382713318,0.3346837162971496,0.3399927914142608,0.3387433588504791,0.3542428910732269,0.3542172312736511,0.3858158886432647,0.3847648203372955,0.4713017642498016,0.4564924538135528,0.5416295528411865,0.507125973701477,0.555957555770874,0.5197839736938477,0.5553157925605774,0.5206599235534668,0.5495072603225708,0.5164884328842163,0.5224252939224243,0.5212091207504272,0.6129329204559326,0.6058388948440552,0.6949223279953003,0.6903066635131836,0.702985942363739,0.7078900933265686,0.7209404706954956,0.7049868106842041,-0.1211955547332763,-0.139007568359375,-0.1390117704868316,-0.1390391737222671,-0.1137997061014175,-0.1137914061546325,-0.1138020008802414,-0.1815517991781234,-0.0687943771481514,-0.1336700171232223,-0.100987434387207,-0.2317002117633819,0.0175938755273818,-0.2465383112430572,0.0604017861187458,-0.208530455827713,0.0436648465692997,-0.2295839488506317,0.0482959188520908,-0.2284259051084518,0.0264703668653965,-0.2062996327877044,0.033572219312191,-0.0772176682949066,0.0771088302135467,-0.0425867214798927,0.1618456989526748,0.018988125026226,0.2673257291316986,0.0217379331588745,0.2740222811698913,-0.0371652543544769,0.2426748573780059,Walk-To-Chair
520,0.9993517994880676,0.9993617534637452,0.9994977712631226,0.9995743036270142,0.9988604187965392,0.9987288117408752,0.9986644983291626,0.9996529221534728,0.9976873397827148,0.9994332194328308,0.998876929283142,0.9999775290489196,0.9986277222633362,0.9898712635040284,0.0492682680487632,0.9689797163009644,0.0790758430957794,0.9393845200538636,0.0865488201379776,0.9371607899665833,0.0891347154974937,0.8994666337966919,0.0937552601099014,0.9993220567703248,0.9979634881019592,0.9533030986785888,0.6796947121620178,0.9844473004341124,0.8577555418014526,0.9741031527519226,0.8549102544784546,0.9810342788696288,0.911666452884674,0.3878292441368103,0.3923968374729156,0.3932191729545593,0.3940351605415344,0.3923461735248565,0.393123060464859,0.3939107656478882,0.4028145670890808,0.4024664759635925,0.3910178244113922,0.3905375301837921,0.4109010696411133,0.4161585867404938,0.4142200350761413,0.4122305512428283,0.3966455459594726,0.3948308527469635,0.3953411281108856,0.390457808971405,0.3931538760662079,0.3879853188991546,0.393688827753067,0.3897546529769897,0.4090740084648132,0.4089590907096863,0.4167972505092621,0.4087962210178375,0.4546579420566559,0.4129477143287658,0.4725168347358703,0.4194639325141907,0.4333880543708801,0.3817704916000366,0.3435697853565216,0.3342570960521698,0.3343003690242767,0.3344315588474273,0.3339261710643768,0.3337160944938659,0.3335334360599518,0.339385449886322,0.3379402160644531,0.3531340658664703,0.3531060516834259,0.3851922452449798,0.3847057223320007,0.4699445962905884,0.4545053541660309,0.5398334860801697,0.5011423230171204,0.5541789531707764,0.5127306580543518,0.55338054895401,0.5130566358566284,0.54784095287323,0.5092661380767822,0.5225114226341248,0.5208905935287476,0.6128441095352173,0.6059238910675049,0.6906431317329407,0.6902088522911072,0.6955729126930237,0.7068727016448975,0.7201353907585144,0.7043589353561401,-0.1197243928909301,-0.1371919959783554,-0.1371972262859344,-0.1372245252132415,-0.1122080534696579,-0.1122012510895729,-0.1122115030884742,-0.1799869537353515,-0.0675095915794372,-0.1318940669298172,-0.0994805097579956,-0.2294857949018478,0.0201948024332523,-0.2452625483274459,0.0687109157443046,-0.2076928317546844,0.0547053106129169,-0.2289926707744598,0.0597311742603778,-0.2271395921707153,0.0375794284045696,-0.2052034139633178,0.0445306077599525,-0.0770934075117111,0.0769864544272422,-0.0354557409882545,0.1602028906345367,0.0333965048193931,0.2670811414718628,0.0369532480835914,0.2738508284091949,-0.0197023283690214,0.2418404370546341,Walk-To-Chair
521,0.9993311166763306,0.999344527721405,0.9994837641716005,0.9995592832565308,0.9988200068473816,0.9986776113510132,0.9986053109169006,0.9996504187583924,0.9976485967636108,0.9994273781776428,0.998865842819214,0.9999784231185912,0.9986653327941896,0.99003404378891,0.048109795898199,0.9692255854606628,0.0761801823973655,0.940007746219635,0.0841227695345878,0.9378429651260376,0.0866284444928169,0.9002386331558228,0.0913822948932647,0.9993325471878052,0.9980248212814332,0.9555951952934264,0.6842414140701294,0.9853498339653016,0.8613343834877014,0.9753212332725524,0.8581781387329102,0.9820993542671204,0.9143152236938475,0.3852376341819763,0.3892343640327453,0.3902459740638733,0.3912094235420227,0.389066606760025,0.3899558186531067,0.3908362984657287,0.4002143740653991,0.4002248346805572,0.3884234130382538,0.387894719839096,0.4066507220268249,0.4175415933132171,0.4087042808532715,0.4158530831336975,0.3923680186271667,0.3978265821933746,0.3909307718276977,0.3936040997505188,0.3888901174068451,0.3908217251300812,0.3893921673297882,0.3924048840999603,0.4056239128112793,0.4049216210842132,0.4092810750007629,0.4031766355037689,0.4501584470272064,0.4139002859592438,0.4634207785129547,0.4201680719852447,0.4295697808265686,0.3829788863658905,0.3456546068191528,0.335987240076065,0.3359357416629791,0.3359630405902862,0.3355666697025299,0.3352015316486358,0.3348634541034698,0.3400161564350128,0.3384785056114197,0.3542599380016327,0.3542795777320862,0.3852926790714264,0.3848154246807098,0.4703771770000458,0.452733963727951,0.5392406582832336,0.4966750741004944,0.5533790588378906,0.5069394707679749,0.552380383014679,0.5071079134941101,0.5469894409179688,0.5037562847137451,0.5229169130325317,0.5218045711517334,0.613319993019104,0.6068049669265747,0.6883556246757507,0.689773678779602,0.6945943236351013,0.7066417932510376,0.7191205620765686,0.7042381763458252,-0.1157495230436325,-0.1336770355701446,-0.1336867958307266,-0.1337206363677978,-0.1088766306638717,-0.1088717579841613,-0.1088787764310836,-0.1784693598747253,-0.0662462040781974,-0.1286344230175018,-0.0963354185223579,-0.2292403876781463,0.0208493880927562,-0.2462002784013748,0.0732718184590339,-0.2099134624004364,0.0725828930735588,-0.2321083843708038,0.0799109861254692,-0.2287541925907135,0.0585418231785297,-0.2072417736053466,0.0628878399729728,-0.0778325125575065,0.0777269452810287,-0.0176375489681959,0.1599477529525756,0.0724983587861061,0.2646529078483581,0.0790668874979019,0.2723873853683471,0.0316198915243148,0.2431633472442627,Walk-To-Chair
522,0.999287486076355,0.9992968440055848,0.999443292617798,0.9995221495628356,0.9987459182739258,0.9985817074775696,0.9985078573226928,0.9996281862258912,0.9975850582122804,0.9994015097618104,0.998840034008026,0.9999791383743286,0.9987245798110962,0.9897383451461792,0.0487747900187969,0.9671319127082824,0.0739476904273033,0.9365051984786988,0.0817847922444343,0.9341338276863098,0.0841346159577369,0.8949588537216187,0.0889607667922973,0.9993532299995422,0.9980838298797609,0.9564496874809264,0.6774292588233948,0.9853736162185668,0.8554091453552246,0.9755066633224488,0.855710506439209,0.982276201248169,0.912148654460907,0.3834226727485657,0.387478768825531,0.3882924616336822,0.3890344500541687,0.3873113989830017,0.3880273401737213,0.388725996017456,0.3972553014755249,0.3974591195583343,0.3869114220142364,0.3862747251987457,0.4028516411781311,0.4182113111019134,0.4013514518737793,0.4202225804328918,0.3868809342384338,0.4028283655643463,0.3854604065418243,0.3984631597995758,0.3846394419670105,0.3955231606960296,0.3852171301841736,0.397192507982254,0.4014650285243988,0.4050909876823425,0.4033977091312408,0.3996419310569763,0.4367092549800873,0.4147120416164398,0.4512850642204284,0.4214207231998443,0.416849672794342,0.3831664323806762,0.3467517793178558,0.3367806077003479,0.3366770148277282,0.3366679847240448,0.3364559412002563,0.336083710193634,0.3357452750205993,0.3403435349464416,0.3389179408550262,0.3549920320510864,0.3550671339035034,0.3852249681949615,0.3848196268081665,0.4714616239070892,0.4546559154987335,0.5383678674697876,0.5064820051193237,0.5531077980995178,0.5192112326622009,0.5520376563072205,0.5200878381729126,0.5466347336769104,0.5158803462982178,0.525221586227417,0.5237295627593994,0.6135842204093933,0.6069546937942505,0.6882476806640625,0.686745822429657,0.6949942708015442,0.7026014924049377,0.7161354422569275,0.7041856646537781,-0.1077182292938232,-0.1262550055980682,-0.1262779235839843,-0.1263242959976196,-0.1019223928451538,-0.1019016504287719,-0.1019170731306076,-0.1739417761564254,-0.0640903487801551,-0.1215352565050125,-0.0898941233754158,-0.2290389090776443,0.020837727934122,-0.246381014585495,0.0722429305315017,-0.2119734287261963,0.0634322240948677,-0.2349488288164138,0.0690091028809547,-0.2307018339633941,0.0478415302932262,-0.2092548161745071,0.0536403059959411,-0.0778894424438476,0.0777671262621879,0.0192444454878568,0.182704210281372,0.1335389465093612,0.308134377002716,0.1431143432855606,0.3190829157829284,0.100186251103878,0.2939038872718811,Walk-To-Chair
523,0.9992246627807616,0.9992353916168212,0.9993847608566284,0.9994758367538452,0.9986512064933776,0.9984620213508606,0.9984034299850464,0.9995851516723632,0.9974455237388612,0.9993510246276855,0.9987860918045044,0.9999778270721436,0.9987419843673706,0.9882821440696716,0.0491825938224792,0.962344527244568,0.0711962878704071,0.9286379814147948,0.0787140950560569,0.926088571548462,0.0809701159596443,0.8842397928237915,0.0859129801392555,0.9993370175361632,0.998053789138794,0.954489767551422,0.665391743183136,0.9840841889381408,0.844571590423584,0.9737549424171448,0.8491812348365784,0.981328547000885,0.907494068145752,0.3796828091144562,0.3833027184009552,0.3845313191413879,0.3853332102298736,0.3836699724197387,0.3844569325447082,0.3852868378162384,0.393626868724823,0.3943701386451721,0.3829246759414673,0.3825081586837768,0.3983177542686462,0.4170418381690979,0.3919757902622223,0.4207306504249573,0.3827677369117737,0.4046653807163238,0.3818954229354858,0.4004680514335632,0.3818772435188293,0.3973196446895599,0.3822916746139526,0.3987017273902893,0.3963815867900848,0.4049504399299621,0.3966787457466125,0.3988950848579407,0.4266184270381927,0.4149380624294281,0.4395731091499328,0.4253281652927398,0.4022716581821441,0.3884661495685577,0.3466777205467224,0.3367056846618652,0.3365963697433471,0.3365890383720398,0.3363802134990692,0.3360109627246856,0.3356762528419494,0.3402123749256134,0.3387978971004486,0.3549619019031524,0.355033278465271,0.3851470649242401,0.3839719593524933,0.4704551100730896,0.4557968974113464,0.537602961063385,0.5116926431655884,0.5530074834823608,0.5242587327957153,0.5521624088287354,0.5253942012786865,0.5466386675834656,0.5212543606758118,0.5255244374275208,0.5236973166465759,0.6139109134674072,0.6070103049278259,0.6888589262962341,0.6830928325653076,0.6968120336532593,0.7014884352684021,0.7148011326789856,0.7042359113693237,-0.1091446280479431,-0.1280525028705597,-0.1280794441699981,-0.1281370669603347,-0.1036229357123375,-0.1035964637994766,-0.1036154478788375,-0.1774193495512008,-0.067303292453289,-0.1236591786146164,-0.0919579118490219,-0.2322404384613037,0.0145535646006464,-0.2459747046232223,0.0633175298571586,-0.2007317543029785,0.0595004744827747,-0.2216252088546753,0.0646375119686126,-0.2174256742000579,0.0435902364552021,-0.1979381740093231,0.0496192649006843,-0.0777316689491272,0.0775726586580276,0.0501135773956775,0.1986416131258011,0.1837296783924102,0.3425029516220093,0.1952575743198394,0.35555499792099,0.1484678536653518,0.3275499939918518,Walk-To-Chair
524,0.9991444945335388,0.9991896748542786,0.9993419647216796,0.9994402527809144,0.99857360124588,0.998371720314026,0.9983239769935608,0.9995497465133668,0.9973671436309814,0.9992817044258118,0.9986952543258668,0.9999739527702332,0.9986741542816162,0.9868271350860596,0.0506377406418323,0.9584271311759948,0.0705733746290206,0.9224174618721008,0.0782007500529289,0.9198631048202516,0.0803990066051483,0.8762097358703613,0.0853179544210434,0.9992901086807252,0.9978894591331482,0.9494451284408568,0.64705491065979,0.9820501804351808,0.8317474722862244,0.9725664258003236,0.8426252007484436,0.9799179434776306,0.9008358716964722,0.3765018582344055,0.3805537521839142,0.381370335817337,0.3821338713169098,0.3810096383094787,0.3819902241230011,0.3830379545688629,0.3910804092884063,0.3922917246818542,0.3794399499893188,0.3795092403888702,0.3947332799434662,0.4159790873527527,0.3882118761539459,0.422112226486206,0.3791596591472626,0.407709538936615,0.3791807889938354,0.4064138531684875,0.3793074190616607,0.4009013772010803,0.3793901801109314,0.4000552296638489,0.3921879231929779,0.4043782353401184,0.3879128992557525,0.3959072530269623,0.416180282831192,0.4144728183746338,0.4290842115879059,0.4254597723484039,0.3931152820587158,0.3893109858036041,0.3455348610877991,0.3359092473983764,0.3358844816684723,0.3359360992908478,0.3355410397052765,0.3352337479591369,0.3349380195140838,0.3397967517375946,0.3382997214794159,0.3543515503406524,0.35440593957901,0.3853460550308227,0.3837598860263824,0.4704563915729522,0.4558516144752502,0.5366203784942627,0.5116344094276428,0.5521318316459656,0.5240257382392883,0.5513858795166016,0.5236932039260864,0.5457127690315247,0.5210503339767456,0.526292085647583,0.5238787531852722,0.614329993724823,0.6073728799819946,0.6897146701812744,0.6833536028862,0.6976205110549927,0.6990919709205627,0.7147767543792725,0.7066124677658081,-0.1091692298650741,-0.1282613277435302,-0.1282892227172851,-0.1283507496118545,-0.1036633849143982,-0.1036380380392074,-0.1036587357521057,-0.1783549487590789,-0.0672831982374191,-0.1241635903716087,-0.0922392457723617,-0.2323289811611175,0.0130162835121154,-0.2456305921077728,0.0637729316949844,-0.1965274959802627,0.0754365995526313,-0.215746209025383,0.0833357796072959,-0.2120247781276703,0.0656552091240882,-0.1936321556568145,0.0675032436847686,-0.0776475295424461,0.0774911046028137,0.0491518601775169,0.1950211226940155,0.1829824894666671,0.3362275660037994,0.1946702599525451,0.349144846200943,0.1509810090065002,0.3212441504001617,Walk-To-Chair
525,0.999146044254303,0.9991942048072816,0.999338686466217,0.9994341731071472,0.9985977411270142,0.9983941912651062,0.9983522295951844,0.9995378851890564,0.9974581003189088,0.9992702603340148,0.9987192749977112,0.9999712109565736,0.9986861944198608,0.985128939151764,0.0561788827180862,0.954306185245514,0.071108266711235,0.916184902191162,0.0783275961875915,0.913350522518158,0.0804220587015152,0.8678007125854492,0.0854281187057495,0.999276876449585,0.9978233575820924,0.9497445821762084,0.6492380499839783,0.9810455441474916,0.8290910720825195,0.972615659236908,0.8425726294517517,0.9784895181655884,0.8955740928649902,0.373840719461441,0.3778128623962402,0.378564178943634,0.3793058097362518,0.3782914280891418,0.3793124854564667,0.3806894719600677,0.3883688449859619,0.389968603849411,0.3770458996295929,0.3772995769977569,0.3919287919998169,0.4176680147647857,0.386089026927948,0.4227121472358703,0.3764425814151764,0.4078285098075866,0.3766888976097107,0.4075919985771179,0.3769868016242981,0.4015761315822601,0.3769623935222626,0.4007972180843353,0.3878055512905121,0.406106561422348,0.3795780837535858,0.3968027830123901,0.4023475050926208,0.4118493199348449,0.4146696627140045,0.422970712184906,0.381556898355484,0.3888469338417053,0.3456041216850281,0.3359796106815338,0.335957795381546,0.3360053896903991,0.3355849683284759,0.3352715671062469,0.3349644541740417,0.3397897183895111,0.338289350271225,0.354375809431076,0.3544220328330993,0.3852842152118683,0.383306086063385,0.4691503643989563,0.4554893374443054,0.5346667170524597,0.5114381909370422,0.5490664839744568,0.5237542390823364,0.549095869064331,0.5231776833534241,0.5432837605476379,0.5207976698875427,0.5263022780418396,0.5233733057975769,0.6143434643745422,0.6075416803359985,0.690922200679779,0.6842114329338074,0.7021915316581726,0.6995171904563904,0.7150803804397583,0.709102988243103,-0.0874384492635726,-0.1066093668341636,-0.1066231578588485,-0.1066712513566017,-0.0830747559666633,-0.0830553919076919,-0.0830905511975288,-0.1603100001811981,-0.0560624711215496,-0.1034474521875381,-0.0732933431863784,-0.2144243717193603,0.0138858510181307,-0.2275176048278808,0.0637731924653053,-0.1835186928510666,0.0804094523191452,-0.2012302875518798,0.0886791497468948,-0.1975240409374237,0.0723883286118507,-0.1808328032493591,0.0731928795576095,-0.073207177221775,0.0730176717042923,0.0612833872437477,0.1884646415710449,0.1914538741111755,0.324273407459259,0.203252226114273,0.3370615839958191,0.1644963920116424,0.3096930384635925,Walk-To-Chair
526,0.9991467595100404,0.99919193983078,0.999331831932068,0.9994266629219056,0.9986135363578796,0.9984126687049866,0.998382568359375,0.9995271563529968,0.9975095987319946,0.999248743057251,0.9987257122993468,0.999963641166687,0.9986273646354676,0.9838199019432068,0.0595549009740352,0.949976086616516,0.0702486932277679,0.9091490507125854,0.0768644139170646,0.9059050679206848,0.0787803009152412,0.8586476445198059,0.0834733620285987,0.999173939228058,0.997631847858429,0.9483548402786256,0.6484260559082031,0.9800254106521606,0.8279491066932678,0.9723694920539856,0.8428241014480591,0.9774112105369568,0.8935748934745789,0.3722616136074066,0.3765305280685425,0.3772106766700744,0.3779130578041076,0.3770340979099273,0.3780527710914612,0.3791873455047607,0.3865375816822052,0.3885954022407532,0.3753251731395721,0.3755334317684173,0.3897114396095276,0.4123103022575378,0.3840416073799133,0.4167602062225342,0.3757691085338592,0.4080770015716553,0.3765299916267395,0.4049271643161773,0.3753857016563415,0.4004464745521545,0.3754942119121551,0.4000958800315857,0.3855544626712799,0.4039875566959381,0.3770171701908111,0.3966730237007141,0.3942282795906067,0.4078129231929779,0.4055032730102539,0.4176245629787445,0.3723064363002777,0.3831851780414581,0.34420245885849,0.3346262276172638,0.3347067236900329,0.3348582684993744,0.3342584371566772,0.3340663909912109,0.3338833153247833,0.3394647538661957,0.3377937376499176,0.3536274135112762,0.3537625670433044,0.3852313458919525,0.3833230137825012,0.4680017530918121,0.4554779827594757,0.5338643193244934,0.5098797082901001,0.5478438138961792,0.5217145681381226,0.5478250980377197,0.5224342942237854,0.5429054498672485,0.5195281505584717,0.5262108445167542,0.522930383682251,0.6141315698623657,0.607609212398529,0.6912420392036438,0.6859325766563416,0.7043160200119019,0.7006513476371765,0.7160658240318298,0.7113648653030396,-0.0889525935053825,-0.1071122661232948,-0.1071149110794067,-0.1071498245000839,-0.0833608135581016,-0.0833471715450286,-0.0833785608410835,-0.1570251286029815,-0.0522346571087837,-0.103977657854557,-0.0735233798623085,-0.2116170674562454,0.0175380483269691,-0.2193515002727508,0.0588207244873046,-0.1688785254955291,0.0519760958850383,-0.1875918805599212,0.0558633133769035,-0.1837125122547149,0.0390173085033893,-0.1661849915981292,0.0439057126641273,-0.0717299208045005,0.0715726464986801,0.0446541830897331,0.1821229457855224,0.1639184653759002,0.3181041479110718,0.1739779561758041,0.3327838778495788,0.1314227283000946,0.3020505309104919,Walk-To-Chair
527,0.9991999864578248,0.9992412328720092,0.9993731379508972,0.999457061290741,0.9987029433250428,0.9985169172286988,0.998481512069702,0.9995548129081726,0.9976981282234192,0.9992950558662416,0.9988152384757996,0.9999644160270692,0.998670756816864,0.9842012524604796,0.0633141323924064,0.9527269005775452,0.0711018741130828,0.91390860080719,0.0773900225758552,0.9106374979019164,0.0792309269309043,0.8653472065925598,0.0839939266443252,0.999160647392273,0.9976122975349426,0.9515137672424316,0.6668590307235718,0.9802342057228088,0.8365718126296997,0.9736022353172302,0.8513469696044922,0.9764368534088136,0.8943424224853516,0.3713100552558899,0.3750672936439514,0.3755750060081482,0.3759570121765136,0.3753282725811004,0.3766654133796692,0.377567708492279,0.3841622173786163,0.3869348168373108,0.3743948638439178,0.3743844330310821,0.3880507051944732,0.4147408008575439,0.381428062915802,0.4177043437957763,0.3733166754245758,0.403035968542099,0.3744664192199707,0.4007939398288727,0.3738342821598053,0.395823061466217,0.3740579783916473,0.3957700133323669,0.3839485049247741,0.4027477204799652,0.3689747750759125,0.398272305727005,0.3828261792659759,0.4067775309085846,0.392097920179367,0.4132944643497467,0.3600204885005951,0.3836812376976013,0.3439673781394958,0.3343596756458282,0.3344237506389618,0.3345726430416107,0.333973616361618,0.3337398469448089,0.333545058965683,0.3391439020633697,0.3375172317028045,0.3532799184322357,0.3533657789230346,0.3829194903373718,0.3819036185741424,0.4675424993038177,0.453010231256485,0.534140944480896,0.4971148371696472,0.5482029318809509,0.5062497854232788,0.5482469201087952,0.5053243041038513,0.5432093739509583,0.5026375651359558,0.5260972380638123,0.5224179625511169,0.6131259799003601,0.6081217527389526,0.6930719017982483,0.6904648542404175,0.706170916557312,0.7045385837554932,0.7157405018806458,0.7077845931053162,-0.0584575533866882,-0.0770290940999984,-0.0770206376910209,-0.0770411789417266,-0.0547774210572242,-0.0547633357346057,-0.0548183433711528,-0.1312736272811889,-0.0337544195353984,-0.0751828029751777,-0.0469513647258281,-0.1921399533748626,0.0287380702793598,-0.2060880213975906,0.0768250674009323,-0.164277896285057,0.0938507243990898,-0.1832258403301239,0.1025791764259338,-0.1808424890041351,0.0868494734168052,-0.1622228920459747,0.0868904516100883,-0.0678876787424087,0.0677535012364387,0.0417164117097854,0.1642115414142608,0.1495569199323654,0.2784874737262726,0.1584030538797378,0.2890672087669372,0.1188843622803688,0.2620998919010162,Walk-To-Chair
528,0.9992470145225524,0.9992765784263612,0.9994020462036132,0.9994804859161376,0.9987682700157166,0.9985874891281128,0.99854975938797,0.9995741248130798,0.9978134036064148,0.9993346333503724,0.9988865256309508,0.9999656677246094,0.9986810088157654,0.9844699501991272,0.0681402310729026,0.9549408555030824,0.0730432495474815,0.9174479842185974,0.0783666968345642,0.914064645767212,0.0800501853227615,0.8699247241020203,0.0850293263792991,0.9991502165794371,0.9975873827934264,0.9513407349586488,0.6808215975761414,0.9802544116973876,0.8427725434303284,0.9738585948944092,0.8549458384513855,0.9759727716445924,0.8952526450157166,0.3686444163322449,0.3729188740253448,0.3734659552574157,0.3738999962806701,0.3731224238872528,0.3740072846412658,0.3747113347053528,0.3807127475738525,0.3831473588943481,0.3716347515583038,0.3714349269866943,0.3854782581329345,0.4091392159461975,0.3808986246585846,0.4078856110572815,0.3740192055702209,0.3925833106040954,0.3742955029010772,0.3900484442710876,0.373146504163742,0.3858411908149719,0.3733824491500854,0.3864326179027557,0.3841013014316559,0.3960276246070862,0.3680446743965149,0.3953549563884735,0.3729079067707062,0.4037653505802154,0.3810612559318542,0.4124718606472015,0.348796546459198,0.3817486464977264,0.3426881730556488,0.3333968818187713,0.3335642516613006,0.3338280916213989,0.3328960835933685,0.3326964378356933,0.3325481414794922,0.3388646245002746,0.3369832634925842,0.3521698713302612,0.3521920442581177,0.3827402293682098,0.3819690346717834,0.4674675762653351,0.4530818164348602,0.5341259837150574,0.4987107217311859,0.5486105680465698,0.509067952632904,0.5484764575958252,0.5085917115211487,0.543371856212616,0.5041161775588989,0.5261674523353577,0.5228127837181091,0.610239565372467,0.6081193089485168,0.6932125091552734,0.6921722292900085,0.706699013710022,0.7067867517471313,0.7144898176193237,0.7063800096511841,-0.0714979171752929,-0.0893562510609626,-0.0893603861331939,-0.089384838938713,-0.0663076937198638,-0.0662869065999984,-0.0663188770413398,-0.1395818144083023,-0.0382149331271648,-0.086845651268959,-0.0573781058192253,-0.1976053416728973,0.0287490598857402,-0.2148788422346115,0.0741622075438499,-0.1645285636186599,0.0741908252239227,-0.1920903474092483,0.0766755118966102,-0.1895221173763275,0.0599561557173728,-0.1641440093517303,0.0658849626779556,-0.0659483149647712,0.0658359453082084,0.0477578304708004,0.1642318665981292,0.1581060886383056,0.2781530022621155,0.1668848842382431,0.2884668707847595,0.1223911419510841,0.2594938576221466,Walk-To-Chair
529,0.9992924332618712,0.9993041157722472,0.9994226694107056,0.9994955062866212,0.9988359212875366,0.998663604259491,0.9986287355422974,0.9995858073234558,0.9979479908943176,0.9993669390678406,0.998956024646759,0.9999648928642272,0.9987372159957886,0.9834702014923096,0.0759245902299881,0.9537323117256165,0.076906032860279,0.9156939387321472,0.080610267817974,0.9117018580436708,0.0821241289377212,0.8666358590126038,0.0871902331709861,0.9991008639335632,0.9975719451904296,0.95092511177063,0.6924618482589722,0.9796411395072936,0.8477457761764526,0.9735799431800842,0.8593456149101257,0.973524808883667,0.8928115367889404,0.3655414581298828,0.3698153793811798,0.3702155947685241,0.3704646825790405,0.3703157305717468,0.3711293935775757,0.3724768161773681,0.3767400085926056,0.3801366686820984,0.3687707483768463,0.3688873052597046,0.3813504874706268,0.4078701436519623,0.3767686188220978,0.4060413837432861,0.3710557520389557,0.39216148853302,0.3720520734786987,0.3901176750659942,0.3712004125118255,0.3872787952423095,0.3712477087974548,0.3864515423774719,0.3805579543113708,0.3969471454620361,0.3603670001029968,0.3963626027107239,0.3597978055477142,0.4054555892944336,0.3702971637248993,0.4136482179164886,0.3332429528236389,0.3822759091854095,0.3427224159240722,0.3333872854709625,0.3335472047328949,0.3338097035884857,0.3328871428966522,0.3326793611049652,0.332506775856018,0.3388418853282928,0.3369749784469604,0.3521569669246673,0.3521798849105835,0.3828652501106262,0.3830038607120514,0.4675535559654236,0.4551775157451629,0.5342814922332764,0.5067371726036072,0.5488144159317017,0.5190122723579407,0.5486493706703186,0.5215502381324768,0.5435075759887695,0.5138380527496338,0.527004063129425,0.5236533284187317,0.6095447540283203,0.6078808903694153,0.6946493983268738,0.6923073530197144,0.7101278901100159,0.7089588642120361,0.7115218639373779,0.7063810229301453,-0.0457909852266311,-0.0637990236282348,-0.0638096407055854,-0.0638302713632583,-0.0413192138075828,-0.0412932336330413,-0.0413335189223289,-0.1171005219221115,-0.0180664099752903,-0.0625037252902984,-0.0337199866771698,-0.1791173368692398,0.0421855971217155,-0.201229840517044,0.073508583009243,-0.1675513535737991,0.0496293567121028,-0.1898217946290969,0.0511866621673107,-0.1862424910068512,0.0346762984991073,-0.1657363176345825,0.0410805121064186,-0.064244732260704,0.0641494840383529,0.0410914681851863,0.1526489406824112,0.1557617485523224,0.2483092993497848,0.1649656593799591,0.256680428981781,0.1131915599107742,0.2322734594345092,Walk-To-Chair
530,0.9993284940719604,0.9993236660957336,0.9994372725486756,0.999508261680603,0.9988855719566344,0.9987189769744872,0.9986915588378906,0.9995943903923036,0.9980517029762268,0.9993937015533448,0.9990085363388062,0.9999647736549376,0.998773992061615,0.983763575553894,0.0787832960486412,0.9551849961280824,0.0795727223157882,0.9179896712303162,0.0821367874741554,0.9138163328170776,0.0835859030485153,0.869756817817688,0.0890590921044349,0.9990439414978028,0.99753075838089,0.950111448764801,0.6948716640472412,0.9790824055671692,0.8492857217788696,0.973482310771942,0.8617671728134155,0.971652626991272,0.8896591067314148,0.3630882203578949,0.3666165173053741,0.367150604724884,0.3675029575824737,0.3667766749858856,0.3679637312889099,0.3689130842685699,0.3754675388336181,0.3771626353263855,0.3663207292556762,0.3664997816085815,0.3825096786022186,0.3954514861106872,0.3815873563289642,0.3918257355690002,0.3710255622863769,0.3760555386543274,0.3711179494857788,0.3725973069667816,0.3695558905601501,0.3732911646366119,0.3695841133594513,0.3709139227867126,0.3798140585422516,0.3908211886882782,0.3572468161582947,0.3940317630767822,0.3519283533096313,0.4062795042991638,0.3621226847171783,0.4146730303764343,0.3208036422729492,0.3793414831161499,0.343652993440628,0.3338991105556488,0.3339150547981262,0.3340781331062317,0.3335651755332947,0.3332495093345642,0.3330521583557129,0.3388473093509674,0.3371082544326782,0.3527626991271972,0.352816492319107,0.3820960223674774,0.3828597664833069,0.4686878323554992,0.4547047913074493,0.5343457460403442,0.5094920992851257,0.5492085814476013,0.5231942534446716,0.5489513874053955,0.523296058177948,0.5436952710151672,0.5183159708976746,0.5269485712051392,0.5236969590187073,0.6084961295127869,0.6069403886795044,0.6948559880256653,0.6921243667602539,0.71185702085495,0.7097935080528259,0.7106364965438843,0.7063573598861694,-0.0599072277545928,-0.0773152410984039,-0.0773237645626068,-0.0773438960313797,-0.0543968267738819,-0.054377257823944,-0.0544235184788703,-0.1251468509435653,-0.0243855528533458,-0.0746324583888053,-0.0452921763062477,-0.181267112493515,0.0408997870981693,-0.2033794373273849,0.0650660991668701,-0.173605278134346,0.0278211031109094,-0.1946136653423309,0.0277636889368295,-0.1910918802022934,0.0084909489378333,-0.1715162843465805,0.0181095711886882,-0.0633475631475448,0.063281700015068,0.0277989115566015,0.1428646296262741,0.1177133694291114,0.2321459352970123,0.1237584725022316,0.2397079467773437,0.0814177617430687,0.2140909135341644,Walk-To-Chair
531,0.9993693232536316,0.9993533492088318,0.9994598627090454,0.9995278120040894,0.998948574066162,0.9987902641296388,0.9987700581550598,0.9996083378791808,0.9981766939163208,0.9994251132011414,0.9990693926811218,0.9999639987945556,0.9988209009170532,0.9829831123352052,0.0820370316505432,0.9538317322731018,0.081226922571659,0.9161266088485718,0.0827037990093231,0.911482870578766,0.0840203613042831,0.8670789003372192,0.0897305384278297,0.998959481716156,0.9974634647369384,0.9476808309555054,0.6958213448524475,0.97835510969162,0.8502981066703796,0.9730418920516968,0.8642352223396301,0.9693139791488647,0.8855854272842407,0.3608458638191223,0.3643177449703216,0.3647654950618744,0.3650291264057159,0.3646029829978943,0.3659798800945282,0.3668549060821533,0.3725247979164123,0.3747809529304504,0.3637828230857849,0.3640992045402527,0.3790500462055206,0.397079735994339,0.3740774989128113,0.3891033828258514,0.3669258654117584,0.3739163875579834,0.3669439256191253,0.3709579110145569,0.3657141327857971,0.3685738146305084,0.365909993648529,0.3718970417976379,0.3751701712608337,0.3897491693496704,0.3529029190540313,0.3938570320606231,0.3459687829017639,0.4066912233829498,0.3533182442188263,0.4153117537498474,0.3140619397163391,0.3797920346260071,0.3436907827854156,0.3338997960090637,0.333917886018753,0.334084153175354,0.3335670232772827,0.3332321941852569,0.3330387771129608,0.3388572931289673,0.3371159136295318,0.3527722060680389,0.3528273999691009,0.3824813067913055,0.3854923248291015,0.4689036309719085,0.4577064216136932,0.5356280207633972,0.5140281319618225,0.5505250096321106,0.5279408693313599,0.5502274632453918,0.5281163454055786,0.5448089838027954,0.5262357592582703,0.5279145836830139,0.5248249769210815,0.6082820892333984,0.6061870455741882,0.6951245069503784,0.6920489072799683,0.7129501104354858,0.7096139192581177,0.7075476050376892,0.7055044770240784,-0.0522289499640464,-0.069341629743576,-0.0693502053618431,-0.0693677589297294,-0.0473313555121421,-0.0473149195313453,-0.0473635010421276,-0.1177284717559814,-0.0208321455866098,-0.0671996027231216,-0.0390028432011604,-0.1736031323671341,0.0412831120193004,-0.1942247450351715,0.0566614270210266,-0.1663932353258133,0.0221441909670829,-0.1867141872644424,0.0221351962536573,-0.1843306124210357,0.0046849590726196,-0.1646141707897186,0.0131180537864565,-0.061850219964981,0.0617916770279407,0.0229111574590206,0.1358431428670883,0.1063558310270309,0.2178761065006256,0.1116453781723976,0.2246793806552887,0.0717494115233421,0.2011884003877639,Walk-To-Chair
532,0.9994164109230042,0.9993948340415956,0.9994938373565674,0.9995578527450562,0.9990236163139344,0.9988775849342346,0.9988630414009094,0.9996318817138672,0.998316764831543,0.999467670917511,0.9991403818130492,0.9999656677246094,0.9988933205604552,0.9836862087249756,0.0836952850222587,0.955244481563568,0.0823423042893409,0.9182416796684264,0.0830122008919715,0.9134523272514344,0.0843229293823242,0.8701393008232117,0.0903754979372024,0.998937487602234,0.997492790222168,0.9485508799552916,0.6960850954055786,0.9784080386161804,0.8534696102142334,0.9731494188308716,0.8691793084144592,0.9686939716339112,0.8860100507736206,0.3570303618907928,0.3608282506465912,0.3614461421966553,0.3618882894515991,0.3609078228473663,0.3617762923240661,0.3630673289299011,0.3700962662696838,0.370963990688324,0.3602741956710815,0.3598948717117309,0.3789790272712707,0.3864898085594177,0.3781369626522064,0.3787700235843658,0.3655532896518707,0.3675462603569031,0.3660856187343597,0.3643843233585357,0.3644367754459381,0.3626154065132141,0.3647119402885437,0.3645502924919128,0.3753502368927002,0.3869191110134125,0.3511634469032287,0.3921833634376526,0.3404480516910553,0.4067750871181488,0.3468677103519439,0.4156016707420349,0.307369977235794,0.3800668120384216,0.3450907766819,0.3345089256763458,0.3344567716121673,0.3345619738101959,0.3342832922935486,0.3339679539203644,0.3337016701698303,0.3392499983310699,0.3376214206218719,0.3539227545261383,0.3541054427623749,0.3825083076953888,0.3858219087123871,0.4693328142166137,0.4579448699951172,0.537268877029419,0.5163393616676331,0.552375853061676,0.5313965082168579,0.5518609881401062,0.5317164063453674,0.5461445450782776,0.5276097059249878,0.5291542410850525,0.5252223610877991,0.6084514856338501,0.6056530475616455,0.6953709721565247,0.691956102848053,0.7142379283905029,0.7096197009086609,0.705901026725769,0.7049875855445862,-0.0534790083765983,-0.0740832760930061,-0.0741216018795967,-0.0741711854934692,-0.0500991158187389,-0.0500657185912132,-0.0500506944954395,-0.1276336312294006,-0.0270706452429294,-0.0737454742193222,-0.0434406772255897,-0.1828119605779647,0.0384235493838787,-0.2017145603895187,0.0534914955496788,-0.1706856191158294,0.0164642520248889,-0.1901824176311493,0.0153658986091613,-0.1854577511548996,-0.0032938565127551,-0.1685262024402618,0.0069476566277444,-0.0628884956240654,0.0628222078084945,0.017224246636033,0.1397722661495208,0.0998616516590118,0.2281066477298736,0.1049295514822006,0.2354433983564376,0.0598890110850334,0.2111451923847198,Walk-To-Chair
533,0.9994378685951232,0.9994019865989684,0.999497652053833,0.9995625019073486,0.9990562796592712,0.9989152550697328,0.9989094138145448,0.9996340274810792,0.998394787311554,0.999483048915863,0.9991739988327026,0.9999640583992004,0.9989074468612672,0.9830682277679444,0.0843125507235527,0.9543633460998536,0.0822881013154983,0.9170116782188416,0.082412265241146,0.9117963910102844,0.083611860871315,0.8681187629699707,0.089775949716568,0.9988501071929932,0.9973734021186828,0.9451413154602052,0.6894273161888123,0.9772405624389648,0.8502344489097595,0.97244530916214,0.8687505722045898,0.9656184315681458,0.8787325024604797,0.3536697626113891,0.3572593629360199,0.3578006327152252,0.3587105870246887,0.3578634560108185,0.3588315844535827,0.3598794341087341,0.3662985265254974,0.3682943880558014,0.3565126061439514,0.3566625714302063,0.3733988106250763,0.3863196969032287,0.3770458102226257,0.3846409916877746,0.3632584512233734,0.3708634674549103,0.3627082407474518,0.367871344089508,0.3605193197727203,0.3650991022586822,0.3609255254268646,0.3663928806781769,0.3697051405906677,0.3842251896858215,0.3471695482730865,0.389813095331192,0.335774302482605,0.4071731567382812,0.340846836566925,0.4153970777988434,0.3030204176902771,0.380450963973999,0.3452576398849487,0.3348309099674225,0.3348020017147064,0.3349246382713318,0.3345900475978851,0.3343101143836975,0.3340992927551269,0.3398711383342743,0.3381553590297699,0.3543132245540619,0.3544560372829437,0.3844901621341705,0.3860663473606109,0.4724152684211731,0.460588663816452,0.5385298132896423,0.519106388092041,0.5534794330596924,0.5335570573806763,0.553363025188446,0.5341252088546753,0.5474193692207336,0.5294674634933472,0.531432032585144,0.5273850560188293,0.6085602641105652,0.6056908965110779,0.6956289410591125,0.6919804811477661,0.7151037454605103,0.709669291973114,0.7047823667526245,0.7050063014030457,-0.0563857853412628,-0.0741382613778114,-0.0741605311632156,-0.0741943418979644,-0.0515871234238147,-0.0515654794871807,-0.0516026802361011,-0.1226118430495262,-0.0247947741299867,-0.0721002221107482,-0.0433430783450603,-0.1766332983970642,0.0389246009290218,-0.1975172758102417,0.0530713871121406,-0.1698728948831558,0.0174071006476879,-0.1905359923839569,0.0167615059763193,-0.186827465891838,-0.001141388202086,-0.1676380336284637,0.0081760287284851,-0.0615504570305347,0.0615023449063301,0.019048249348998,0.1382423490285873,0.1064730435609817,0.2237538844347,0.1122102513909339,0.2309302538633346,0.0704157128930091,0.2079811096191406,Walk-To-Chair
534,0.9994622468948364,0.999415636062622,0.9995079040527344,0.9995738863945008,0.9990881085395812,0.9989491105079652,0.998951017856598,0.99964040517807,0.998453676700592,0.9995062351226808,0.9992151856422424,0.9999642372131348,0.9989367127418518,0.9823060035705566,0.0848032310605049,0.9523542523384094,0.0825071260333061,0.9141448140144348,0.0821117013692855,0.9084178805351256,0.0833112597465515,0.863745391368866,0.0897330418229103,0.9988572001457214,0.9973973631858826,0.943300485610962,0.6870859265327454,0.9771685600280762,0.8491966724395752,0.971746563911438,0.8689552545547485,0.9646095037460328,0.8756516575813293,0.3489124476909637,0.3531847298145294,0.3537184000015259,0.3542134165763855,0.3537354469299316,0.3546662926673889,0.3562774062156677,0.3623504638671875,0.3647038340568542,0.3522996306419372,0.3524254262447357,0.3672049045562744,0.3865038752555847,0.3703636825084686,0.3810346722602844,0.3592364192008972,0.3646380007266998,0.3590782880783081,0.3613816499710083,0.3569422662258148,0.3576810956001282,0.3571709990501404,0.3589065372943878,0.3665328621864319,0.3823079764842987,0.3437048196792602,0.3892305195331573,0.3336097598075866,0.4072665274143219,0.3391396999359131,0.4156037867069244,0.2992988526821136,0.3806403875350952,0.3464952111244201,0.336046427488327,0.3360635638236999,0.3362523317337036,0.3356953263282776,0.3354158997535705,0.3351964652538299,0.3414917290210724,0.3397143483161926,0.3561757802963257,0.3561885952949524,0.3880656659603119,0.3886034786701202,0.4771985113620758,0.4608000814914703,0.5391817688941956,0.5183024406433105,0.5545517206192017,0.5312210917472839,0.5541512966156006,0.5318394899368286,0.5481089949607849,0.5273860096931458,0.5328851342201233,0.5278215408325195,0.6097267866134644,0.6055458784103394,0.6964181065559387,0.6919994950294495,0.7161219120025635,0.7096372246742249,0.7053484320640564,0.7045970559120178,-0.0634039044380188,-0.0812561884522438,-0.0812842398881912,-0.0813256129622459,-0.0581148751080036,-0.0580895170569419,-0.0581318251788616,-0.1291403621435165,-0.0282575227320194,-0.0784602090716362,-0.0488233044743537,-0.1809655874967575,0.038256999105215,-0.1996262073516845,0.0539940670132637,-0.1718190163373947,0.0218821801245212,-0.1925251483917236,0.0220005325973033,-0.1891319006681442,0.003431478049606,-0.1696251332759857,0.012321313843131,-0.0622219964861869,0.0621647164225578,0.0329890623688697,0.1571775078773498,0.1307286918163299,0.260806679725647,0.1377833783626556,0.2707265317440033,0.0955039262771606,0.2502443194389343,Walk-To-Chair
535,0.999486207962036,0.9994256496429444,0.9995160102844238,0.9995824694633484,0.9991120100021362,0.9989745020866394,0.9989848136901855,0.999646246433258,0.998507559299469,0.9995293617248536,0.999257504940033,0.9999651312828064,0.9989867806434632,0.9815244078636168,0.0861763060092926,0.9507493376731871,0.083300232887268,0.9121660590171814,0.0824231654405593,0.9060649871826172,0.0836360454559326,0.8607116937637329,0.0904179066419601,0.9988515377044678,0.9974296689033508,0.9400832056999208,0.6887757182121277,0.9770981073379515,0.8498172760009766,0.9707934856414796,0.8696147799491882,0.9636054635047911,0.8735648989677429,0.3468192219734192,0.3501015305519104,0.350475400686264,0.3506886959075928,0.3506730496883392,0.3523107171058655,0.3533755540847778,0.3588209748268127,0.3620993793010711,0.3496691584587097,0.350509762763977,0.3651418089866638,0.3843781352043152,0.3665442764759063,0.3759310841560364,0.3547798991203308,0.3601111471652984,0.3553751707077026,0.3568962514400482,0.3535734713077545,0.3535822331905365,0.353609949350357,0.3547630906105041,0.3621514141559601,0.3795826733112335,0.3411578834056854,0.3892057836055755,0.3328483402729034,0.40740966796875,0.3387531340122223,0.4157215058803558,0.2983638644218445,0.3807013034820556,0.3464699983596802,0.3361533582210541,0.3362099528312683,0.3364521861076355,0.3358141183853149,0.3355664610862732,0.3354301750659942,0.3419142663478851,0.3403133451938629,0.3561233282089233,0.356117308139801,0.3886490166187286,0.388706624507904,0.4785602986812591,0.4608029425144195,0.5409914255142212,0.517568826675415,0.5564902424812317,0.5304355621337891,0.5559234023094177,0.5310831665992737,0.5496683716773987,0.5267782807350159,0.5331416130065918,0.5277683734893799,0.6097756624221802,0.6055553555488586,0.6970542073249817,0.6920241713523865,0.7169055342674255,0.7097331881523132,0.7057583332061768,0.7046400904655457,-0.0642256289720535,-0.0816636905074119,-0.0816854387521743,-0.0817253738641738,-0.0583851747214794,-0.0583698339760303,-0.0584101602435112,-0.1298851072788238,-0.029377032071352,-0.0791401714086532,-0.0494739860296249,-0.1837877482175827,0.0374562516808509,-0.2025944739580154,0.0528622083365917,-0.1722101271152496,0.0210063811391592,-0.193661630153656,0.0209523625671863,-0.1909094154834747,0.0021496375557035,-0.1697408258914947,0.0113982493057847,-0.0620907545089721,0.0620236508548259,0.036286387592554,0.1567496806383133,0.1365041881799698,0.2594183087348938,0.1437575966119766,0.2688044905662536,0.1017742305994033,0.2462934702634811,Walk-To-Chair
536,0.9995222091674804,0.9994611144065856,0.999545395374298,0.9996071457862854,0.999169945716858,0.9990426898002625,0.9990547299385072,0.999664843082428,0.9986129999160768,0.999561369419098,0.999311864376068,0.9999657273292542,0.9990459084510804,0.979391634464264,0.0868029743432998,0.9440211057662964,0.0835739150643348,0.9033063054084778,0.0826194360852241,0.8964682221412659,0.0838161185383796,0.8498041033744812,0.090906485915184,0.9988990426063538,0.9975323677062988,0.941143810749054,0.6968831419944763,0.9778958559036256,0.8549324870109558,0.9712841510772704,0.8743492960929871,0.9640313386917114,0.8755991458892822,0.3425161242485046,0.3458407521247864,0.3463514447212219,0.3467439711093902,0.34617480635643,0.3471245169639587,0.3478891253471374,0.3539803624153137,0.3569149672985077,0.3457907438278198,0.3458068370819092,0.3573074042797088,0.3830160498619079,0.3519637286663055,0.3764628767967224,0.3485628962516784,0.3585085570812225,0.3504500985145569,0.3551650643348694,0.3489955365657806,0.3512589335441589,0.3489967584609985,0.3523656725883484,0.3568882346153259,0.3773135244846344,0.3392569124698639,0.3865386247634887,0.3324459791183471,0.4076264798641205,0.3386669754981994,0.4158294200897217,0.2968983054161072,0.3807328939437866,0.3486357033252716,0.3385724127292633,0.3386009335517883,0.3388334512710571,0.3383009135723114,0.3380913436412811,0.3380260467529297,0.3442700803279876,0.3426575362682342,0.3583873212337494,0.3585425317287445,0.3937877118587494,0.3911849558353424,0.4803261160850525,0.4631066024303436,0.5434131622314453,0.5174058079719543,0.5578725934028625,0.5287274718284607,0.5573299527168274,0.5294080972671509,0.551850438117981,0.5256034135818481,0.5354238748550415,0.530055820941925,0.6147246956825256,0.605544924736023,0.6983215808868408,0.6920945644378662,0.7168633341789246,0.7096895575523376,0.7112439870834351,0.7045959234237671,-0.0659495145082473,-0.0835485681891441,-0.0835658907890319,-0.0836007520556449,-0.060342401266098,-0.0603253841400146,-0.060367651283741,-0.1306978464126587,-0.0320949479937553,-0.0808315500617027,-0.0511964857578277,-0.1855771392583847,0.0324050821363925,-0.2006381750106811,0.0535327605903148,-0.1582078039646148,0.033634178340435,-0.1761704385280609,0.0355286672711372,-0.1748901307582855,0.0186535809189081,-0.1566788107156753,0.0250000245869159,-0.0623572096228599,0.0622908398509025,0.0346647873520851,0.1590216606855392,0.1265992224216461,0.2588299512863159,0.132351666688919,0.2680800557136535,0.0909172892570495,0.2477191388607025,Walk-To-Chair
537,0.9995439052581788,0.9994754791259766,0.9995560646057128,0.9996161460876464,0.9991941452026368,0.9990684390068054,0.999086856842041,0.999668300151825,0.9986522793769836,0.999579906463623,0.999347448348999,0.9999675750732422,0.9991014003753662,0.9778199791908264,0.092083565890789,0.9409973621368408,0.0895713344216346,0.8994560837745667,0.0874188989400863,0.8920129537582397,0.0886206626892089,0.8438650965690613,0.0960894376039505,0.9989663362503052,0.99766206741333,0.941930055618286,0.7003441452980042,0.9786776304244996,0.8575666546821594,0.9706056118011476,0.8759127259254456,0.9648517370224,0.8770483136177063,0.3371464908123016,0.3400830030441284,0.3403909802436828,0.3406499028205871,0.3412109911441803,0.3423852026462555,0.3434464931488037,0.3480144143104553,0.3529273271560669,0.3401457965373993,0.3411407768726349,0.3514065146446228,0.3811229467391968,0.3441498279571533,0.3803837895393371,0.3415100276470184,0.3631560802459717,0.3439440429210663,0.3599558770656585,0.3431918025016784,0.3556627631187439,0.342572808265686,0.3567082285881042,0.3526008725166321,0.3752132356166839,0.3386286199092865,0.3851901888847351,0.3321691453456878,0.407706081867218,0.3397160172462463,0.4159175455570221,0.296532541513443,0.3822957575321197,0.3512270748615265,0.3417325019836426,0.3416887819766998,0.341795414686203,0.3413838446140289,0.3410705029964447,0.3408838212490082,0.3463779091835022,0.3448338806629181,0.3606931269168854,0.3608247339725494,0.3942250907421112,0.3921476304531097,0.480131596326828,0.4661191701889038,0.5458252429962158,0.521009087562561,0.5603514313697815,0.5326836109161377,0.5598697662353516,0.5342788696289062,0.5540803074836731,0.5303393602371216,0.5353883504867554,0.5301844477653503,0.6151570081710815,0.6055543422698975,0.6983529329299927,0.6921908259391785,0.7165947556495667,0.7096707224845886,0.7152672410011292,0.704699695110321,-0.0517513379454612,-0.0707692205905914,-0.0707759782671928,-0.0707965716719627,-0.0489522516727447,-0.048927329480648,-0.0489605367183685,-0.1268769651651382,-0.0300392713397741,-0.0694244503974914,-0.0411813035607337,-0.1829414665699005,0.0318039134144783,-0.2018864154815673,0.0545705147087574,-0.1593285650014877,0.0401790514588356,-0.1812038123607635,0.0423500426113605,-0.1798680871725082,0.0250307116657495,-0.1570059955120086,0.0313750952482223,-0.0625732913613319,0.0624930150806903,0.037771288305521,0.1593630015850067,0.1297577917575836,0.2588917911052704,0.1360318660736084,0.2682245373725891,0.0924042910337448,0.2469279766082763,Walk-To-Chair
538,0.999570369720459,0.9994980096817015,0.9995744824409484,0.9996321201324464,0.9992289543151855,0.9991080164909364,0.9991300106048584,0.9996806979179382,0.9987157583236694,0.9996033906936646,0.9993883371353148,0.9999690055847168,0.9991536736488342,0.9767342805862428,0.0960344448685646,0.9375231266021729,0.0929717421531677,0.8945474624633789,0.0900513678789138,0.8865742087364197,0.0911230817437172,0.8373309969902039,0.0988248139619827,0.9990288019180298,0.9977871775627136,0.9427400827407836,0.7096189260482788,0.9793928861618042,0.8621132373809814,0.970471739768982,0.8784341812133789,0.965715765953064,0.8797991275787354,0.3327782452106476,0.335601657629013,0.3359976410865783,0.3363486230373382,0.3364349007606506,0.3374844193458557,0.3384699821472168,0.3438407778739929,0.3480997383594513,0.3358508348464966,0.3365208506584167,0.3474549651145935,0.3742628693580627,0.3392565846443176,0.3741805255413055,0.336403489112854,0.3565606772899627,0.3390000164508819,0.3533087372779846,0.3379893600940704,0.3488532900810241,0.3373101353645324,0.3499832451343536,0.3479627966880798,0.3686156272888183,0.3353107571601867,0.380033940076828,0.3318321108818054,0.4070030152797699,0.3398406505584717,0.4151969850063324,0.2958516180515289,0.3820964992046356,0.3522320389747619,0.3425882160663605,0.3425830602645874,0.3427440226078033,0.342249721288681,0.3419171273708343,0.3417529463768005,0.3475526571273803,0.3457546830177307,0.3620317876338959,0.3621881902217865,0.396971046924591,0.3931884169578552,0.4809193909168243,0.4682784378528595,0.546734094619751,0.5237389802932739,0.5616697669029236,0.5355899930000305,0.5611627101898193,0.5373338460922241,0.5554611682891846,0.5333824157714844,0.5367663502693176,0.5302718281745911,0.6150898337364197,0.6050668358802795,0.6983392834663391,0.691620409488678,0.7164549231529236,0.7088388204574585,0.7166935205459595,0.7045146226882935,-0.0520457811653614,-0.073197104036808,-0.0731957256793975,-0.0732306391000747,-0.0530900247395038,-0.0530525669455528,-0.053049337118864,-0.1333860754966735,-0.0378402173519134,-0.0720463693141937,-0.0453452542424202,-0.1850774139165878,0.0224755741655826,-0.202768474817276,0.0467194318771362,-0.1639569103717804,0.0249789878726005,-0.184709757566452,0.0245015509426593,-0.1829452514648437,0.0066386340185999,-0.1618715524673462,0.0157127305865287,-0.0620868578553199,0.0619917400181293,0.0415770187973976,0.162962719798088,0.1357268244028091,0.2643799781799316,0.1424387991428375,0.2740513682365417,0.0988495349884033,0.2538104653358459,Walk-To-Chair
539,0.9995838403701782,0.999500334262848,0.9995763897895812,0.9996322393417358,0.999231219291687,0.9991097450256348,0.9991372227668762,0.9996795654296876,0.998719036579132,0.9996148943901062,0.9994131326675416,0.99997079372406,0.9992003440856934,0.975637435913086,0.1005630195140838,0.9354588389396667,0.0979779884219169,0.8918321132659912,0.0942785590887069,0.883349597454071,0.095413826406002,0.8328879475593567,0.1033481582999229,0.9990872740745544,0.9979099631309508,0.9438990354537964,0.7188470959663391,0.9802996516227722,0.8670705556869507,0.9694567918777466,0.8811601996421814,0.9668114185333252,0.8834142684936523,0.3295039534568786,0.3323622047901153,0.3326526284217834,0.3328931033611297,0.3335029482841491,0.3346049785614013,0.3362458944320678,0.3400041759014129,0.3448877036571502,0.332569420337677,0.3333757519721985,0.3420310616493225,0.3723636865615845,0.3343083262443542,0.3740489780902862,0.3317398428916931,0.3557915091514587,0.3339435458183288,0.3523402810096741,0.3332595527172088,0.3477503955364227,0.3328946530818939,0.3489581346511841,0.343495100736618,0.365487277507782,0.3322748243808746,0.3763430118560791,0.3314368724822998,0.4064523577690124,0.3389416635036468,0.4149452149868011,0.2977068722248077,0.381487488746643,0.3522840142250061,0.3426108956336975,0.3425892889499664,0.3427319228649139,0.3423004150390625,0.3419923186302185,0.3418299853801727,0.3474942445755005,0.3457838296890259,0.3619236648082733,0.3620695173740387,0.3961086571216583,0.3933658897876739,0.4810298681259155,0.4682697355747223,0.5480800867080688,0.5250872373580933,0.5631333589553833,0.5373004078865051,0.5627338290214539,0.5396974682807922,0.5571434497833252,0.5356207489967346,0.5364130139350891,0.5298224091529846,0.6142308115959167,0.6035897731781006,0.6983271837234497,0.6905664205551147,0.7162333726882935,0.7076606750488281,0.7167854905128479,0.7043249607086182,-0.05418411642313,-0.0741545855998992,-0.0741536766290664,-0.0741791576147079,-0.0530902631580829,-0.0530596449971199,-0.0530772618949413,-0.1334497928619384,-0.0377366580069065,-0.0728363841772079,-0.0453380830585956,-0.185196965932846,0.021706186234951,-0.2069850414991378,0.0469251312315464,-0.1759116798639297,0.0263898409903049,-0.1954063475131988,0.0265146140009164,-0.1935335099697113,0.0082496954128146,-0.1745371520519256,0.0170167386531829,-0.0622131749987602,0.0621268153190612,0.0438243560492992,0.1619428098201751,0.1417597979307174,0.2574899196624756,0.1488000154495239,0.266472190618515,0.1022515669465065,0.2433256208896637,Walk-To-Chair
540,0.9995968341827391,0.999502658843994,0.9995805621147156,0.9996355175971984,0.999231457710266,0.9991062879562378,0.999137282371521,0.999685764312744,0.9987110495567322,0.9996299147605896,0.9994366765022278,0.9999728202819824,0.999243438243866,0.9759048819541932,0.1010744720697403,0.936375379562378,0.1007472425699234,0.8935924768447876,0.0970146432518959,0.884947657585144,0.098263218998909,0.8342787623405457,0.1065642982721328,0.9991495609283448,0.9980313181877136,0.9467625021934508,0.7300658226013184,0.9816430807113647,0.8734531402587891,0.9698014855384828,0.885159432888031,0.968694031238556,0.8881800770759583,0.324608564376831,0.3274925649166107,0.327926754951477,0.328351229429245,0.3284622728824615,0.3296036422252655,0.3312901854515075,0.3363948464393616,0.3405612707138061,0.3277453780174255,0.3285658657550812,0.3398832976818084,0.364603042602539,0.330557107925415,0.3668950796127319,0.3270736336708069,0.3494524359703064,0.3281665444374084,0.3458689451217651,0.3279697000980377,0.3418735861778259,0.3278096914291382,0.3432116210460663,0.3395212590694427,0.3611051440238952,0.3261640965938568,0.3716349899768829,0.3284031748771667,0.4039844572544098,0.3362117409706116,0.4133087992668152,0.2958112061023712,0.3815238773822784,0.3524825274944305,0.3427166938781738,0.342671662569046,0.3427976071834564,0.3423565924167633,0.3420189619064331,0.3418118357658386,0.3473980128765106,0.3456681072711944,0.3618460595607757,0.3619398474693298,0.3958271145820617,0.393075555562973,0.4807705581188202,0.4680199027061462,0.5488392114639282,0.5263321995735168,0.5637415051460266,0.5393934845924377,0.5633003115653992,0.5417335033416748,0.5576390027999878,0.5373249053955078,0.5361723303794861,0.529419481754303,0.6134712100028992,0.6016150116920471,0.6983232498168945,0.6881133317947388,0.7162049412727356,0.7045913934707642,0.71800297498703,0.7042521238327026,-0.0600406937301158,-0.0808485150337219,-0.0808532908558845,-0.0808839052915573,-0.0581757836043834,-0.0581347830593586,-0.0581469535827636,-0.1410534530878067,-0.0392028614878654,-0.0794194862246513,-0.049737874418497,-0.1984312832355499,0.0229636281728744,-0.2213439047336578,0.048005610704422,-0.1883780658245086,0.0267400592565536,-0.2097083628177642,0.0264831688255071,-0.2076275795698166,0.0069806491956114,-0.1867782473564148,0.0168420132249593,-0.0649472922086715,0.0648331642150878,0.0420648381114006,0.1688813120126724,0.1398670375347137,0.2731720805168152,0.14718759059906,0.2828024327754974,0.1007413640618324,0.2607956826686859,Walk-To-Chair
541,0.999609112739563,0.9995102882385254,0.9995899200439452,0.999640166759491,0.9992387890815736,0.9991191029548644,0.9991470575332642,0.999691605567932,0.998728096485138,0.9996426105499268,0.999459743499756,0.9999744296073914,0.9992886781692504,0.9746634364128112,0.1010348573327064,0.9332213401794434,0.1010172367095947,0.8901063203811646,0.0978124737739563,0.8810027241706848,0.0991072729229927,0.8291981816291809,0.107684701681137,0.9992102980613708,0.9981515407562256,0.9494574069976808,0.7425084710121155,0.9828078150749208,0.8792840242385864,0.9704587459564208,0.8892154693603516,0.969925343990326,0.8911373019218445,0.3207094669342041,0.3233378827571869,0.3236432671546936,0.3239039778709411,0.3244254887104034,0.3255335688591003,0.3266448378562927,0.3314820528030395,0.3361598253250122,0.324061632156372,0.3249469399452209,0.3362623751163482,0.3615990579128265,0.3255965709686279,0.3629049062728882,0.3225395977497101,0.3459725081920624,0.3241396248340606,0.3428170084953308,0.3237367868423462,0.3389837145805359,0.3236844539642334,0.3400433659553528,0.3343498110771179,0.3577952980995178,0.323184609413147,0.3671583533287048,0.3271966576576233,0.4001352190971374,0.3356418013572693,0.4110028147697449,0.2955630421638489,0.3799383044242859,0.3522783517837524,0.3425233662128448,0.3424845039844513,0.3426108360290527,0.3421620726585388,0.3418402969837188,0.3416334688663482,0.3472223281860351,0.3455175459384918,0.3616451025009155,0.3617535531520843,0.3958474397659302,0.3928912878036499,0.4824703633785248,0.4681446850299835,0.5484905242919922,0.5264665484428406,0.5632967352867126,0.5394566655158997,0.5628349184989929,0.5414616465568542,0.557162344455719,0.5370809435844421,0.5361586809158325,0.5293489694595337,0.6134610772132874,0.6008239388465881,0.6991103887557983,0.6843562722206116,0.7164071798324585,0.7006200551986694,0.7191333174705505,0.7039972543716431,-0.0677130669355392,-0.0889514982700347,-0.0889578014612197,-0.0889924094080925,-0.0655745938420295,-0.0655389800667762,-0.0655524581670761,-0.1495961844921112,-0.0450088419020175,-0.0867597460746765,-0.0563322119414806,-0.2069627493619918,0.0201982930302619,-0.2224705964326858,0.0491130575537681,-0.1867568343877792,0.0295011848211288,-0.2088443040847778,0.0292244497686624,-0.2054550647735595,0.0095143299549818,-0.1850197911262512,0.019567972049117,-0.0664356797933578,0.0662919133901596,0.0496293045580387,0.1788486987352371,0.1620474457740783,0.2957615256309509,0.1711076945066452,0.3071386218070984,0.1267020404338836,0.2867415845394134,Walk-To-Chair
542,0.999618113040924,0.9995130896568298,0.99959534406662,0.9996380805969238,0.999239146709442,0.9991281032562256,0.9991464614868164,0.9996902346611024,0.998749852180481,0.9996562004089355,0.9994862675666808,0.9999762177467346,0.9993398785591124,0.9719995856285096,0.1040122359991073,0.9265432953834534,0.103547878563404,0.8825695514678955,0.1013263016939163,0.8728617429733276,0.1026245430111885,0.8194444179534912,0.1117278262972831,0.999274730682373,0.9982813000679016,0.9529035687446594,0.7566322684288025,0.983873188495636,0.8847015500068665,0.9711084365844728,0.8924853205680847,0.9704257249832152,0.8917706608772278,0.3176527619361877,0.3196351826190948,0.3197392225265503,0.3197967410087585,0.3210679888725281,0.3222101330757141,0.3240195512771606,0.3262518048286438,0.3329209387302398,0.3209370970726013,0.3220982849597931,0.3276247382164001,0.3610284924507141,0.3201582133769989,0.3636654317378998,0.3165969252586365,0.3462626338005066,0.3178092539310455,0.3433446288108825,0.3183232247829437,0.3396264016628265,0.3182126879692077,0.3406180143356323,0.3282956779003143,0.3553051054477691,0.3201566934585571,0.3646503984928131,0.3265475928783417,0.3990963101387024,0.3366856575012207,0.4094850122928619,0.2959519326686859,0.3797581493854522,0.3522859513759613,0.3424586057662964,0.3424020409584045,0.3425271213054657,0.3421058654785156,0.3417619168758392,0.3415239155292511,0.3471013903617859,0.3453802168369293,0.3614964783191681,0.3615811765193939,0.3963140845298767,0.3927686512470245,0.4831162095069885,0.4679169058799743,0.5485473275184631,0.5261833071708679,0.5629926323890686,0.5390298366546631,0.5626031160354614,0.5413080453872681,0.5569356679916382,0.5368973016738892,0.5362133383750916,0.5292943716049194,0.6136839985847473,0.5987327098846436,0.699089765548706,0.6803380846977234,0.7164552211761475,0.6931921243667603,0.7191925048828125,0.7021837830543518,-0.0652536824345588,-0.0887879878282547,-0.0887930542230606,-0.0888350158929824,-0.0653726086020469,-0.0653382986783981,-0.0653553158044815,-0.1540967226028442,-0.0542841032147407,-0.0865250453352928,-0.0561284609138965,-0.2125487327575683,0.0032074332702904,-0.2274344712495803,0.0547552034258842,-0.1888767033815384,0.0761519074440002,-0.2099178582429886,0.0804851949214935,-0.20878267288208,0.0624115690588951,-0.1880540549755096,0.0679123699665069,-0.0665938407182693,0.0664402693510055,0.0693419203162193,0.2009369879961013,0.1942382007837295,0.3404441773891449,0.2054732143878936,0.3547031879425049,0.1591046899557113,0.3324962854385376,Walk-To-Chair
543,0.999631643295288,0.999528706073761,0.999610722064972,0.9996485710144044,0.9992576837539672,0.999157726764679,0.999170184135437,0.9996985793113708,0.9987950921058656,0.9996725916862488,0.9995135068893432,0.9999778270721436,0.999384343624115,0.9693623185157776,0.1045690327882766,0.9188748002052308,0.1038649529218673,0.8734617233276367,0.102754421532154,0.8630995750427246,0.1040075346827507,0.8082637190818787,0.1132629364728927,0.9993358850479126,0.9983990788459778,0.9562440514564514,0.7675914764404297,0.9848849177360536,0.8879399299621582,0.9718284606933594,0.8939651846885681,0.971181094646454,0.8916678428649902,0.311400294303894,0.3138084709644317,0.3141308724880218,0.3144492506980896,0.3150670528411865,0.3163365423679352,0.3177773654460907,0.3221535086631775,0.3276791274547577,0.3142914175987243,0.315443217754364,0.3230522274971008,0.3574557304382324,0.3164287209510803,0.359058678150177,0.3130769431591034,0.3431548476219177,0.3143415451049804,0.3399701118469238,0.3140432238578796,0.3362868726253509,0.3141360878944397,0.3373584151268005,0.3246549963951111,0.3523007929325104,0.3180018067359924,0.3611056804656982,0.3258523344993591,0.3964260518550873,0.3359218239784241,0.4065852761268616,0.294625461101532,0.3796684443950653,0.3522004783153534,0.3423781991004944,0.3423183858394623,0.3424486219882965,0.3420618772506714,0.3416652381420135,0.341336578130722,0.3469463288784027,0.345073789358139,0.3614481091499328,0.3615401983261108,0.3968909084796905,0.3920956552028656,0.4834380447864532,0.4644026458263397,0.5483052730560303,0.5261331796646118,0.5627675652503967,0.5387817025184631,0.5624740123748779,0.5411350131034851,0.5567391514778137,0.5367966890335083,0.5362196564674377,0.5291702747344971,0.6137277483940125,0.5970017313957214,0.6992633938789368,0.6759086847305298,0.7169010043144226,0.6860180497169495,0.7197953462600708,0.6984012722969055,-0.0749623849987983,-0.0978682190179824,-0.0978738665580749,-0.0979184657335281,-0.075210690498352,-0.0751848220825195,-0.0752008408308029,-0.1641908437013626,-0.0635142251849174,-0.0956693515181541,-0.0662659779191017,-0.2195730209350586,-0.0027439231052994,-0.2275599986314773,0.0546021051704883,-0.1821794062852859,0.07230244576931,-0.2009582072496414,0.0763075500726699,-0.2015558779239654,0.0585469305515289,-0.1817465871572494,0.0641178339719772,-0.0670845061540603,0.066911444067955,0.0733901411294937,0.2150535881519317,0.198023110628128,0.3643967509269714,0.2092287242412567,0.3797790706157684,0.163478672504425,0.3619469106197357,Walk-To-Chair
544,0.9996395707130432,0.999540388584137,0.9996227622032166,0.999655544757843,0.999271035194397,0.999181866645813,0.999188244342804,0.9997038245201112,0.9988336563110352,0.9996840953826904,0.9995352029800416,0.9999790787696838,0.9994239807128906,0.966620147228241,0.1060099676251411,0.9117992520332336,0.105692833662033,0.8652445077896118,0.1057362779974937,0.8544689416885376,0.1070828586816787,0.7985525727272034,0.1164753437042236,0.9993900656700134,0.9985012412071228,0.9590014815330504,0.7766362428665161,0.9856830835342408,0.8895274996757507,0.9726133346557616,0.8952142000198364,0.9714847803115844,0.889651894569397,0.3074587285518646,0.3098981082439422,0.3100934624671936,0.3102522194385528,0.3112678825855255,0.3125013709068298,0.3137272596359253,0.317019522190094,0.3233346343040466,0.3101715743541717,0.3114662766456604,0.3187991976737976,0.3523135781288147,0.3119987249374389,0.3569422364234924,0.3084527850151062,0.3410316705703735,0.3096657395362854,0.3390710949897766,0.3093739449977875,0.3362528681755066,0.3094641268253326,0.334259569644928,0.3205742239952087,0.3473690152168274,0.3162787556648254,0.3554501235485077,0.3250978589057922,0.3929762542247772,0.3355315625667572,0.4033811688423157,0.2939474880695343,0.3762820363044739,0.3516155779361725,0.3416254818439483,0.3416134417057037,0.3417879641056061,0.3411801159381866,0.3407474458217621,0.3404489159584045,0.346578449010849,0.3446892499923706,0.3610306084156036,0.3610158860683441,0.3970082402229309,0.3914983868598938,0.4840359687805176,0.4659988582134247,0.549229621887207,0.5259073376655579,0.5631822943687439,0.5384522080421448,0.5627129077911377,0.5406156778335571,0.5571556091308594,0.5373779535293579,0.5372582077980042,0.5299233198165894,0.614882230758667,0.5965245962142944,0.699876606464386,0.6733492016792297,0.7175964713096619,0.6824679970741272,0.7211074233055115,0.6962526440620422,-0.0833390280604362,-0.106325089931488,-0.1063308268785476,-0.1063791662454605,-0.083382599055767,-0.0833634883165359,-0.0833822041749954,-0.1733315885066986,-0.0705205798149108,-0.1037777289748191,-0.0740813985466957,-0.2298134267330169,-0.0064422353170812,-0.2337877303361892,0.0541406460106372,-0.1816663295030594,0.0709690302610397,-0.2007368057966232,0.0751724168658256,-0.2007867991924286,0.0571444816887378,-0.1809834390878677,0.0627491399645805,-0.0690261572599411,0.0688340440392494,0.0754444077610969,0.225215271115303,0.2070093154907226,0.3828386664390564,0.2191614210605621,0.3992444276809692,0.1745186299085617,0.3825386464595794,Walk-To-Chair
545,0.999624490737915,0.9995187520980836,0.9996077418327332,0.9996390342712402,0.9992196559906006,0.9991363286972046,0.9991414546966552,0.9996854662895204,0.9987927079200744,0.999680519104004,0.9995338320732116,0.9999802112579346,0.9994488954544068,0.9653205275535583,0.1075653210282325,0.911191999912262,0.1103405877947807,0.8650248646736145,0.1114038303494453,0.8543862700462341,0.1129259914159774,0.7982453107833862,0.1224922612309455,0.9994391202926636,0.9985874891281128,0.9610006213188172,0.7837862372398376,0.9862265586853028,0.8885771632194519,0.9725373387336732,0.8942290544509888,0.9715007543563844,0.8874685168266296,0.3056750297546386,0.3078118860721588,0.3080643117427826,0.3082433044910431,0.3088014423847198,0.3097958266735077,0.3112626671791076,0.3150773644447326,0.3198006749153137,0.3080907464027405,0.3089439272880554,0.3179841637611389,0.3474411368370056,0.3089428544044494,0.3518426418304443,0.3034585416316986,0.3320524394512176,0.3046115934848785,0.3284348845481872,0.3033320903778076,0.324847549200058,0.3040793538093567,0.3256496787071228,0.3167011141777038,0.3411760628223419,0.3146004378795624,0.3464236259460449,0.32473024725914,0.3883644938468933,0.3348942995071411,0.3978642523288727,0.2937434315681457,0.3738409876823425,0.3513387739658355,0.3411608636379242,0.3411347270011902,0.3413040041923523,0.3407286703586578,0.3403494954109192,0.3401030302047729,0.346089631319046,0.3443397283554077,0.3606977760791778,0.3606894612312317,0.3970051109790802,0.3913832902908325,0.4838675558567047,0.4675184190273285,0.5491666793823242,0.5277926921844482,0.5632888078689575,0.5405154824256897,0.562633752822876,0.5428863763809204,0.5571342706680298,0.5391145944595337,0.5378249287605286,0.5301096439361572,0.6161299347877502,0.5966117978096008,0.7009831666946411,0.6706361770629883,0.717837929725647,0.6794205904006958,0.7223363518714905,0.6937220692634583,-0.0705553665757179,-0.0922925174236297,-0.0923106297850608,-0.0923601016402244,-0.0699967443943023,-0.0699715167284011,-0.0699882134795188,-0.160846322774887,-0.0602832436561584,-0.0910872295498848,-0.0620568580925464,-0.2214491069316864,-0.0018718031933531,-0.2332444190979004,0.0561401955783367,-0.1825824081897735,0.0626856833696365,-0.2022318542003631,0.0661932453513145,-0.2014236152172088,0.0481509268283844,-0.1815612167119979,0.0540919974446296,-0.0688108950853347,0.068628117442131,0.0713818222284317,0.2106146067380905,0.1929979771375656,0.3519213795661926,0.20356085896492,0.3665252029895782,0.1588571518659591,0.3511261940002441,Walk-To-Chair
546,0.9995803833007812,0.9994506239891052,0.9995571374893188,0.9995766282081604,0.9990757703781128,0.9990087747573853,0.998989760875702,0.9996342062950134,0.9986158013343812,0.9996562600135804,0.999505341053009,0.9999810457229614,0.9994683861732484,0.9649513363838196,0.1121116578578949,0.9112419486045836,0.1172338798642158,0.865054190158844,0.1193889901041984,0.8546804189682007,0.1211340576410293,0.7988005876541138,0.1307022124528885,0.9994811415672302,0.9986650347709656,0.96345317363739,0.7921214699745178,0.986775040626526,0.8894547820091248,0.9733142852783204,0.8965775370597839,0.9707100987434388,0.8835985660552979,0.3031966686248779,0.3045665323734283,0.3044539093971252,0.3042670786380768,0.306298017501831,0.3074496388435364,0.3092344403266907,0.3095521926879883,0.317964106798172,0.3050962686538696,0.3070333003997803,0.3130151927471161,0.3464395403861999,0.3044724464416504,0.3469167649745941,0.3001292645931244,0.3347773551940918,0.3008187413215637,0.326071947813034,0.3001291155815124,0.3237626552581787,0.3003316223621368,0.3234427571296692,0.3127658367156982,0.3380002379417419,0.31344935297966,0.3390936851501465,0.3241389691829681,0.3821665346622467,0.3351539075374603,0.3921191394329071,0.294178307056427,0.3673434555530548,0.3506857752799988,0.3401399850845337,0.3402800858020782,0.3405642509460449,0.3396177291870117,0.339307427406311,0.3391633927822113,0.3456657528877258,0.3437296748161316,0.3600107431411743,0.3599085509777069,0.3959605991840362,0.391357272863388,0.4820493161678314,0.4665411412715912,0.5498254895210266,0.5215442180633545,0.5634357929229736,0.5404240489006042,0.5626916289329529,0.5388423800468445,0.5574418306350708,0.5385019779205322,0.5376991629600525,0.5300900936126709,0.6162824034690857,0.5968592166900635,0.7018089890480042,0.6679193377494812,0.7177877426147461,0.6753556728363037,0.722436785697937,0.6936801075935364,-0.0393586605787277,-0.0625392869114875,-0.062547966837883,-0.062583789229393,-0.0396671965718269,-0.0396431013941764,-0.0396682694554328,-0.1391037404537201,-0.0355127416551113,-0.0633122622966766,-0.0335511863231658,-0.2149320095777511,0.0134013220667839,-0.2300618886947631,0.0593098886311054,-0.1826962828636169,0.0595235154032707,-0.2031423598527908,0.062892660498619,-0.2013238221406936,0.0472373478114604,-0.181388720870018,0.0514010414481163,-0.0711206346750259,0.0709173902869224,0.0669491663575172,0.2075181454420089,0.1870177984237671,0.342085063457489,0.2001950740814209,0.3558944165706634,0.1539419293403625,0.3390021920204162,Walk-To-Chair
547,0.999573826789856,0.9994484186172484,0.9995568990707396,0.999567985534668,0.9990572333335876,0.9990022778511048,0.9989724159240724,0.9996289014816284,0.9986138343811036,0.9996522665023804,0.9995041489601136,0.99998140335083,0.9994875192642212,0.9634789228439332,0.1153020486235618,0.9094088673591614,0.1239442303776741,0.8628278970718384,0.1269850879907608,0.8527476787567139,0.1290151625871658,0.7973235249519348,0.138409286737442,0.9995162487030028,0.9987263083457948,0.965023159980774,0.7977107167243958,0.9869655966758728,0.8889060616493225,0.9736745953559875,0.898406982421875,0.9694879055023192,0.8795486092567444,0.2987271249294281,0.3007101118564605,0.3007348477840423,0.3006990551948547,0.3023024201393127,0.3035243451595306,0.3048247694969177,0.3066492974758148,0.3139298260211944,0.3012081384658813,0.3027666211128235,0.3106752038002014,0.3464099168777466,0.3009108304977417,0.3483375906944275,0.2980698645114898,0.3340079486370086,0.2990457415580749,0.3268126249313354,0.2991934418678283,0.3244084119796753,0.2994119822978973,0.3210700154304504,0.3108931183815002,0.3364604413509369,0.3113799393177032,0.3354716002941131,0.3244956433773041,0.3734578490257263,0.3359068930149078,0.3853048682212829,0.2948147654533386,0.3566573560237884,0.3506223559379577,0.3398780822753906,0.3400324881076813,0.3403353095054626,0.3393457531929016,0.3390637934207916,0.3388886153697967,0.3456239998340606,0.3434767425060272,0.35997474193573,0.3598851561546325,0.3960821330547333,0.3913217782974243,0.4825990498065948,0.4665190279483795,0.550139307975769,0.521198570728302,0.5636974573135376,0.5380927324295044,0.5630079507827759,0.5387820601463318,0.5575815439224243,0.538195788860321,0.5373581647872925,0.529840350151062,0.6162169575691223,0.5971004366874695,0.7017747759819031,0.6681458353996277,0.7172243595123291,0.6760550141334534,0.722850501537323,0.6942421793937683,-0.0387372374534606,-0.0607883334159851,-0.0607920289039611,-0.0608255043625831,-0.0378831699490547,-0.0378665141761302,-0.0378910228610038,-0.1332704871892929,-0.0299092717468738,-0.061586208641529,-0.0318543389439582,-0.2040853947401046,0.0187540017068386,-0.216284230351448,0.0588342547416687,-0.1648576259613037,0.0520466975867748,-0.1824962198734283,0.0544448494911193,-0.1803338527679443,0.0370907559990882,-0.1630076467990875,0.0432443842291832,-0.0712295994162559,0.0710203871130943,0.0554363615810871,0.2029291838407516,0.1614868640899658,0.3394258618354797,0.1711765229701995,0.3527489006519317,0.1353323757648468,0.328470915555954,Walk-To-Chair
548,0.9995142817497252,0.9993896484375,0.9995153546333312,0.9995099902153016,0.998940646648407,0.9989073276519777,0.9988549947738647,0.9995858669281006,0.9984772205352784,0.9995955228805542,0.9994410872459412,0.9999811053276062,0.9995009899139404,0.9611003994941713,0.1177428439259529,0.9046556353569032,0.1290593892335891,0.8573160171508789,0.1331254541873932,0.8473402261734009,0.1352511346340179,0.7914562821388245,0.1442344784736633,0.9995487332344056,0.9987838864326476,0.9663979411125184,0.8006083965301514,0.9870358109474182,0.887697696685791,0.9741989374160768,0.9001140594482422,0.9680390357971193,0.8739529848098755,0.296319305896759,0.2976626753807068,0.2979753613471985,0.2980023622512817,0.2995356619358063,0.3008372187614441,0.3021088242530823,0.304726243019104,0.3117254972457886,0.2995026707649231,0.3010610938072204,0.3104033768177032,0.3442733883857727,0.3017542660236358,0.3463820219039917,0.2943161427974701,0.3323320746421814,0.2956778705120086,0.3258151710033417,0.2955338060855865,0.3237300515174866,0.295613944530487,0.3223927915096283,0.309023767709732,0.3339685797691345,0.3086703717708587,0.3303779065608978,0.3245270848274231,0.366714596748352,0.3362065255641937,0.3758121728897095,0.2952523529529571,0.3470144867897033,0.350672036409378,0.3398753404617309,0.3400189578533172,0.3403178751468658,0.3393554091453552,0.3390573263168335,0.3388789594173431,0.3455460965633392,0.3434107005596161,0.3600008189678192,0.359924167394638,0.3959292471408844,0.3912886083126068,0.4872892200946808,0.4664841592311859,0.5501032471656799,0.5210350155830383,0.5636271238327026,0.5371778011322021,0.5629141330718994,0.5364528894424438,0.5573328137397766,0.5356418490409851,0.5349770188331604,0.5278545618057251,0.6159538626670837,0.5972987413406372,0.701739490032196,0.6680985689163208,0.7160786390304565,0.6780173182487488,0.7227014303207397,0.6941210627555847,-0.0463384762406349,-0.0679764524102211,-0.0679815337061882,-0.0680158585309982,-0.0451856888830661,-0.0451666191220283,-0.0451922193169593,-0.1353964507579803,-0.0336174294352531,-0.0677109658718109,-0.0381589755415916,-0.2051389217376709,0.0186574682593345,-0.2154081761837005,0.0573065765202045,-0.1592427790164947,0.0513828992843627,-0.1755012720823288,0.0542851500213146,-0.173192098736763,0.0366672463715076,-0.156981348991394,0.0427596047520637,-0.0718948319554328,0.0716699808835983,0.0468337461352348,0.203472763299942,0.1544638127088546,0.3400418162345886,0.1641058027744293,0.3540069460868835,0.1301312893629074,0.3405588269233703,Walk-To-Chair
549,0.9994161128997804,0.9993067383766174,0.9994533658027648,0.9994398951530457,0.9987550377845764,0.9987277388572692,0.9986379742622375,0.99953693151474,0.9982484579086304,0.9995360374450684,0.9993584752082824,0.9999813437461852,0.999479115009308,0.9605448246002196,0.1145413592457771,0.9050288200378418,0.1265588700771331,0.8571206331253052,0.1310926526784896,0.8472784161567688,0.1331406384706497,0.7905493378639221,0.1420902162790298,0.9995774030685424,0.998805820941925,0.9653887152671814,0.7931862473487854,0.9859595894813538,0.8767173290252686,0.9729881882667542,0.8943599462509155,0.965009331703186,0.8624411821365356,0.2927741110324859,0.2943494319915771,0.2945342659950256,0.2946356534957886,0.295957088470459,0.2975313067436218,0.2989805042743683,0.3017738759517669,0.3088791370391845,0.2959840595722198,0.297663927078247,0.3087400496006012,0.341806024312973,0.3033312261104584,0.343210756778717,0.2936729788780212,0.3294662535190582,0.2941194176673889,0.3229226469993591,0.2938767075538635,0.3176423013210296,0.2940450310707092,0.3201424181461334,0.3065317869186401,0.3303151726722717,0.3080178201198578,0.3234918713569641,0.3236899077892303,0.3568057715892792,0.3350771069526672,0.3646724820137024,0.2954257726669311,0.3333841562271118,0.3506502211093902,0.3398678600788116,0.3400085866451263,0.3403064906597137,0.3393507599830627,0.3390388786792755,0.3388429284095764,0.3455142974853515,0.3432658612728119,0.3599791228771209,0.3599068522453308,0.3958915472030639,0.3910602331161499,0.4877744317054748,0.466025561094284,0.5506462454795837,0.5209992527961731,0.5648698210716248,0.5371922850608826,0.5639262795448303,0.5363889932632446,0.5580942630767822,0.5355970859527588,0.5334988832473755,0.527378499507904,0.6158959865570068,0.5982557535171509,0.7017256617546082,0.6690219640731812,0.7159229516983032,0.6794717311859131,0.722633421421051,0.6936144232749939,-0.0697393864393234,-0.0914686024188995,-0.0914801433682441,-0.0915303006768226,-0.0683817639946937,-0.0683573335409164,-0.0683874189853668,-0.1595452725887298,-0.0563363619148731,-0.0911456197500228,-0.0612876713275909,-0.2204373627901077,0.0007723635062575,-0.2305741608142852,0.0491217598319053,-0.1794399619102478,0.0525178536772728,-0.1983354687690735,0.056731928139925,-0.1952359676361084,0.0383613631129264,-0.1770909577608108,0.0439144223928451,-0.0713712647557258,0.0711237490177154,0.069163478910923,0.2130453884601593,0.200148731470108,0.3673023581504822,0.2119497954845428,0.3832948207855224,0.1732185333967209,0.367601215839386,Walk-To-Chair
550,0.9992950558662416,0.999180555343628,0.9993556141853333,0.9993229508399964,0.9985432624816896,0.9985305666923524,0.9983989596366882,0.9994505643844604,0.9980287551879884,0.9994428753852844,0.9992539286613464,0.999980330467224,0.9994624257087708,0.9579386115074158,0.1155508831143379,0.899721622467041,0.1293544620275497,0.8498731255531311,0.1333585679531097,0.8399640321731567,0.1353349834680557,0.7819533944129944,0.1441545933485031,0.9996019005775452,0.9988247752189636,0.964359164237976,0.7767723202705383,0.9842836260795592,0.8592637181282043,0.9714516401290894,0.8845464587211609,0.960265040397644,0.8454258441925049,0.2919349372386932,0.2933574020862579,0.2933913767337799,0.2933496832847595,0.2953276634216308,0.2967519760131836,0.2981444299221039,0.2998964190483093,0.3077326118946075,0.2949107587337494,0.2966075837612152,0.3040722906589508,0.3400949239730835,0.2967411279678345,0.3417672514915466,0.2911955118179321,0.3264835774898529,0.2921376228332519,0.3189650475978851,0.2918314039707184,0.316796213388443,0.2925116419792175,0.3165826201438904,0.3038634657859802,0.327160120010376,0.3068633675575256,0.3190229535102844,0.3234021365642547,0.3411985337734222,0.3346834778785705,0.3520834445953369,0.2950984835624695,0.3203506171703338,0.350638598203659,0.3398612737655639,0.3400024473667145,0.34029421210289,0.3393305540084839,0.3390207290649414,0.3387899398803711,0.3454885482788086,0.3431987464427948,0.3599707782268524,0.3599205911159515,0.3960379064083099,0.391023725271225,0.4850026071071625,0.4663800597190857,0.5511930584907532,0.5234066843986511,0.5660145878791809,0.5416685938835144,0.5650832056999207,0.5405634045600891,0.5588659048080444,0.5387675166130066,0.5334301590919495,0.5276964902877808,0.6158629655838013,0.6004074811935425,0.701701819896698,0.6754894256591797,0.7162709832191467,0.6819267868995667,0.7225800156593323,0.6925896406173706,-0.0632206052541732,-0.0852714926004409,-0.0852884426712989,-0.0853482484817504,-0.0634747073054313,-0.0634596869349479,-0.0635195821523666,-0.1589234620332718,-0.0531683936715126,-0.0862247496843338,-0.0582604631781578,-0.2181931734085083,0.0004431762208696,-0.2247236222028732,0.0425053760409355,-0.175512209534645,0.0463587753474712,-0.192589059472084,0.0500792860984802,-0.1907423585653305,0.03286037966609,-0.1735835671424865,0.0381991565227508,-0.0697540938854217,0.0694936066865921,0.0656346157193183,0.2117691785097122,0.1897095739841461,0.3595692217350006,0.1988770216703415,0.374615728855133,0.1707876026630401,0.3612282872200012,Walk-To-Chair
551,0.9991316199302672,0.9990351796150208,0.9992333650588988,0.9992002844810486,0.9982688426971436,0.9982553720474244,0.9981127977371216,0.9993443489074708,0.9977725744247437,0.999336004257202,0.9991252422332764,0.9999787211418152,0.9994245171546936,0.95528382062912,0.1160018146038055,0.8944729566574097,0.1284459382295608,0.8424660563468933,0.1317927837371826,0.8326830863952637,0.1337796002626419,0.7735005021095276,0.1428695321083068,0.999610960483551,0.9987884163856506,0.9602514505386353,0.7543490529060364,0.9815589785575868,0.8380446434020996,0.9672034978866576,0.868487536907196,0.9562198519706726,0.8319231867790222,0.2900524735450744,0.2914512753486633,0.2916725575923919,0.2916500568389892,0.2935062050819397,0.2948661148548126,0.2962171137332916,0.2980258762836456,0.3057771325111389,0.2930150032043457,0.2946611940860748,0.3022774159908294,0.3367829322814941,0.2978463470935821,0.3397256135940552,0.2881346344947815,0.3205194175243377,0.2899353802204132,0.3165183067321777,0.2893834114074707,0.3134374022483825,0.290179580450058,0.3132008612155914,0.302346259355545,0.3245155811309814,0.3081441819667816,0.3150552213191986,0.3237649202346802,0.336826354265213,0.3350158631801605,0.3451582789421081,0.295141726732254,0.3169395923614502,0.3508447110652923,0.3399558365345001,0.3400713205337524,0.3403452336788177,0.3394055664539337,0.3390772938728332,0.3387981653213501,0.3454718887805938,0.343187004327774,0.3601466417312622,0.3601265251636505,0.3962597250938415,0.3909967839717865,0.4868194162845611,0.4666692614555359,0.5511016845703125,0.5323598980903625,0.5659406185150146,0.5470607876777649,0.5650681257247925,0.5434818863868713,0.5590363144874573,0.5445610880851746,0.5334585905075073,0.5276981592178345,0.6171881556510925,0.6030911803245544,0.7015267014503479,0.6781588196754456,0.716158926486969,0.6906543970108032,0.7224422097206116,0.6928139328956604,-0.0763978064060211,-0.0971039980649948,-0.0971172079443931,-0.0971790179610252,-0.0759315639734268,-0.0759219154715538,-0.0759741365909576,-0.1623652279376983,-0.0657118260860443,-0.0965990498661995,-0.0691960379481315,-0.216254323720932,-0.0139072388410568,-0.2242610454559326,0.0302396565675735,-0.1751501113176345,0.0414757840335369,-0.1910929530858993,0.0454783104360103,-0.1899170577526092,0.0289416257292032,-0.1733551323413849,0.0337986126542091,-0.0658562108874321,0.0655981451272964,0.0711331889033317,0.1976872682571411,0.1883833855390548,0.3347795605659485,0.1976574659347534,0.3483926355838775,0.159563347697258,0.3324000239372253,Walk-To-Chair
552,0.999117910861969,0.9990256428718568,0.9992276430130004,0.9991971254348756,0.9982567429542542,0.9982389211654664,0.9980878233909608,0.9993439316749572,0.9977288842201232,0.9993243217468262,0.9991018176078796,0.99997878074646,0.9994089007377625,0.9566285610198976,0.1159904450178146,0.8981155753135681,0.1302244961261749,0.8466965556144714,0.1333616375923156,0.8373367190361023,0.1355118304491043,0.7788337469100952,0.1446218937635421,0.9996080994606018,0.9987277388572692,0.958847165107727,0.741524338722229,0.9800595641136168,0.8262558579444885,0.965886890888214,0.8611410856246948,0.9540780782699584,0.8245646357536316,0.2867876887321472,0.2885348200798034,0.2889143824577331,0.2892132103443146,0.2896928787231445,0.2910956740379333,0.2924094498157501,0.2966811060905456,0.3020815551280975,0.290193498134613,0.2912517488002777,0.3012976050376892,0.3330371677875519,0.296489804983139,0.3365670144557953,0.2854272425174713,0.3150708377361297,0.2872846126556396,0.3108204305171966,0.2877027988433838,0.3063896000385284,0.2879961133003235,0.3074899017810821,0.3025954067707062,0.3209572434425354,0.3087347149848938,0.3153504133224487,0.323828250169754,0.3307921290397644,0.3347139358520508,0.3390502631664276,0.294739156961441,0.3060188889503479,0.3514819741249084,0.3405686914920807,0.3406144380569458,0.3408176302909851,0.3400364816188812,0.3396775424480438,0.3393877744674682,0.3455976247787475,0.3433807492256164,0.3607862293720245,0.3608267903327942,0.3962225317955017,0.3909730613231659,0.4868103563785553,0.4672324359416961,0.5510385036468506,0.5338760018348694,0.5658734440803528,0.5476643443107605,0.565044641494751,0.5474811792373657,0.558976411819458,0.545187771320343,0.5342080593109131,0.5287453532218933,0.6227045655250549,0.6122846603393555,0.7035490274429321,0.6881634593009949,0.7175021767616272,0.7030927538871765,0.7226824164390564,0.7061886191368103,-0.0826602727174758,-0.1026665568351745,-0.1026831492781639,-0.1027342677116394,-0.0802433043718338,-0.0802270695567131,-0.0802658200263977,-0.1625314503908157,-0.0626338645815849,-0.1008686199784278,-0.0719572007656097,-0.2180370390415191,-0.0065564862452447,-0.2239535599946975,0.0364698693156242,-0.1734751611948013,0.0413541533052921,-0.1896030157804489,0.0453311130404472,-0.1885382831096649,0.0273850001394748,-0.1714870482683181,0.0329692065715789,-0.0661367177963256,0.0658607929944992,0.0677010267972946,0.1930828988552093,0.1839559525251388,0.3259011805057525,0.1933726072311401,0.3388639986515045,0.1530527472496032,0.3178979754447937,Walk-To-Chair
553,0.9991502165794371,0.9990670084953308,0.9992566108703612,0.9992305040359496,0.9983375072479248,0.9983136653900146,0.9981751441955566,0.99937105178833,0.9978551864624025,0.9993542432785034,0.9991424083709716,0.9999796152114868,0.9994283318519592,0.9584503173828124,0.1219402328133583,0.9006762504577637,0.1316278129816055,0.8482660055160522,0.133518561720848,0.8392400145530701,0.1355316042900085,0.780816376209259,0.145049899816513,0.999618411064148,0.9987319111824036,0.9579083919525146,0.7222865223884583,0.9790033102035522,0.8095475435256958,0.9638996124267578,0.8447485566139221,0.9544850587844848,0.8204689621925354,0.2849049568176269,0.2863616943359375,0.2866892218589782,0.286936342716217,0.2873671054840088,0.2889024913311004,0.290196418762207,0.2948169112205505,0.3001509606838226,0.2884446382522583,0.2894855141639709,0.2983810603618622,0.3321334421634674,0.293175995349884,0.3362526297569275,0.2851467430591583,0.3204120695590973,0.2869415283203125,0.3149658441543579,0.2876781225204468,0.3099263310432434,0.2875881791114807,0.3117762804031372,0.3023105561733246,0.319254606962204,0.3083380758762359,0.3123551607131958,0.3237575590610504,0.3234034180641174,0.3348543643951416,0.3332233726978302,0.2948104441165924,0.2993650734424591,0.3528253734111786,0.3417660892009735,0.3417765498161316,0.3419285118579864,0.3412535786628723,0.3408948481082916,0.3406068384647369,0.346270352602005,0.3440191447734833,0.3624508678913116,0.3624941408634186,0.3971779942512512,0.3910259008407593,0.4851445853710174,0.467453271150589,0.5510162711143494,0.5335553288459778,0.5659238696098328,0.5468326210975647,0.5652603507041931,0.5467904210090637,0.5590330958366394,0.5449001789093018,0.536270022392273,0.5303859710693359,0.6281071901321411,0.6169267296791077,0.7045237421989441,0.6921096444129944,0.718235433101654,0.707722008228302,0.722902238368988,0.7113026976585388,-0.0836692154407501,-0.103509247303009,-0.1035219579935073,-0.1035764664411544,-0.0822503715753555,-0.0822418853640556,-0.0822799131274223,-0.1615658104419708,-0.0665171518921852,-0.1010227426886558,-0.0735279694199562,-0.2170265913009643,-0.0080360136926174,-0.2183599770069122,0.0392227135598659,-0.1685614436864853,0.0616448037326335,-0.1848964393138885,0.0673898234963417,-0.184367686510086,0.0510579831898212,-0.1670601069927215,0.0544009320437908,-0.0661359578371048,0.0658689141273498,0.0811098292469978,0.1962333470582962,0.2085116654634475,0.3367672860622406,0.219341829419136,0.3504232764244079,0.1795216053724289,0.3279075622558594,Walk-To-Chair
554,0.9991153478622437,0.9990391731262208,0.9992311000823976,0.9992186427116394,0.9982948899269104,0.9982562065124512,0.998130977153778,0.99936044216156,0.9978312253952026,0.9993394017219543,0.9991085529327391,0.999980330467224,0.9994150996208192,0.9601007699966432,0.1193425357341766,0.9043411016464232,0.1278624534606933,0.8519183993339539,0.1295864284038543,0.8432545065879822,0.1314797103404998,0.784712016582489,0.1411518454551696,0.9996286034584044,0.9987281560897828,0.9571282863616944,0.7039363384246826,0.9782520532608032,0.794389009475708,0.9617452025413512,0.828700065612793,0.9552987813949584,0.818737268447876,0.2838961184024811,0.2855913043022156,0.2863258123397827,0.2866992354393005,0.2868335843086242,0.2880486845970154,0.2892020344734192,0.2945216000080108,0.2989148497581482,0.2875464558601379,0.2882725298404693,0.2978849112987518,0.3296422362327575,0.2964297235012054,0.3335475325584411,0.2868121266365051,0.3170245885848999,0.2880119681358337,0.3132630288600921,0.2883768081665039,0.3087248504161834,0.2882855832576751,0.3099055588245392,0.3026858866214752,0.3167126476764679,0.3080010116100311,0.3105986714363098,0.3237287104129791,0.3198416233062744,0.3349857628345489,0.3299745321273803,0.293810486793518,0.2940844595432281,0.3532258570194244,0.3418858349323272,0.3418958485126495,0.3420513868331909,0.3413373231887817,0.3409704864025116,0.3406806588172912,0.3463286757469177,0.3440552353858948,0.3629839718341827,0.3627582192420959,0.3980089128017425,0.39136803150177,0.4877873659133911,0.4674451649188995,0.5515957474708557,0.5333826541900635,0.5666002035140991,0.5466007590293884,0.5658606886863708,0.5473320484161377,0.5596656203269958,0.5444846749305725,0.5374670624732971,0.5308088064193726,0.6295400261878967,0.6180769801139832,0.7043949365615845,0.6922667026519775,0.7182839512825012,0.706639289855957,0.7214637994766235,0.7088983058929443,-0.1176605075597763,-0.1372119039297104,-0.1372235119342804,-0.1372869163751602,-0.1153729781508445,-0.1153685450553894,-0.1154071539640426,-0.1894045919179916,-0.0919815152883529,-0.1325715631246566,-0.1043323650956153,-0.2358768731355667,-0.0206602867692708,-0.240657165646553,0.0398208275437355,-0.2025379240512848,0.0649654269218444,-0.2226289063692093,0.0712261721491813,-0.2220564186573028,0.0536986403167247,-0.2012701034545898,0.0574307553470134,-0.0673341006040573,0.0670671984553337,0.0881797522306442,0.2132059782743454,0.2293078452348709,0.3714457750320434,0.2414292842149734,0.3868928253650665,0.1969446539878845,0.3648271262645721,Walk-To-Chair
555,0.9990824460983276,0.9990242719650269,0.9992100596427916,0.9992032647132874,0.9982887506484984,0.9982324242591858,0.9981049299240112,0.9993500709533693,0.9978600144386292,0.9993265867233276,0.999087393283844,0.9999811053276062,0.9994244575500488,0.9603525400161744,0.116834633052349,0.9054226875305176,0.1236008554697036,0.8523274064064026,0.12533500790596,0.8439772129058838,0.1270891577005386,0.7842273116111755,0.1367633491754531,0.999644935131073,0.9987571239471436,0.9564513564109802,0.6892461776733398,0.9770827889442444,0.7826921939849854,0.9592713117599488,0.8144081830978394,0.9555647373199464,0.8169950246810913,0.2836988270282745,0.2855978310108185,0.2860077619552612,0.2862831056118011,0.2865476906299591,0.2875407338142395,0.2884956002235412,0.2931353151798248,0.2975037693977356,0.2872173488140106,0.287718117237091,0.2961196601390838,0.327903151512146,0.2981410026550293,0.331695407629013,0.2878618240356445,0.3169623017311096,0.2885700464248657,0.3133795261383056,0.2882202863693237,0.3083328902721405,0.2881642282009125,0.3099753260612488,0.3017575442790985,0.3153094053268432,0.306982934474945,0.3067052066326141,0.3228511214256286,0.3155578076839447,0.3349236845970154,0.3247649371623993,0.2922714650630951,0.2882542312145233,0.3559481501579284,0.3447348773479461,0.3445817530155182,0.3445863425731659,0.3443345129489898,0.3438607156276703,0.3434877097606659,0.3479263186454773,0.3458577990531921,0.3653278350830078,0.365186482667923,0.4003467857837677,0.3935688436031341,0.4941811263561249,0.4682099521160126,0.5520588159561157,0.5324710607528687,0.566916823387146,0.5464312434196472,0.5660822987556458,0.5412967205047607,0.5599915385246277,0.5438936948776245,0.5417919754981995,0.5334169268608093,0.629516065120697,0.6173077821731567,0.7043419480323792,0.6917294859886169,0.7182481288909912,0.7050780653953552,0.7196261882781982,0.7084835171699524,-0.1134786754846572,-0.1343375295400619,-0.1343479454517364,-0.1344121843576431,-0.1126229539513588,-0.1126190647482872,-0.1126601099967956,-0.1896997094154358,-0.0929289609193801,-0.1291079521179199,-0.1010709777474403,-0.2373220175504684,-0.0207067467272281,-0.2458358108997345,0.0530418455600738,-0.2178343832492828,0.0976972132921218,-0.2392241656780243,0.1072802543640136,-0.2379117459058761,0.0904744118452072,-0.2167052328586578,0.0907915532588958,-0.0687104314565658,0.0684445351362228,0.0957551226019859,0.2313592880964279,0.2485144138336181,0.4048715233802795,0.2623617649078369,0.4221192896366119,0.2204113900661468,0.402121365070343,Walk-To-Chair
556,0.9990124702453612,0.9989675283432008,0.999163806438446,0.9991779923439026,0.998190462589264,0.9981008768081664,0.9979637265205384,0.9993345737457277,0.9977081418037416,0.9993032813072203,0.9990006685256958,0.9999820590019226,0.9993594884872437,0.9632835984230042,0.1121293976902961,0.9123290181159972,0.1192411184310913,0.8614640831947327,0.1207634881138801,0.8535804152488708,0.1224508509039878,0.7957504391670227,0.1321646571159362,0.9996522068977356,0.998705804347992,0.9557602405548096,0.6763902306556702,0.9759536981582642,0.7701584100723267,0.9570879340171814,0.8026540279388428,0.9557493925094604,0.8155231475830078,0.2811112999916076,0.2831498384475708,0.2841805517673492,0.284729540348053,0.2838919162750244,0.2847126722335815,0.2855514585971832,0.2925366163253784,0.294761598110199,0.2848649621009826,0.2847849726676941,0.2984755933284759,0.321719765663147,0.305772602558136,0.3260698914527893,0.2892042100429535,0.3113282024860382,0.2895398437976837,0.3077982366085052,0.2884292006492615,0.303317129611969,0.2884911000728607,0.3045215606689453,0.3008191883563995,0.3094255030155182,0.3051211237907409,0.3051125109195709,0.3209080696105957,0.3147534728050232,0.3340683579444885,0.3239574134349823,0.2914401888847351,0.2874398529529571,0.3558617830276489,0.3448255658149719,0.344681829214096,0.3446758389472961,0.3444819748401642,0.3440318405628204,0.3436707854270935,0.3479498028755188,0.3459103405475616,0.3652651607990265,0.3651043772697449,0.4001425206661224,0.3934829831123352,0.4934965968132019,0.4680933654308319,0.5520346760749817,0.5307103991508484,0.5668342113494873,0.5438509583473206,0.5659754276275635,0.5410942435264587,0.559968113899231,0.5409715175628662,0.541827917098999,0.5340473055839539,0.6283647418022156,0.6161409020423889,0.7043149471282959,0.6914456486701965,0.7190606594085693,0.7053197026252747,0.7192903161048889,0.7058688402175903,-0.1309242248535156,-0.1508988738059997,-0.1509219855070114,-0.1509955674409866,-0.1271110475063324,-0.1270894855260849,-0.1271174401044845,-0.2018395364284515,-0.0959449931979179,-0.1452088356018066,-0.1144672408699989,-0.2511397004127502,-0.0164915956556797,-0.2662580013275146,0.0549764409661293,-0.2433327436447143,0.0808302462100982,-0.2692626118659973,0.0870816558599472,-0.2673916220664978,0.0691238045692443,-0.2418582439422607,0.0728199109435081,-0.0720985904335975,0.0718710720539093,0.0931234061717987,0.2360587865114212,0.2504788041114807,0.4097421169281006,0.2642929255962372,0.4268035292625427,0.2176814526319503,0.4050721228122711,Walk-To-Chair
557,0.9989944100379944,0.9989596009254456,0.9991515874862672,0.9991770386695862,0.998193621635437,0.998077929019928,0.9979260563850404,0.9993335604667664,0.9976736307144164,0.999300479888916,0.9989657402038574,0.9999830722808838,0.9993343353271484,0.9656582474708556,0.1071096435189247,0.91871440410614,0.1161903738975524,0.8705068230628967,0.1175464242696762,0.8631777167320251,0.1191855296492576,0.8075182437896729,0.1287300735712051,0.9996732473373412,0.9987615346908568,0.9572218656539916,0.6821662187576294,0.976014256477356,0.7738280892372131,0.9559231400489808,0.8009983897209167,0.9573065638542176,0.8223423361778259,0.2804082334041595,0.2830323576927185,0.2837993502616882,0.2843304276466369,0.283122181892395,0.2837522625923157,0.2843584716320038,0.2914776802062988,0.2930518686771393,0.2844295799732208,0.2839395701885223,0.2982228398323059,0.3197129964828491,0.3057379126548767,0.3228472173213959,0.2891439199447632,0.306987464427948,0.2881548106670379,0.3020720183849334,0.2863949835300445,0.2977237701416015,0.2875167727470398,0.2995544075965881,0.3008760213851928,0.3052390217781067,0.3046658039093017,0.2989102602005005,0.3210379183292389,0.2994787096977234,0.3338825106620788,0.3067757487297058,0.2905920743942261,0.2662028074264526,0.355709969997406,0.3447532653808594,0.3446105122566223,0.3446186780929565,0.3444560766220093,0.3439880609512329,0.3436624109745025,0.3480077385902405,0.345955342054367,0.3651534914970398,0.3650028109550476,0.3996468484401703,0.3934045732021332,0.492102563381195,0.4667262136936188,0.5520433783531189,0.5294751524925232,0.5667812824249268,0.5427645444869995,0.5659400224685669,0.5411592125892639,0.5600231289863586,0.5401548147201538,0.5421797633171082,0.5366213321685791,0.6282938718795776,0.6164442300796509,0.7042876482009888,0.6907920837402344,0.7190171480178833,0.7045050263404846,0.7182231545448303,0.7005646824836731,-0.1167495250701904,-0.1371553689241409,-0.1371761709451675,-0.1372336745262146,-0.1139812022447586,-0.1139574274420738,-0.1139870509505271,-0.1906232684850692,-0.0871887803077697,-0.1319751143455505,-0.1020127087831497,-0.2420631349086761,-0.0130393952131271,-0.2603767514228821,0.0654990747570991,-0.2435544282197952,0.0886412113904953,-0.2689335644245147,0.0945587828755378,-0.2673230767250061,0.0753432214260101,-0.2423291653394699,0.0800321251153945,-0.0722522884607315,0.0720334872603416,0.0917822569608688,0.2383310794830322,0.2457655370235443,0.411437451839447,0.2591888904571533,0.4284974932670593,0.2135212421417236,0.4091098308563232,Walk-To-Chair
558,0.9989601373672484,0.9989383220672609,0.9991345405578612,0.9991722702980042,0.9981637001037598,0.9980225563049316,0.9978483319282532,0.9993303418159484,0.9975435137748718,0.999278962612152,0.9988885521888732,0.9999839067459106,0.9992877840995787,0.9682087898254396,0.1022543013095855,0.9245963096618652,0.1115466430783271,0.8785926699638367,0.1125004440546035,0.8717563152313232,0.1140639707446098,0.8179614543914795,0.1232280656695365,0.9996917843818665,0.9988102912902832,0.958963930606842,0.6885921359062195,0.976550042629242,0.779842734336853,0.9562153816223145,0.8021050691604614,0.9593020677566528,0.8301302194595337,0.2783522009849548,0.280522346496582,0.2818002998828888,0.2824024260044098,0.280918151140213,0.2815205752849579,0.2821361124515533,0.2895323932170868,0.2910492122173309,0.2824063599109649,0.2817845940589905,0.2971925437450409,0.3175807297229767,0.3057335615158081,0.322506844997406,0.2895994186401367,0.303902804851532,0.2884898781776428,0.2993716597557068,0.2866726815700531,0.294873297214508,0.2873008251190185,0.296724796295166,0.2987565994262695,0.3023974001407623,0.3038113713264465,0.2905445694923401,0.3210242092609405,0.2902152836322784,0.3334409892559051,0.2977610230445862,0.2889308333396911,0.2563666701316833,0.3561092615127563,0.3452777564525604,0.3451471626758575,0.3451431691646576,0.3449833989143371,0.3444977402687073,0.3441549837589264,0.3482961058616638,0.3460924923419952,0.3654715418815613,0.3653107583522796,0.3986282646656036,0.3933424949645996,0.4908384084701538,0.4662138521671295,0.5520104169845581,0.5294453501701355,0.5667479634284973,0.542677640914917,0.5659469962120056,0.5418664216995239,0.5600462555885315,0.5400974750518799,0.5422017574310303,0.5368363261222839,0.6286178231239319,0.6160553097724915,0.704054057598114,0.6901190280914307,0.7189886569976807,0.7044774293899536,0.7164493203163147,0.698140025138855,-0.1338611245155334,-0.1542926728725433,-0.1543124616146087,-0.1543713510036468,-0.1297818422317505,-0.1297545880079269,-0.1297803223133087,-0.2050838470458984,-0.0955946743488311,-0.1480443179607391,-0.1163321584463119,-0.2544522285461426,-0.0130791161209344,-0.2723378837108612,0.0579511448740959,-0.2517625689506531,0.058826059103012,-0.2782385051250458,0.0615507550537586,-0.2762535214424133,0.0405340865254402,-0.2501969933509826,0.0488864220678806,-0.0730332061648368,0.0728198438882827,0.0899656862020492,0.2461284846067428,0.2451961040496826,0.4263807833194732,0.2586763799190521,0.4440513253211975,0.2109753787517547,0.4238321781158447,Walk-To-Chair
559,0.9989575147628784,0.9989473223686218,0.9991427659988404,0.9991885423660278,0.9981741905212402,0.998013436794281,0.9978184700012208,0.9993451237678528,0.9974481463432312,0.9992886781692504,0.9988600611686708,0.9999849796295166,0.9992583394050598,0.9708728194236756,0.0965992137789726,0.9307492971420288,0.1065566539764404,0.8874225616455078,0.1072494760155677,0.8810923099517822,0.1087385937571525,0.8297817707061768,0.1176079213619232,0.9997111558914183,0.9988674521446228,0.9612979292869568,0.6979539394378662,0.9776116609573364,0.7882066369056702,0.9571557641029358,0.806063711643219,0.9618061184883118,0.8394307494163513,0.2752889990806579,0.2776521742343902,0.2784337401390075,0.2795321643352508,0.2778467237949371,0.2789517641067505,0.2798690795898437,0.2878152728080749,0.2894512116909027,0.2793388366699219,0.2789446413516998,0.2959838509559631,0.3115667998790741,0.3057170212268829,0.3183161318302154,0.2894226610660553,0.2969056665897369,0.28824383020401,0.2919438481330871,0.2858416438102722,0.2874925136566162,0.2861641645431518,0.2894594073295593,0.2966802716255188,0.2997556328773498,0.3041397035121918,0.2878261208534241,0.3228732645511627,0.2901179492473602,0.3348980844020843,0.2980339527130127,0.2894707918167114,0.2578529417514801,0.3563303053379059,0.3456639349460602,0.3454811871051788,0.345443993806839,0.3453674614429474,0.344885766506195,0.3444919288158417,0.3485263884067535,0.3465442955493927,0.3656257688999176,0.3655274212360382,0.3986136019229889,0.3932982385158539,0.4888014495372772,0.4642820656299591,0.5527322888374329,0.5269454717636108,0.5671789646148682,0.5402261018753052,0.5665043592453003,0.5412417054176331,0.5605764985084534,0.5382456183433533,0.5421773195266724,0.5370392203330994,0.6287858486175537,0.6156485080718994,0.7040119767189026,0.6896687746047974,0.7190786004066467,0.7039819955825806,0.7157402038574219,0.6969837546348572,-0.1413731873035431,-0.1619292199611663,-0.161942571401596,-0.1619961410760879,-0.1364453285932541,-0.136414423584938,-0.13643279671669,-0.2138898074626922,-0.0995908603072166,-0.1562597751617431,-0.1231737732887268,-0.2643308639526367,-0.0135182039812207,-0.2856583893299103,0.0549673065543174,-0.2679552733898163,0.0503017082810401,-0.2963669002056122,0.0528356023132801,-0.2939848601818084,0.0306265540421009,-0.2663233578205108,0.0397053435444831,-0.0748095661401748,0.0746057704091072,0.0893067494034767,0.255288302898407,0.23603455722332,0.4438003003597259,0.248769074678421,0.4619885385036468,0.2043421268463134,0.4392292499542236,Walk-To-Chair
560,0.998848795890808,0.9988420605659484,0.9990676641464232,0.999138116836548,0.9979512095451356,0.9977414608001708,0.9975166916847228,0.9993090629577636,0.9969672560691832,0.9992406368255616,0.9987020492553712,0.999985694885254,0.9991488456726074,0.9732322096824646,0.0915823951363563,0.9363297820091248,0.1022914275527,0.8954956531524658,0.1028028726577758,0.8896123170852661,0.1042763143777847,0.8406782150268555,0.1129510477185249,0.999708354473114,0.998808205127716,0.9610372185707092,0.6942832469940186,0.9770734906196594,0.7848302721977234,0.9560099244117736,0.8041197657585144,0.9625563025474548,0.8428470492362976,0.2725295424461365,0.2751776278018951,0.275869071483612,0.2770264744758606,0.2753543555736542,0.2765561938285827,0.2776010930538177,0.2860414981842041,0.2876285910606384,0.2766230702400207,0.2763084471225738,0.2956277430057525,0.3117806315422058,0.3059588074684143,0.3127279281616211,0.2896230518817901,0.2937396168708801,0.2887002229690552,0.2886547744274139,0.2852507829666137,0.2852841019630432,0.2858687937259674,0.2863735854625702,0.2942229211330414,0.299168974161148,0.3029745221138,0.2925346493721008,0.3224523663520813,0.3021789193153381,0.3332505822181701,0.3091823756694793,0.287228912115097,0.2668022215366363,0.3563422858715057,0.3457053005695343,0.3455130159854889,0.3454671204090118,0.3454118072986603,0.3449416756629944,0.3445345461368561,0.3486127555370331,0.3467636108398437,0.365637868642807,0.3655612170696258,0.3985962867736816,0.393368512392044,0.488186240196228,0.464358389377594,0.5531307458877563,0.5271843075752258,0.5679367780685425,0.5404141545295715,0.5673659443855286,0.541003406047821,0.5611927509307861,0.5385439395904541,0.5420248508453369,0.5371150374412537,0.6288917660713196,0.6171175837516785,0.7038390040397644,0.6898746490478516,0.7192500829696655,0.7049312591552734,0.7157817482948303,0.6980608701705933,-0.1382854878902435,-0.1575113236904144,-0.1575353890657425,-0.1575969457626342,-0.1320869624614715,-0.1320538967847824,-0.1320728957653045,-0.2078474313020706,-0.0944854244589805,-0.1528092324733734,-0.1198093071579933,-0.2592450678348541,-0.0129319187253713,-0.2788416743278503,0.0543955974280834,-0.2595085501670837,0.0471151247620582,-0.2882643342018127,0.0485735200345516,-0.2857550680637359,0.0263785719871521,-0.2579140067100525,0.0363661013543605,-0.0746783763170242,0.0744797810912132,0.0911053493618965,0.2448581010103225,0.2519771456718445,0.4246158003807068,0.2658571600914001,0.4420939087867737,0.2145002782344818,0.4186523854732513,Walk-To-Chair
561,0.9987474083900452,0.9987629055976868,0.9990092515945436,0.9991031289100648,0.9977739453315736,0.997530162334442,0.99729323387146,0.9992849826812744,0.9965994954109192,0.9992035627365112,0.998557448387146,0.9999861121177672,0.999034821987152,0.9753366112709044,0.086441084742546,0.9412320256233216,0.0977044627070427,0.9024989008903505,0.098366230726242,0.8969956040382385,0.099819116294384,0.8499906659126282,0.1082511991262435,0.9997028708457948,0.998751163482666,0.9612553715705872,0.6951061487197876,0.9770605564117432,0.7839076519012451,0.9554430246353148,0.8030222058296204,0.9637980461120604,0.8473799824714661,0.2701186835765838,0.2730200886726379,0.2737069725990295,0.2749083340167999,0.2732734084129333,0.2745836675167084,0.2757269144058227,0.284676730632782,0.286043107509613,0.2742924988269806,0.2740678787231445,0.2948693335056305,0.3089173138141632,0.3059653639793396,0.3096005320549011,0.2893079817295074,0.2919647097587585,0.2886403203010559,0.2873760163784027,0.2842356562614441,0.2832653224468231,0.2854694128036499,0.2847772240638733,0.2922550439834595,0.2967523038387298,0.3011362850666046,0.2915794253349304,0.322413831949234,0.3005478382110595,0.3335190415382385,0.312805026769638,0.2875262498855591,0.2678896188735962,0.3562860488891601,0.3457338213920593,0.3455552756786346,0.3455195128917694,0.3454529643058777,0.3450255095958709,0.3446410298347473,0.348825067281723,0.3471965491771698,0.3656064867973327,0.3655490279197693,0.3985418975353241,0.3929674327373504,0.4874044358730316,0.4642711877822876,0.5530927777290344,0.5197259783744812,0.5679042339324951,0.5313551425933838,0.5673385858535767,0.532849907875061,0.5611653923988342,0.5294090509414673,0.5421647429466248,0.5372974872589111,0.628881573677063,0.6170972585678101,0.7037771940231323,0.6895603537559509,0.7195823788642883,0.7046152949333191,0.7161394953727722,0.698467493057251,-0.1420617997646331,-0.1609256267547607,-0.1609494239091873,-0.1610127389430999,-0.1351242214441299,-0.135095864534378,-0.1351089179515838,-0.2090801447629928,-0.0938158184289932,-0.155912771821022,-0.1224459260702133,-0.2587496042251587,-0.0113239930942654,-0.2802101075649261,0.0569093413650989,-0.2631440460681915,0.0511008314788341,-0.2925738096237182,0.0503362007439136,-0.2895818948745727,0.0300120711326599,-0.2614781558513641,0.0381709672510623,-0.0748670697212219,0.0746798142790794,0.0891343727707862,0.2401046007871627,0.2463220804929733,0.4159040451049804,0.2597710490226745,0.4328990578651428,0.2065997570753097,0.4083549976348877,Walk-To-Chair
562,0.9986931085586548,0.998716115951538,0.9989770650863647,0.999091863632202,0.9976433515548706,0.9973609447479248,0.9971429705619812,0.9992728233337402,0.9963255524635316,0.9991858005523682,0.9984802007675172,0.9999865889549256,0.998915433883667,0.9772347211837769,0.0827701389789581,0.9458385109901428,0.0945615619421005,0.9092156887054444,0.0951667502522468,0.9040697813034058,0.0966352373361587,0.8591394424438477,0.1049375012516975,0.9996867179870604,0.9986267685890198,0.9594037532806396,0.689386248588562,0.9760225415229796,0.7748468518257141,0.9540308117866516,0.7977877855300903,0.9640583395957948,0.8476731181144714,0.2690268158912658,0.2723245620727539,0.2731337547302246,0.2741386294364929,0.2724992632865906,0.2735722362995147,0.2746404707431793,0.2841870784759521,0.2850504219532013,0.2732216417789459,0.2728928923606872,0.294197142124176,0.3088976740837097,0.3045666515827179,0.3069220185279846,0.2884238660335541,0.2880374193191528,0.2876722514629364,0.2833766341209411,0.2833939492702484,0.2791107296943664,0.2839498817920685,0.2808259129524231,0.2895938456058502,0.2958873510360718,0.2959692776203155,0.2942985892295837,0.3165784180164337,0.30382239818573,0.3283595442771911,0.3153123259544372,0.2832212448120117,0.2727846503257751,0.3555695712566376,0.3451862037181854,0.3450302183628082,0.3449805378913879,0.3450237810611725,0.3447069823741913,0.3443974554538727,0.3486869037151336,0.3471456170082092,0.3652095198631286,0.3651648759841919,0.3973675072193146,0.392511785030365,0.486333429813385,0.4643055200576782,0.5527966618537903,0.5194632411003113,0.5678754448890686,0.5312367677688599,0.5673308968544006,0.5320138335227966,0.5612079501152039,0.529380202293396,0.5421297550201416,0.5375363826751709,0.6292334198951721,0.6176615357398987,0.7037277221679688,0.6903883814811707,0.7194381356239319,0.7046131491661072,0.7157401442527771,0.7004352807998657,-0.1349403858184814,-0.1534181535243988,-0.1534422934055328,-0.1535005122423172,-0.1282756775617599,-0.1282482147216797,-0.1282654553651809,-0.2054300755262375,-0.0888141095638275,-0.1486937701702118,-0.1161248534917831,-0.256360113620758,-0.0014333967119455,-0.2730092406272888,0.0612754635512828,-0.2541187703609466,0.0557333901524543,-0.2828145921230316,0.0532520301640033,-0.28006711602211,0.0304698012769222,-0.2525189518928528,0.0428935922682285,-0.0746717229485511,0.0744812041521072,0.0940240174531936,0.2381956279277801,0.2564689517021179,0.4116560518741607,0.2704766392707824,0.4287356734275818,0.2162052392959594,0.4042097926139831,Walk-To-Chair
563,0.9986582398414612,0.9986914992332458,0.998964548110962,0.9990897178649902,0.997567892074585,0.9972550868988036,0.9970183968544006,0.9992791414260864,0.9961009621620178,0.9991832971572876,0.9984278678894044,0.999987244606018,0.9988572001457214,0.9791296124458312,0.0792649760842323,0.9503160119056702,0.0926754623651504,0.9160219430923462,0.0933272242546081,0.9112350344657898,0.0948813036084175,0.8687261939048767,0.1031489893794059,0.9996811151504515,0.998572826385498,0.9607003331184388,0.6947367191314697,0.9766868948936462,0.7781559228897095,0.9552225470542908,0.8001418113708496,0.9656792283058168,0.8529993295669556,0.2679966390132904,0.271708071231842,0.2725300192832947,0.2734350562095642,0.2718343734741211,0.2727676928043365,0.2737009525299072,0.2836062014102936,0.283556193113327,0.2720584571361542,0.2716206014156341,0.2929125726222992,0.3048696517944336,0.3041619658470154,0.3039143681526184,0.2879779934883117,0.2838376462459564,0.2873439788818359,0.2791238129138946,0.2831766009330749,0.2749446630477905,0.2833679914474487,0.2768568098545074,0.2882115542888641,0.2917131185531616,0.296130895614624,0.290945827960968,0.3161800503730774,0.3024924397468567,0.3260317146778106,0.3104608058929443,0.2820855677127838,0.2656712234020233,0.3553080558776855,0.344960480928421,0.3448448181152344,0.34482541680336,0.344799667596817,0.3445371687412262,0.3442799150943756,0.3486749231815338,0.3471245467662811,0.3651125133037567,0.3650154173374176,0.3962379395961761,0.3916168808937073,0.4841618239879608,0.4617154896259308,0.5515620112419128,0.5163262486457825,0.5672811269760132,0.5283543467521667,0.5670035481452942,0.5295915007591248,0.5609051585197449,0.5261460542678833,0.5417903661727905,0.5375168919563293,0.6283487677574158,0.6174587607383728,0.703465461730957,0.6902214884757996,0.7192172408103943,0.705308735370636,0.7158216238021851,0.7003223896026611,-0.1395824402570724,-0.1578370779752731,-0.1578641086816787,-0.157919093966484,-0.1321161985397339,-0.1320861577987671,-0.132100373506546,-0.2039506137371063,-0.088354580104351,-0.152084931731224,-0.1187908500432968,-0.2539983093738556,0.0009396378882229,-0.2743332982063293,0.0649724453687667,-0.2579666972160339,0.0589076690375804,-0.286666601896286,0.0579537563025951,-0.2845703661441803,0.031270794570446,-0.256352037191391,0.0458308942615985,-0.0747653022408485,0.0745895951986312,0.0822454541921615,0.2320359647274017,0.2387712895870208,0.4021571576595306,0.2516009509563446,0.4182080626487732,0.1931077539920807,0.3898642361164093,Walk-To-Chair
564,0.9986684918403624,0.9987032413482666,0.9989792108535768,0.9991103410720824,0.9975571036338806,0.9972338080406188,0.9970052242279052,0.9992979764938354,0.9960373640060424,0.9991982579231262,0.9984219670295716,0.9999877214431764,0.998801052570343,0.9808006286621094,0.076014444231987,0.9542191624641418,0.0903287827968597,0.9219417572021484,0.0913312807679176,0.9174838066101074,0.0929087772965431,0.8770807385444641,0.1009323671460151,0.9996716380119324,0.9985132813453674,0.9617501497268676,0.700410783290863,0.9775066375732422,0.7831054329872131,0.9565690159797668,0.8030425310134888,0.967419981956482,0.8592027425765991,0.2667950391769409,0.2705641090869903,0.2713377773761749,0.2721300721168518,0.2707342505455017,0.2716431021690368,0.2725444138050079,0.282238632440567,0.2821094393730163,0.2706626653671264,0.2703778147697449,0.2916540801525116,0.3019502162933349,0.3023719489574432,0.3012260794639587,0.2861971259117126,0.2812298834323883,0.2865566313266754,0.2767994403839111,0.2826696038246155,0.2724229097366333,0.2824608981609344,0.2742315232753753,0.2880997061729431,0.2930300831794739,0.2958660125732422,0.2920987010002136,0.3149314224720001,0.3009237349033355,0.3245989084243774,0.3110059201717376,0.2829421162605285,0.2699452042579651,0.3531751334667206,0.3434212803840637,0.3433921039104461,0.3434047698974609,0.3432401716709137,0.3430910408496856,0.3429047465324402,0.3478484153747558,0.3464682996273041,0.3635334968566894,0.3633978068828583,0.3939376473426819,0.3911688923835754,0.4804741442203522,0.4548855721950531,0.5494406819343567,0.5044945478439331,0.5653600096702576,0.5152828097343445,0.5656430721282959,0.5164784789085388,0.5590622425079346,0.5133330821990967,0.5366884469985962,0.5323926210403442,0.6270755529403687,0.6167119741439819,0.702949583530426,0.689914882183075,0.7179296016693115,0.7049320936203003,0.7158958315849304,0.7010583281517029,-0.1349393427371978,-0.1548806875944137,-0.1549061834812164,-0.1549762785434723,-0.1297771036624908,-0.1297452002763748,-0.1297686398029327,-0.1955391466617584,-0.0818712040781974,-0.149595707654953,-0.1170019954442977,-0.2430388182401657,0.0056338496506214,-0.2653165161609649,0.0691919475793838,-0.2552844285964966,0.067563273012638,-0.282414972782135,0.0700096040964126,-0.2796663045883178,0.0459324903786182,-0.253472626209259,0.0561593174934387,-0.0737713128328323,0.0736229643225669,0.065795287489891,0.2068080604076385,0.1994182169437408,0.3567236065864563,0.2099410593509674,0.3705894947052002,0.1523860841989517,0.3420355916023254,Walk-To-Chair
565,0.998653531074524,0.9986962080001832,0.9989808201789856,0.9991191625595092,0.9975138306617736,0.9971713423728944,0.9969359636306764,0.9993118047714232,0.9959297776222228,0.9992082118988036,0.9983938336372375,0.9999880790710448,0.9987471103668212,0.9822264313697816,0.0720944851636886,0.9576555490493774,0.0892257839441299,0.9271555542945862,0.0910421833395958,0.9229689836502076,0.092628426849842,0.88437819480896,0.1004818156361579,0.999661922454834,0.9984773993492126,0.9624729752540588,0.706378161907196,0.9782708883285522,0.7881414890289307,0.9580335021018982,0.8065134882926941,0.9690037965774536,0.8651606440544128,0.264186143875122,0.2681441307067871,0.2689731419086456,0.2698705792427063,0.2683955132961273,0.269386887550354,0.2704408168792724,0.2802920937538147,0.2800083756446838,0.2677432298660278,0.2674711048603058,0.2896381318569183,0.2960461676120758,0.3015895187854767,0.2927697896957397,0.2861712872982025,0.2734958827495575,0.2866064012050628,0.2688711285591125,0.2825235724449157,0.2653515338897705,0.2822898626327514,0.2673380970954895,0.2868207991123199,0.2891547977924347,0.2961154580116272,0.2885437905788421,0.3154344260692596,0.2964379489421844,0.3247386813163757,0.3072036802768707,0.2839099168777466,0.2646383643150329,0.3524102866649627,0.3427999913692474,0.3427817523479461,0.342780590057373,0.3426553308963775,0.3425392806529999,0.3423591554164886,0.3473012745380401,0.3460474908351898,0.3627781569957733,0.362698346376419,0.392201155424118,0.3904168307781219,0.4777482450008392,0.4541464149951935,0.548851728439331,0.501889705657959,0.5648834705352783,0.5129407048225403,0.5651346445083618,0.5138633251190186,0.5586292147636414,0.5106346607208252,0.535804808139801,0.5319453477859497,0.6265536546707153,0.6166098713874817,0.7022174000740051,0.6897782683372498,0.7163639664649963,0.7043564915657043,0.7159308791160583,0.7010512948036194,-0.1348291784524917,-0.1514196991920471,-0.1514576971530914,-0.1515107899904251,-0.1258602887392044,-0.1258345693349838,-0.1258501261472702,-0.1865910589694976,-0.0736100226640701,-0.1447131931781768,-0.1116949692368507,-0.2314652949571609,0.0148256290704011,-0.2553756237030029,0.0817116945981979,-0.2511749863624573,0.0807230398058891,-0.2796291410923004,0.0839529186487197,-0.2790261507034302,0.0610579140484333,-0.2501607537269592,0.0700118094682693,-0.0731838271021843,0.0730726569890976,0.0555521249771118,0.2018619030714035,0.1842021048069,0.3500704765319824,0.1941003501415252,0.363747775554657,0.1361077427864074,0.3358678817749023,Walk-To-Chair
566,0.9982104897499084,0.9982001781463624,0.9986507892608644,0.99886292219162,0.9964724779129028,0.9959561228752136,0.9955874085426332,0.9991534948349,0.993727445602417,0.99898362159729,0.9976948499679564,0.999987542629242,0.9985682368278505,0.9834454655647278,0.0687451511621475,0.9605512022972108,0.0907062515616417,0.9316664934158324,0.0937652587890625,0.9277055859565736,0.0956756919622421,0.890723705291748,0.1034156456589698,0.9996007680892944,0.998265504837036,0.962418019771576,0.7040771842002869,0.978709876537323,0.7904859781265259,0.9584497213363647,0.8088196516036987,0.9700263738632202,0.8691193461418152,0.2638196945190429,0.2677213549613952,0.2687165737152099,0.2696496248245239,0.2677169442176819,0.2685377895832062,0.2692936956882477,0.2797851264476776,0.2784237861633301,0.2676346004009247,0.2668152749538421,0.2915882766246795,0.2864119708538055,0.3016282916069031,0.2842835783958435,0.2860850989818573,0.270086795091629,0.2866460680961609,0.266078382730484,0.2815316319465637,0.2632417678833008,0.2811755537986755,0.2653010487556457,0.2878909707069397,0.2826506495475769,0.2963197231292724,0.2844973504543304,0.3155365288257599,0.2972342669963836,0.3255764544010162,0.3061746060848236,0.2840086817741394,0.2625080943107605,0.3501881957054138,0.3407967388629913,0.340849906206131,0.3409249186515808,0.3407362997531891,0.3407145142555237,0.3406155407428741,0.3460718691349029,0.3446515798568725,0.3608836531639099,0.3608271181583404,0.3903732001781463,0.3901582956314087,0.4757793843746185,0.4536180198192596,0.5472725629806519,0.501521646976471,0.5639442801475525,0.5139107704162598,0.5642975568771362,0.51419597864151,0.5577557682991028,0.5103395581245422,0.5327574014663696,0.5307122468948364,0.6229302287101746,0.6149274110794067,0.7017475366592407,0.689501941204071,0.7159268856048584,0.7042627334594727,0.7167298197746277,0.7010588049888611,-0.1369504928588867,-0.1540515720844268,-0.1540886014699936,-0.1541407108306884,-0.1286613941192627,-0.1286399066448211,-0.1286648213863372,-0.187089055776596,-0.0754270106554031,-0.1461772471666336,-0.1132036596536636,-0.2328897416591644,0.0143540846183896,-0.2568176090717315,0.0797345116734504,-0.2554356455802917,0.0790354162454605,-0.282174676656723,0.0799575448036193,-0.2825484871864319,0.0534143932163715,-0.2544088959693908,0.0659126415848732,-0.0731675773859024,0.073052778840065,0.021111300215125,0.1800412237644195,0.1286691725254058,0.3062576651573181,0.1358351558446884,0.3170092701911926,0.0722619146108627,0.2858162522315979,Walk-To-Chair
567,0.9979739189147948,0.9979519844055176,0.9984833598136902,0.9987421035766602,0.9959344267845154,0.9952881932258606,0.9948105812072754,0.9990811347961426,0.9924271106719972,0.998882532119751,0.9972987174987792,0.9999876022338868,0.9984691143035888,0.9846771955490112,0.0665784031152725,0.9635360836982728,0.0934589505195617,0.9363884329795836,0.097417764365673,0.9326769113540648,0.0996729955077171,0.8975235819816589,0.1075359731912612,0.9995733499526978,0.9981597661972046,0.9625186324119568,0.7063990235328674,0.9788885116577148,0.7925407886505127,0.958469808101654,0.8100720643997192,0.9707036018371582,0.8722004890441895,0.2622285485267639,0.2662689983844757,0.2674044966697693,0.2684475481510162,0.2659013867378235,0.2665926218032837,0.2672034204006195,0.2790018916130066,0.2762863636016845,0.2663658261299133,0.2650345861911773,0.2919664680957794,0.2832540571689605,0.3031967282295227,0.2808902859687805,0.2862569391727447,0.2675446569919586,0.2862302958965301,0.2636608779430389,0.2807854413986206,0.2612811028957367,0.280635267496109,0.2633933126926422,0.287765622138977,0.2796353101730346,0.2961433827877044,0.2764108777046203,0.3157611489295959,0.2913532853126526,0.325733870267868,0.3000097572803497,0.2865573763847351,0.2584371268749237,0.3485077619552612,0.339051216840744,0.3391385078430176,0.3392337262630462,0.3390097320079803,0.3390365839004516,0.3389720320701599,0.3445940911769867,0.3431015908718109,0.3594881594181061,0.3593869507312774,0.3879759609699249,0.3898941874504089,0.4743156433105469,0.4535016119480133,0.546266496181488,0.5021529793739319,0.5626327991485596,0.5151922702789307,0.5623456239700317,0.5152519941329956,0.5561796426773071,0.5110878348350525,0.5326439142227173,0.5294502377510071,0.6222038269042969,0.6126819849014282,0.7013205885887146,0.6853263974189758,0.7149989604949951,0.7006856203079224,0.7174806594848633,0.7003252506256104,-0.1489524394273758,-0.1663644611835479,-0.1664013713598251,-0.1664606034755706,-0.1407748162746429,-0.1407563984394073,-0.1407790035009384,-0.1995275467634201,-0.0841307267546653,-0.1574406921863556,-0.1240849867463111,-0.2364342659711837,0.0121420230716466,-0.265056312084198,0.0783564820885658,-0.260943204164505,0.0753456279635429,-0.2879366278648376,0.0772588104009628,-0.2884579300880432,0.0528001859784126,-0.2597027420997619,0.0637276619672775,-0.0729938745498657,0.0729165524244308,0.0247991979122161,0.1890953779220581,0.1387105137109756,0.3307457268238067,0.1465228199958801,0.3432796597480774,0.0821967869997024,0.3123987913131714,Walk-To-Chair
568,0.9977396130561828,0.9977083206176758,0.9983233213424684,0.9986332654953004,0.9953483939170836,0.9945427775382996,0.9939776062965392,0.99901682138443,0.9910869598388672,0.9988028407096864,0.9969529509544371,0.9999880790710448,0.998291790485382,0.9858620166778564,0.0628229156136512,0.9664210081100464,0.0920274928212165,0.940991222858429,0.0971839278936386,0.9375045299530028,0.0996698066592216,0.9042603969573976,0.1076981499791145,0.9995465874671936,0.9980119466781616,0.9607437252998352,0.6946019530296326,0.9783005118370056,0.7843929529190063,0.9576759338378906,0.8063902854919434,0.970711588859558,0.8714714646339417,0.260606586933136,0.2649309039115906,0.2659374475479126,0.2670747339725494,0.2645543813705444,0.2652536928653717,0.2658957839012146,0.2773694694042206,0.274930477142334,0.2643958628177643,0.2631845772266388,0.2923148572444916,0.2858550250530243,0.3033545911312103,0.2829505205154419,0.2858276665210724,0.2677172124385834,0.2858903706073761,0.2637075781822204,0.279571920633316,0.2613185048103332,0.2791179120540619,0.2633170485496521,0.286435604095459,0.2812709212303161,0.293623685836792,0.2802135348320007,0.3130820393562317,0.2947584390640259,0.3259372115135193,0.3027487695217132,0.2840940356254577,0.2603950202465057,0.3458567261695862,0.3370484411716461,0.3371538519859314,0.3372837007045746,0.3369863331317901,0.3370170295238495,0.3369650542736053,0.3429015576839447,0.3414897918701172,0.3569956719875335,0.3568756282329559,0.3860083520412445,0.3891905844211578,0.4712091386318207,0.4538223147392273,0.5433012843132019,0.5003175139427185,0.5608504414558411,0.5133192539215088,0.5602036714553833,0.5138121843338013,0.5541441440582275,0.5096980929374695,0.5315070748329163,0.5278378129005432,0.6216545701026917,0.6115581393241882,0.7012483477592468,0.686915934085846,0.7148094773292542,0.7010575532913208,0.7174515128135681,0.7015068531036377,-0.1460587829351425,-0.1601710021495819,-0.1602242887020111,-0.1602794229984283,-0.1339257657527923,-0.1338953524827957,-0.1339081674814224,-0.1884869039058685,-0.0732232704758644,-0.1498128771781921,-0.1159602999687194,-0.2301256358623504,0.020355224609375,-0.2640686333179474,0.0943605750799179,-0.260052889585495,0.0895842239260673,-0.2877932786941528,0.0918093249201774,-0.2874290943145752,0.0675330236554145,-0.2586439847946167,0.0782964527606964,-0.0730588808655738,0.0729889422655105,0.0375873334705829,0.1883929073810577,0.1578399837017059,0.3267233967781067,0.1666377186775207,0.3391269445419311,0.1024699583649635,0.3069489896297455,Turn-Second
569,0.9978289008140564,0.9977895617485046,0.9983847141265868,0.9986897706985474,0.9955151081085204,0.99472576379776,0.994172751903534,0.9990548491477966,0.9912709593772888,0.9988503456115724,0.9970365166664124,0.9999882578849792,0.9982061386108398,0.9868679642677308,0.0601716563105583,0.968677282333374,0.0913005545735359,0.9443435072898864,0.0972211137413978,0.9410199522972108,0.0999159440398216,0.9090754389762878,0.1078996732831001,0.9995259642601012,0.997921586036682,0.9603441953659058,0.6922845840454102,0.9785860776901244,0.7843627333641052,0.9583044052124025,0.806624710559845,0.9715750217437744,0.8745139837265015,0.2587306201457977,0.2635100483894348,0.264826238155365,0.2661041617393493,0.2626550793647766,0.2632630467414856,0.2638259828090668,0.2764014303684234,0.2729021310806274,0.2623442709445953,0.2606716752052307,0.2919415831565857,0.2805557548999786,0.3020688891410827,0.2780354619026184,0.285229742527008,0.2645843923091888,0.2851659953594208,0.2606019675731659,0.2792351841926574,0.2588330507278442,0.2786318361759186,0.2608800232410431,0.2849852442741394,0.2781803607940674,0.2924437522888183,0.2828416228294372,0.3123993873596191,0.2965864837169647,0.3246092796325683,0.3040281534194946,0.2834973931312561,0.2615409195423126,0.3435956537723541,0.3355747759342193,0.3357634544372558,0.3359805345535278,0.3352863490581512,0.335258275270462,0.3351811170578003,0.3419875502586365,0.340565949678421,0.3548644185066223,0.3548010289669037,0.3850939571857452,0.3884892761707306,0.466443806886673,0.4538828730583191,0.5416494011878967,0.5016670823097229,0.559034526348114,0.5149224400520325,0.5579224824905396,0.5154786705970764,0.5519600510597229,0.5113983750343323,0.5301123857498169,0.5257520079612732,0.6206703186035156,0.6106773614883423,0.701155424118042,0.6865206360816956,0.714586615562439,0.7006929516792297,0.7177335023880005,0.701488733291626,-0.13514144718647,-0.1482764929533004,-0.148316204547882,-0.1483619213104248,-0.1228105574846267,-0.1227768063545227,-0.1227816790342331,-0.1771090775728225,-0.064171016216278,-0.140266865491867,-0.1073218807578086,-0.220171183347702,0.0240654237568378,-0.2528826892375946,0.0861604437232017,-0.2478456944227218,0.0594744980335235,-0.2736930549144745,0.0577443912625312,-0.2738107442855835,0.0338793061673641,-0.2463031560182571,0.0475633479654789,-0.0725587382912635,0.0724979192018508,0.0222062170505523,0.1812871396541595,0.1207800507545471,0.3110318779945373,0.1269717812538147,0.3222607970237732,0.059511799365282,0.2907357215881347,Turn-Second
570,0.9978398084640504,0.9977847337722778,0.998387336730957,0.9986986517906188,0.9954842925071716,0.994665265083313,0.9940600395202636,0.9990575313568116,0.990916073322296,0.9988643527030944,0.9969890713691713,0.9999883770942688,0.998081624507904,0.9877097010612488,0.0576358661055564,0.9706299901008606,0.0913699120283126,0.9473311305046082,0.0985565856099128,0.9441705942153932,0.1015459448099136,0.913454532623291,0.1096747368574142,0.9995145201683044,0.9978445172309875,0.958640158176422,0.6860991716384888,0.9786778092384338,0.7837614417076111,0.9583837985992432,0.8058668971061707,0.9722972512245178,0.8769159913063049,0.258200466632843,0.2632163166999817,0.2645342946052551,0.265827476978302,0.2621162533760071,0.2625783085823059,0.2630528211593628,0.2759211957454681,0.2719561457633972,0.2617981135845184,0.2597568035125732,0.2921279072761535,0.2773872315883636,0.3017663657665252,0.2736315131187439,0.2853524684906006,0.2621891796588897,0.2852173149585724,0.2587030529975891,0.2795177102088928,0.2572835087776184,0.2789634764194488,0.2590870261192322,0.2854649126529693,0.275992751121521,0.2926033437252044,0.28351691365242,0.3125056624412536,0.2969177067279815,0.3256578743457794,0.3050201535224914,0.2841799855232239,0.2621349692344665,0.3418735265731811,0.3345042169094085,0.3347665667533874,0.3350792527198791,0.3340131938457489,0.3339010775089264,0.3337751924991607,0.3414998054504394,0.3397940993309021,0.3535602688789367,0.3529232144355774,0.3850285112857818,0.3885124921798706,0.4650521576404571,0.4524514079093933,0.5409964919090271,0.4970329701900482,0.5584209561347961,0.5096246600151062,0.5571374297142029,0.5095158219337463,0.5510591268539429,0.5055345296859741,0.5295279622077942,0.524539053440094,0.6201539635658264,0.6105820536613464,0.7011526823043823,0.6863269209861755,0.7146114706993103,0.7004556059837341,0.7194036841392517,0.7024410963058472,-0.1340230107307434,-0.1466712951660156,-0.1467145234346389,-0.1467662155628204,-0.1214678883552551,-0.1214316859841346,-0.1214356273412704,-0.17571622133255,-0.0633912906050682,-0.1391394883394241,-0.1064803972840309,-0.2186698615550995,0.0249191373586654,-0.2518481016159057,0.0916405171155929,-0.2464367151260376,0.0736084505915641,-0.2720900177955627,0.0730820745229721,-0.272946149110794,0.0498107001185417,-0.2452108412981033,0.0622459053993225,-0.0725870579481124,0.0725336372852325,0.0155274299904704,0.1829331666231155,0.1130321621894836,0.3178912699222564,0.1191252842545509,0.3295263648033142,0.0494429990649223,0.2960638403892517,Turn-Second
571,0.9978876709938048,0.9978158473968506,0.9984171390533448,0.998727023601532,0.9955549836158752,0.994748055934906,0.9941194653511048,0.9990808963775636,0.990882933139801,0.9988877773284912,0.9969958662986756,0.9999884963035583,0.997956395149231,0.988613784313202,0.0557782128453254,0.9726729393005372,0.0933316498994827,0.9504942297935486,0.1014496311545372,0.9475080966949464,0.1047600135207176,0.9182637333869934,0.1125417649745941,0.9995049238204956,0.9977806210517884,0.95918208360672,0.6859987378120422,0.9792726635932922,0.7879626750946045,0.9593279361724854,0.8090800642967224,0.973252534866333,0.8810532093048096,0.2575470507144928,0.2625689804553985,0.2639043629169464,0.2652927339076996,0.2612736821174621,0.2616446316242218,0.2620525658130646,0.2753367125988006,0.270715981721878,0.2614177465438843,0.2592226564884186,0.2916357219219208,0.2763715088367462,0.3015746772289276,0.2736863493919372,0.2862397730350494,0.2625903785228729,0.2863585352897644,0.2586964964866638,0.2800897359848022,0.2567720413208008,0.2790159583091736,0.2588621973991394,0.2850300371646881,0.2754891812801361,0.2921820282936096,0.2802435755729675,0.3127153813838959,0.2968335151672363,0.3259928524494171,0.3054927289485931,0.2850301861763,0.2623152136802673,0.3399239480495453,0.3328500390052795,0.3330849111080169,0.3333554565906524,0.3324127197265625,0.3323345184326172,0.3322463035583496,0.3398248851299286,0.3382368683815002,0.3519672453403473,0.3510439991950989,0.3827723860740661,0.3885309100151062,0.4620848298072815,0.4527531564235687,0.5397465825080872,0.4982870519161224,0.5574014186859131,0.5111134648323059,0.5563147664070129,0.5111016035079956,0.5504140257835388,0.5070309042930603,0.5282840728759766,0.5240481495857239,0.6190595030784607,0.6102372407913208,0.700993001461029,0.6854722499847412,0.714347243309021,0.6999472975730896,0.7197659015655518,0.7017197012901306,-0.1276566237211227,-0.1413337141275406,-0.1413778364658355,-0.1414292752742767,-0.1167615503072738,-0.116728164255619,-0.1167363747954368,-0.1711925864219665,-0.0611469820141792,-0.1343156397342682,-0.1024555414915084,-0.2166388779878616,0.0272115767002105,-0.2466008961200714,0.0882499665021896,-0.2391977310180664,0.0641271024942398,-0.2640273869037628,0.0628939568996429,-0.2652468681335449,0.0385803878307342,-0.2380375415086746,0.0519990213215351,-0.0722908899188041,0.0722463354468345,0.0139669356867671,0.1755784898996353,0.1102065593004226,0.3011750280857086,0.116090677678585,0.3116473257541656,0.0497865602374076,0.2796404361724853,Turn-Second
572,0.99787575006485,0.9978021383285522,0.9984158277511596,0.9987277388572692,0.995477855205536,0.9946547746658324,0.9939519166946412,0.999083936214447,0.9905531406402588,0.9988730549812316,0.9968793988227844,0.999988317489624,0.9977557063102722,0.989346444606781,0.0535066165030002,0.974289894104004,0.0938862711191177,0.952974259853363,0.1038716211915016,0.9501705765724182,0.1075145751237869,0.922147572040558,0.114966295659542,0.9994783401489258,0.9976508021354676,0.957926869392395,0.6782429814338684,0.9792505502700806,0.7872650623321533,0.9600132703781128,0.8090453147888184,0.9736607670783995,0.8823631405830383,0.2567871809005737,0.2615368366241455,0.262932538986206,0.2644456028938293,0.2599984407424927,0.2602849900722503,0.2606065273284912,0.2747014164924621,0.2691145539283752,0.2609890699386596,0.2586307525634765,0.291753888130188,0.2749300003051758,0.3009834587574005,0.2727516293525696,0.2879332900047302,0.2621407210826874,0.2878994047641754,0.2589469850063324,0.2813926041126251,0.2566115856170654,0.2805970013141632,0.2583107352256775,0.2849549353122711,0.2768791019916534,0.2912679016590118,0.2816080451011657,0.3129917681217193,0.2973840534687042,0.3261997997760772,0.3061074614524841,0.2854907512664795,0.2635601758956909,0.3402226865291595,0.3329952955245971,0.3332133293151855,0.3334393501281738,0.3324786424636841,0.3323408961296081,0.3321861922740936,0.3393507599830627,0.3377885520458221,0.3522427380084991,0.351287305355072,0.3831253349781036,0.3879194259643554,0.4632245600223541,0.4502541124820709,0.540098249912262,0.4840232729911804,0.5576685070991516,0.4937739074230194,0.5566806793212891,0.4919731020927429,0.5507400035858154,0.4890216588973999,0.5276315212249756,0.5233595967292786,0.6188320517539978,0.6099744439125061,0.7005617022514343,0.6854876279830933,0.7138572335243225,0.6999636292457581,0.7204672694206238,0.7017012238502502,-0.1257336586713791,-0.1395926177501678,-0.1396351307630539,-0.1396873295307159,-0.1155274659395217,-0.1154947131872177,-0.1154996305704116,-0.1677211672067642,-0.0601653642952442,-0.1323714852333068,-0.1012104004621505,-0.2112513482570648,0.0291118361055851,-0.2410066425800323,0.100739873945713,-0.2349224388599395,0.0923804566264152,-0.2591795325279236,0.0946872010827064,-0.2608076930046081,0.0723468586802482,-0.2340024411678314,0.081794373691082,-0.0722846761345863,0.0722418874502182,0.0138539550825953,0.1665755808353424,0.1132817640900611,0.2848160862922668,0.1200370788574218,0.2947172522544861,0.0575478374958038,0.2612924873828888,Turn-Second
573,0.9977573156356812,0.9976319670677184,0.9983058571815492,0.9986461997032166,0.9950441122055054,0.994090974330902,0.9931669235229492,0.9990224838256836,0.9888665676116944,0.9987921714782716,0.996523916721344,0.9999880194664,0.9974285364151,0.990082323551178,0.0516199506819248,0.975964903831482,0.0974140092730522,0.9556726813316344,0.1099890172481536,0.9530693888664246,0.1141231656074523,0.9264902472496032,0.1209699884057045,0.9994598627090454,0.9975020885467528,0.9564523100852966,0.6728289127349854,0.9790891408920288,0.7891069650650024,0.9593703150749208,0.8099815845489502,0.9738559722900392,0.8842926621437073,0.257280170917511,0.2620525062084198,0.2635174095630646,0.2650525867938995,0.2601404190063476,0.260178804397583,0.2602199912071228,0.2752128541469574,0.2678805291652679,0.2615745663642883,0.2587366104125976,0.2917693555355072,0.2732177376747131,0.3010782599449157,0.2705833315849304,0.2902294099330902,0.2610114514827728,0.290726751089096,0.2583704590797424,0.2835415005683899,0.2558046579360962,0.2830245792865753,0.2573545575141907,0.2849507629871368,0.2747347354888916,0.2908503413200378,0.2808391451835632,0.3131604790687561,0.2971791625022888,0.3263466358184814,0.3065113723278045,0.2861049771308899,0.2621180117130279,0.3406429588794708,0.3332147896289825,0.3334151804447174,0.333610862493515,0.3326765298843384,0.3325192630290985,0.3323410749435425,0.3393090963363647,0.3376970887184143,0.3523696064949035,0.3513745665550232,0.3828130066394806,0.3876893818378448,0.4629838764667511,0.4479808807373047,0.539417028427124,0.4741711616516113,0.5573281645774841,0.4827367067337036,0.556529700756073,0.4801463782787323,0.5504440665245056,0.4778566360473633,0.5265100002288818,0.5225264430046082,0.6180039644241333,0.6094869375228882,0.6997907161712646,0.6854903697967529,0.7128665447235107,0.699548602104187,0.7205916047096252,0.7016230225563049,-0.1401720941066742,-0.152270495891571,-0.1523201018571853,-0.1523828357458114,-0.1303731650114059,-0.1303404122591018,-0.1303351819515228,-0.1719186604022979,-0.0699791461229324,-0.1428113877773285,-0.1145246773958206,-0.2128919064998626,0.027302548289299,-0.2430458515882492,0.1006079167127609,-0.2360333949327469,0.1021170988678932,-0.2612103819847107,0.1053958758711814,-0.2629221379756927,0.0836973041296005,-0.2361896932125091,0.0922216922044754,-0.0712443590164184,0.0712257102131843,0.0134399980306625,0.1618640124797821,0.1121365800499916,0.2832579612731933,0.1186343878507614,0.2932814061641693,0.0525595843791961,0.2566223740577698,Turn-Second
574,0.9978886246681212,0.9977400898933412,0.998382329940796,0.998706042766571,0.995299994945526,0.9943698644638062,0.9934206008911132,0.9990655183792114,0.9889999032020568,0.9988500475883484,0.99666428565979,0.9999881982803344,0.9974157214164734,0.9909246563911438,0.0516140237450599,0.9778689742088318,0.1059182286262512,0.9588395357131958,0.1200688108801841,0.956457793712616,0.1246295273303985,0.9316086173057556,0.1303826123476028,0.9994711875915528,0.9975176453590392,0.9571711421012878,0.6727443337440491,0.9795678853988647,0.7940459847450256,0.960580348968506,0.8135318160057068,0.9744687676429749,0.8866572976112366,0.2573679089546203,0.2621822357177734,0.2637926340103149,0.2654197216033935,0.2596521973609924,0.2593997716903686,0.2591570019721985,0.275555819272995,0.2667602300643921,0.2618628442287445,0.2582838237285614,0.2921675443649292,0.2697503566741943,0.3019033968448639,0.2713847756385803,0.2941014766693115,0.2630250453948974,0.2942542135715484,0.2594502568244934,0.287000834941864,0.2561153173446655,0.2862960994243622,0.2581014633178711,0.285046637058258,0.2727576792240143,0.2911422252655029,0.2793351709842682,0.3134002387523651,0.2954605221748352,0.3264532685279846,0.3051653504371643,0.2876666188240051,0.2609000205993652,0.3409823477268219,0.3334229588508606,0.3336186707019806,0.3338047862052917,0.332839697599411,0.332650750875473,0.3324227631092071,0.3393923938274383,0.337433785200119,0.3526237308979034,0.3516246378421783,0.3828069865703583,0.3876842856407165,0.4631945788860321,0.4511937499046325,0.5387859344482422,0.4898059964179992,0.557025134563446,0.5045372247695923,0.5560361742973328,0.5016714334487915,0.5499609112739563,0.4963848292827606,0.5257903337478638,0.5223687887191772,0.6173985004425049,0.6091440916061401,0.6994643807411194,0.6852795481681824,0.7126369476318359,0.699394941329956,0.7209876179695129,0.7012012004852295,-0.1666344553232193,-0.1770690530538559,-0.1771193444728851,-0.1771920621395111,-0.1551503688097,-0.1551203578710556,-0.1551152765750885,-0.1849046349525451,-0.0868469402194023,-0.1666837185621261,-0.1382676512002945,-0.214456632733345,0.01370738632977,-0.2449039220809936,0.0793022364377975,-0.2372436076402664,0.0494738519191741,-0.2617848515510559,0.0488445721566677,-0.2646120190620422,0.0238579902797937,-0.2370768338441848,0.0379136279225349,-0.0706606656312942,0.0706651881337165,-0.0172402057796716,0.1613092720508575,0.0636156722903251,0.2869982719421386,0.0677041932940483,0.2968907654285431,-0.001266862032935,0.2597836256027221,Turn-Second
575,0.9979209899902344,0.9977343678474426,0.9983770251274108,0.9986984729766846,0.995305836200714,0.9943501949310304,0.9932978749275208,0.9990566968917848,0.9885299801826476,0.9988561868667604,0.9966523051261902,0.999987542629242,0.9973834156990052,0.9915420413017272,0.0508528873324394,0.9790064692497252,0.1116591915488243,0.9605704545974731,0.1285158991813659,0.9583892226219176,0.1336057037115097,0.934612274169922,0.1384984701871872,0.99945330619812,0.9974736571311952,0.954044759273529,0.66958087682724,0.9786553382873536,0.7956668734550476,0.9599801301956176,0.8152837753295898,0.9736735820770264,0.8870289325714111,0.2575913071632385,0.2624228596687317,0.2640700936317444,0.2656444907188415,0.259542852640152,0.2591182589530945,0.2586914002895355,0.2755927443504333,0.2662740647792816,0.262184202671051,0.2582702934741974,0.2941734194755554,0.2676791548728943,0.3031056821346283,0.2691667675971985,0.2963348031044006,0.2628748118877411,0.2971068322658539,0.2600564360618591,0.2896281480789184,0.2575058341026306,0.2884837090969085,0.2594887912273407,0.2852117419242859,0.2709249258041382,0.2907029986381531,0.2801163494586944,0.3132155239582062,0.2960261404514313,0.3251269459724426,0.3056694865226745,0.2886579632759094,0.2616565823554992,0.3412450850009918,0.333577424287796,0.3337661325931549,0.3339451849460602,0.3329757750034332,0.3327702581882477,0.3325208723545074,0.3395021855831146,0.3373541831970215,0.3528206050395965,0.3518539667129516,0.384394496679306,0.3876944780349731,0.4638005197048187,0.4532259106636047,0.5380923748016357,0.4899528920650482,0.5565049648284912,0.50506991147995,0.5558277368545532,0.5023103952407837,0.5495930910110474,0.4976504147052765,0.5260518789291382,0.5224577784538269,0.6172044277191162,0.6090160608291626,0.6988814473152161,0.6853635311126709,0.7117297053337097,0.699407696723938,0.7213010191917419,0.7013251185417175,-0.1709573566913604,-0.1806796342134475,-0.180741012096405,-0.1808247864246368,-0.1592445075511932,-0.159215047955513,-0.1592122018337249,-0.1858725845813751,-0.0893335118889808,-0.1697885245084762,-0.1419288516044616,-0.2156415283679962,0.0114014046266675,-0.2416528016328811,0.0832846015691757,-0.235744759440422,0.0522270314395427,-0.2592304348945617,0.054640918970108,-0.2629275321960449,0.0329254157841205,-0.235485166311264,0.0415905751287937,-0.0696991533041,0.0697331503033638,-0.0067014321684837,0.1459641903638839,0.0869985297322273,0.2680001854896545,0.092550478875637,0.2773552536964416,0.0244524665176868,0.2356414794921875,Turn-Second
576,0.9980118870735168,0.9977766871452332,0.9984022378921508,0.9987120032310486,0.9954174757003784,0.9944491386413574,0.9932888746261596,0.9990577101707458,0.9881001114845276,0.9988902807235718,0.996707022190094,0.99998676776886,0.997393786907196,0.9921346306800842,0.0519545376300811,0.9799762964248656,0.1214193925261497,0.961875021457672,0.1404218822717666,0.9599594473838806,0.1461345255374908,0.9371481537818908,0.1490428149700164,0.9994511008262634,0.997506618499756,0.9511213302612304,0.6732993125915527,0.9776029586791992,0.8006843328475952,0.9576768279075624,0.8177717924118042,0.9728994965553284,0.8896808624267578,0.2577681243419647,0.2625744938850403,0.2642679214477539,0.2657456994056701,0.2593862116336822,0.2588340044021606,0.2582382559776306,0.2757682204246521,0.2656859457492828,0.2624178528785705,0.258226066827774,0.2970389723777771,0.2650297582149505,0.30601766705513,0.2655518352985382,0.2988409698009491,0.2617940306663513,0.2999736368656158,0.2598222494125366,0.2927449345588684,0.2580729126930237,0.2910460531711578,0.2600974440574646,0.2865073680877685,0.2686129510402679,0.2911994159221649,0.2795141935348511,0.3131985068321228,0.2931001782417297,0.3241582810878753,0.3017862737178802,0.2895256876945495,0.2619042992591858,0.3416333198547363,0.33391073346138,0.3340618312358856,0.3341951966285705,0.3332418203353882,0.3329969346523285,0.3327002823352813,0.3395626842975616,0.3374458849430084,0.3532282710075378,0.3522482216358185,0.3859712779521942,0.3881587982177734,0.4642332792282104,0.4561603367328644,0.5377406477928162,0.4923178553581238,0.5558116436004639,0.5080888271331787,0.5554565787315369,0.5039450526237488,0.5490049123764038,0.4985509812831878,0.5260417461395264,0.5227073431015015,0.6164013147354126,0.6090443730354309,0.698063850402832,0.6853253245353699,0.7105973362922668,0.6986144781112671,0.7215968370437622,0.7018508911132812,-0.188786968588829,-0.1963469535112381,-0.1964161098003387,-0.1965057551860809,-0.1756666004657745,-0.1756349205970764,-0.1756286174058914,-0.1904965192079544,-0.0967881828546524,-0.1834942400455474,-0.1564640551805496,-0.2124646008014679,0.0062467576935887,-0.2281262576580047,0.0765425935387611,-0.2216453105211258,0.0333978682756423,-0.2438635528087616,0.0294248163700103,-0.2498618364334106,0.0043650255538523,-0.2218178957700729,0.0214190967381,-0.0669869557023048,0.0670517086982727,-0.0160826817154884,0.1428142786026001,0.0741949826478958,0.2780747711658478,0.078817643225193,0.2884533703327179,0.0026720748282969,0.2420213669538498,Turn-Second
577,0.9980838894844056,0.9977508783340454,0.9983733892440796,0.9986867308616638,0.995422661304474,0.9944319128990172,0.993188500404358,0.9990257024765016,0.9874889850616456,0.998917818069458,0.996765434741974,0.99998539686203,0.9974400401115416,0.9925596117973328,0.0550305806100368,0.98026305437088,0.1305281370878219,0.9619080424308776,0.150596335530281,0.9602908492088318,0.1568128019571304,0.93830144405365,0.1580750197172165,0.9994304180145264,0.9975420236587524,0.9466890096664428,0.677344560623169,0.9746639132499696,0.8046817779541016,0.9508740305900574,0.8182184100151062,0.9705771207809448,0.8917057514190674,0.2579384446144104,0.2626684010028839,0.2644007802009582,0.2658756375312805,0.2592584490776062,0.2585896253585815,0.2578665018081665,0.2759400904178619,0.2649761736392975,0.2625258564949035,0.2583714127540588,0.2985799312591553,0.2612317204475403,0.3077517747879028,0.2617974579334259,0.301663190126419,0.2590241432189941,0.3031794726848602,0.2546487748622894,0.2961748242378235,0.2535910308361053,0.2944338321685791,0.25933438539505,0.2875557541847229,0.2655781209468841,0.2913820743560791,0.2778249382972717,0.3130334019660949,0.292049378156662,0.3233850598335266,0.299119234085083,0.2903794944286346,0.2622216939926147,0.3418844938278198,0.3340339958667755,0.3341566920280456,0.3342549204826355,0.3333793580532074,0.3331508338451385,0.33287113904953,0.3396289944648742,0.3374839723110199,0.3534150719642639,0.3525880575180053,0.3864167332649231,0.3896687924861908,0.4640694856643677,0.4587006568908691,0.5359447002410889,0.5020387172698975,0.5540599226951599,0.5195280313491821,0.5546059012413025,0.5184135437011719,0.5480133891105652,0.5101104974746704,0.5257784724235535,0.5231119394302368,0.6157475709915161,0.6090653538703918,0.6972473859786987,0.6853297352790833,0.7085777521133423,0.6984561681747437,0.7215287089347839,0.7024086713790894,-0.1758053749799728,-0.182504802942276,-0.1826498508453369,-0.1827760487794876,-0.1698227226734161,-0.1698273718357086,-0.1698233932256698,-0.1607331484556198,-0.078689269721508,-0.1653523743152618,-0.1534639745950698,-0.1796625852584839,0.0135350804775953,-0.1891229450702667,0.0737526193261146,-0.1830357760190963,0.0225233361124992,-0.2030140161514282,0.0156998243182897,-0.2108238637447357,-0.0089321210980415,-0.1840622574090957,0.0103020286187529,-0.0611161366105079,0.0611727833747863,-0.0196442399173975,0.1176909804344177,0.0664725676178932,0.234991043806076,0.0706502795219421,0.2431864738464355,-0.0043623689562082,0.1948525160551071,Turn-Second
578,0.998150646686554,0.9977216720581056,0.9983457326889038,0.9986643195152284,0.9954012632369996,0.994420289993286,0.9931275248527528,0.9990148544311525,0.9872854351997375,0.9989641904830932,0.996880054473877,0.9999842643737792,0.9975019693374634,0.9928572773933412,0.0577115751802921,0.980153739452362,0.1378814280033111,0.961358606815338,0.1585986465215683,0.959947109222412,0.1653705537319183,0.938669502735138,0.165588304400444,0.9994282722473145,0.9976446032524108,0.9486609101295472,0.6958622932434082,0.9739896655082704,0.8159785866737366,0.9431168437004088,0.8229164481163025,0.9697286486625672,0.8976247906684875,0.2573462128639221,0.2621677815914154,0.2640504240989685,0.2657968699932098,0.2585117518901825,0.2578054964542389,0.2570809125900268,0.2760308980941772,0.2645987272262573,0.2623263001441955,0.2576261162757873,0.2993543744087219,0.2594451904296875,0.3093258738517761,0.2610591053962707,0.3035565018653869,0.2579188048839569,0.3049206137657165,0.2534982860088348,0.2977580428123474,0.252850204706192,0.2960799932479858,0.2571656107902527,0.2883533835411072,0.2639741897583008,0.2923568189144134,0.2754387855529785,0.3122650682926178,0.2909402251243591,0.3220194578170776,0.2984862327575683,0.2910542488098144,0.2616987824440002,0.342019647359848,0.3341216146945953,0.3342445194721222,0.3343439400196075,0.3334747850894928,0.3332449495792389,0.3329601883888244,0.3396697342395782,0.337541252374649,0.3535089194774627,0.3526740372180938,0.3876330554485321,0.391012966632843,0.4642892181873321,0.4588225483894348,0.5360875725746155,0.507930338382721,0.5542559027671814,0.5273125767707825,0.5546807050704956,0.5270161628723145,0.5480716228485107,0.5201505422592163,0.5261638164520264,0.5251853466033936,0.6187130212783813,0.6122016906738281,0.6970065832138062,0.6853618621826172,0.708076536655426,0.6982643008232117,0.7218747735023499,0.7030724287033081,-0.1609604507684707,-0.1648115515708923,-0.1649132221937179,-0.1650267243385315,-0.1511984318494796,-0.1511627733707428,-0.1511726528406143,-0.1565831303596496,-0.0711799636483192,-0.1513299793004989,-0.1339116990566253,-0.1765360087156295,0.0139856934547424,-0.1838712394237518,0.0711485892534256,-0.1735823452472686,0.0233307033777236,-0.193160206079483,0.0162210632115602,-0.2009916305541992,-0.0074851079843938,-0.1745865195989608,0.0114100556820631,-0.056808091700077,0.0568384937942028,-0.0161023717373609,0.1141943931579589,0.0683448910713195,0.2443045675754547,0.0795640647411346,0.2540699541568756,0.0132076311856508,0.2076259404420852,Turn-Second
579,0.998239517211914,0.9977495074272156,0.9983606338500975,0.9986801743507384,0.9954487085342408,0.9944839477539062,0.9931681752204896,0.9990304708480836,0.9872614741325378,0.999027132987976,0.997042715549469,0.9999843835830688,0.9975619316101074,0.9932438135147096,0.0591671466827392,0.9810554385185242,0.1485812813043594,0.962881565093994,0.1707095652818679,0.9616100788116456,0.1781388968229293,0.9415461421012878,0.1771013438701629,0.9994470477104188,0.997770607471466,0.9519078731536864,0.7176331877708435,0.974009335041046,0.828889012336731,0.937191128730774,0.8305137753486633,0.9694393277168274,0.9043395519256592,0.2570533156394958,0.2619979977607727,0.2639573216438293,0.2658215165138244,0.2581849694252014,0.2574963569641113,0.2568039894104004,0.2760721445083618,0.2642621099948883,0.2623082995414734,0.2574389576911926,0.3003544509410858,0.2580262720584869,0.3113633692264557,0.2598098516464233,0.3054527938365936,0.2552097737789154,0.3068725764751434,0.2518755793571472,0.2991074919700622,0.251566469669342,0.2971442937850952,0.2533153891563415,0.289083868265152,0.2630233466625213,0.2933610379695892,0.2751649022102356,0.3104857802391052,0.2906179130077362,0.3180622160434723,0.2980855703353882,0.2929180562496185,0.2616029977798462,0.3421225547790527,0.3341797292232513,0.3342861533164978,0.3343672454357147,0.3335050642490387,0.333311378955841,0.333133339881897,0.3396761119365692,0.3377137184143066,0.3535065054893493,0.3527705073356628,0.3886076509952545,0.3929885923862457,0.4643197357654571,0.4608411788940429,0.5354364514350891,0.5131819248199463,0.5539252758026123,0.5322635769844055,0.5542357563972473,0.5323752164840698,0.5478066802024841,0.5251597166061401,0.5288410186767578,0.5282462239265442,0.6214017868041992,0.6147317290306091,0.6969335675239563,0.6854543089866638,0.7076424956321716,0.6977463960647583,0.7223804593086243,0.7043685913085938,-0.1361908316612243,-0.1416568607091903,-0.1417388319969177,-0.1418337821960449,-0.1244322210550308,-0.1243785992264747,-0.1243942379951477,-0.1382205635309219,-0.0537066683173179,-0.1313498616218567,-0.1086480766534805,-0.1615698039531707,0.0274937488138675,-0.1738126873970031,0.0817796513438224,-0.1740117520093917,0.0349902734160423,-0.1947412639856338,0.0286235958337783,-0.2029633820056915,0.0044257608242332,-0.1753367632627487,0.0229793842881917,-0.0539347827434539,0.0539610981941223,-0.0204077828675508,0.1116251572966575,0.1015219092369079,0.2516388893127441,0.1137870326638221,0.2624167203903198,0.0424543395638465,0.2172151505947113,Turn-Second
580,0.99829763174057,0.9977349638938904,0.9983447790145874,0.9986789226531982,0.9954236149787904,0.9944301843643188,0.99307519197464,0.9990225434303284,0.9866768717765808,0.9990696310997008,0.9971284866333008,0.9999849200248718,0.9975695610046388,0.993674337863922,0.0601791441440582,0.9821298122406006,0.1555984318256378,0.9647062420845032,0.1784277558326721,0.9635800719261168,0.1862969845533371,0.944625735282898,0.1841930896043777,0.9994766116142272,0.9978898763656616,0.9543838500976562,0.7359480261802673,0.97453111410141,0.8390153646469116,0.9329480528831482,0.8352804183959961,0.9700209498405457,0.9099681377410888,0.2569732964038849,0.2617735266685486,0.2637435793876648,0.265693336725235,0.2580119371414184,0.2573654055595398,0.256726861000061,0.2759573459625244,0.2641512751579284,0.2622970938682556,0.2574851512908935,0.3011517524719238,0.2579012215137481,0.3140945732593536,0.2594853639602661,0.3086110949516296,0.2560762763023376,0.3102687895298004,0.2514739334583282,0.3024194836616516,0.2512954771518707,0.3001088798046112,0.2542293071746826,0.2893773019313812,0.2626686096191406,0.2936249375343323,0.272727757692337,0.3079695701599121,0.2896575033664703,0.3143835365772247,0.2975903749465942,0.292677640914917,0.2609707117080688,0.3429330289363861,0.3346923887729645,0.3346966207027435,0.3346949219703674,0.3343781232833862,0.3343057930469513,0.3342548310756683,0.3397580087184906,0.3384442031383514,0.3538416624069214,0.3535264432430267,0.3898424804210663,0.3936607241630554,0.4652560353279114,0.4625735580921173,0.5356523990631104,0.5188867449760437,0.554034411907196,0.5357418060302734,0.5543033480644226,0.5356220006942749,0.547926664352417,0.5331717729568481,0.5307027101516724,0.5300973057746887,0.6223896145820618,0.6144606471061707,0.6971514225006104,0.6854569315910339,0.707724928855896,0.6971004605293274,0.7223853468894958,0.7043285965919495,-0.1360199451446533,-0.1424484550952911,-0.1425244212150573,-0.1426125764846801,-0.1236570104956626,-0.1236045211553573,-0.1236077174544334,-0.1413519233465194,-0.0530048310756683,-0.1326932609081268,-0.107826218008995,-0.1666834652423858,0.0292386468499898,-0.1840245425701141,0.082885168492794,-0.1857113540172577,0.0366693213582038,-0.2077483385801315,0.0291348900645971,-0.214922159910202,0.004145948216319,-0.1867994964122772,0.0240991581231355,-0.0547498390078544,0.0547672733664512,-0.0152122471481561,0.1268776357173919,0.1043604984879493,0.2598315775394439,0.1153893321752548,0.2735982835292816,0.0424252226948738,0.2254628837108612,Turn-Second
581,0.9984337091445924,0.9978747963905334,0.9984427094459534,0.9987578988075256,0.9956926703453064,0.994758665561676,0.9934727549552916,0.9990789890289308,0.987400233745575,0.9991485476493835,0.9973595142364502,0.9999857544898988,0.997717022895813,0.9941021203994752,0.0675313547253608,0.9831914305686952,0.1728821694850921,0.966562569141388,0.1949123591184616,0.9655975103378296,0.2036603093147277,0.948020339012146,0.2003605961799621,0.9995043873786926,0.9980241060256958,0.9573756456375122,0.7519223690032959,0.9733152389526368,0.8488515019416809,0.918793797492981,0.8423176407814026,0.9683120846748352,0.9152700901031494,0.2572126090526581,0.2619832754135132,0.2640637457370758,0.2661539614200592,0.2581864893436432,0.2575335800647735,0.2568020522594452,0.276109516620636,0.2632869780063629,0.2626225650310516,0.2576110363006592,0.3029777407646179,0.2541874051094055,0.3164036571979522,0.255626916885376,0.312358558177948,0.2526789903640747,0.3151842951774597,0.2505252957344055,0.3088396489620209,0.2503454089164734,0.3063738644123077,0.2520084679126739,0.2898947298526764,0.2616799473762512,0.2937289178371429,0.2727845013141632,0.3067719340324402,0.2889493107795715,0.3131175637245178,0.2970887422561645,0.2933434247970581,0.2618683576583862,0.3430150747299194,0.3347205519676208,0.3347309529781341,0.3347267806529999,0.3345070481300354,0.3345003426074981,0.3345299959182739,0.3397736549377441,0.3386048078536987,0.353858470916748,0.3535442948341369,0.3912307322025299,0.3944255709648132,0.4659838378429413,0.4636569023132324,0.5355251431465149,0.5179775357246399,0.5540987253189087,0.5364362001419067,0.5543119311332703,0.5360892415046692,0.5479757785797119,0.5339124798774719,0.531292736530304,0.5303497910499573,0.6227685809135437,0.6144460439682007,0.6963151693344116,0.6848478317260742,0.7061296105384827,0.6950369477272034,0.7223700881004333,0.7042906880378723,-0.1357435286045074,-0.1387001425027847,-0.13877534866333,-0.1388628929853439,-0.1230933517217636,-0.1230408400297164,-0.1230533272027969,-0.1190284639596939,-0.0486092530190944,-0.1268062442541122,-0.106305107474327,-0.1323306709527969,0.0317639261484146,-0.1339084804058075,0.0861546844244003,-0.1469122916460037,0.0336024239659309,-0.1681230962276458,0.0220703054219484,-0.1804846227169037,-0.0034187238197773,-0.1504755169153213,0.0207767132669687,-0.0511508211493492,0.0512102246284484,-0.0152347804978489,0.112524464726448,0.1327475905418396,0.2618368268013,0.1441970765590667,0.2781823277473449,0.0645257085561752,0.2327390611171722,Turn-Second
582,0.9985286593437196,0.9979293942451476,0.9984736442565918,0.998784065246582,0.9958065152168274,0.9948885440826416,0.9936212301254272,0.9990946054458618,0.987614631652832,0.9992085099220276,0.9975299835205078,0.9999862313270568,0.9978538751602172,0.9945146441459656,0.0814873427152633,0.9840331077575684,0.1924268156290054,0.9678924679756165,0.2117767930030822,0.9670994877815248,0.2211931347846985,0.950649082660675,0.216595783829689,0.9995227456092834,0.9981259107589722,0.9586274027824402,0.7653728127479553,0.972143054008484,0.8571063876152039,0.9047799110412598,0.8472731709480286,0.9668042063713074,0.9197275638580322,0.2572577595710754,0.2620285153388977,0.2640947699546814,0.2661787867546081,0.2582859098911285,0.2576009929180145,0.2568299770355224,0.276161640882492,0.2627392411231994,0.2626569867134094,0.2577184736728668,0.3038782775402069,0.2517000138759613,0.3186604082584381,0.2519665658473968,0.3160754442214966,0.248658612370491,0.3186953663825989,0.246922418475151,0.3126360177993774,0.2474029958248138,0.3103910684585571,0.2502825260162353,0.2907792627811432,0.2611391842365265,0.2937632203102112,0.2704718708992004,0.305168092250824,0.2887013554573059,0.3106905817985534,0.2965692579746246,0.2946650981903076,0.261954128742218,0.3433927595615387,0.3350208699703216,0.3349627554416656,0.3348980247974396,0.3349312543869018,0.334958553314209,0.3350143432617187,0.3398167192935943,0.338871419429779,0.3538977801799774,0.3538064360618591,0.3913111984729767,0.3944964408874511,0.4660326540470123,0.463336318731308,0.534597635269165,0.5167999267578125,0.5536490678787231,0.5367117524147034,0.5537558794021606,0.5363374352455139,0.547855794429779,0.5311675667762756,0.5302170515060425,0.5292043089866638,0.6210708618164062,0.6139494776725769,0.6960176229476929,0.684848964214325,0.7054798603057861,0.6950234770774841,0.7222191095352173,0.7043625116348267,-0.1615777760744094,-0.1622286885976791,-0.1622994244098663,-0.1623778790235519,-0.1494088470935821,-0.1493647396564483,-0.1493679881095886,-0.1368706673383712,-0.0715503245592117,-0.147432804107666,-0.1307433843612671,-0.1447563469409942,0.009641220793128,-0.1406872719526291,0.0669890567660331,-0.1544402092695236,0.0112069128081202,-0.1750694662332534,-0.0014064260758459,-0.1880964040756225,-0.0273998733609914,-0.1582337319850921,-0.0016621558461338,-0.0472750924527645,0.0473378486931324,-0.0131460325792431,0.099483735859394,0.124987281858921,0.250347763299942,0.1342912018299102,0.2624280750751495,0.0588667467236518,0.2057759761810302,Turn-Second
583,0.9986379146575928,0.9980081915855408,0.9985190629959106,0.998814344406128,0.996005117893219,0.9951381087303162,0.9939396381378174,0.999098300933838,0.9882127046585084,0.9992708563804626,0.9977265000343324,0.9999863505363464,0.9980359077453612,0.9948790669441224,0.1322354972362518,0.984783172607422,0.2460688203573227,0.9690550565719604,0.2573941946029663,0.9684350490570068,0.2672388255596161,0.9531229138374328,0.2612769305706024,0.9995350241661072,0.9982361793518066,0.9601079821586608,0.7769409418106079,0.9694361686706544,0.8639154434204102,0.8827329874038696,0.8512625694274902,0.9629291296005248,0.9231313467025756,0.2574282884597778,0.2620951235294342,0.2642446160316467,0.2664423584938049,0.2583689391613006,0.2576407790184021,0.2567996382713318,0.2763697504997253,0.2619317173957824,0.2627683877944946,0.2577956914901733,0.3054048717021942,0.2478334158658981,0.3200593590736389,0.2461080253124237,0.3199754059314728,0.2437162101268768,0.3224280476570129,0.2422405928373336,0.3160159289836883,0.2434645146131515,0.3136439621448517,0.2451221495866775,0.2920532822608948,0.2606984674930572,0.293967604637146,0.2686409950256347,0.3036873638629913,0.2878223955631256,0.3090712130069732,0.2949236333370209,0.2944576740264892,0.261985182762146,0.3443856239318847,0.3355968296527862,0.3354320824146271,0.3352325558662414,0.3357711434364319,0.335823655128479,0.3358815312385559,0.3398737013339996,0.339457094669342,0.3543078303337097,0.354472666978836,0.3914851546287536,0.394694447517395,0.4649450182914734,0.4642805457115173,0.53350430727005,0.5189202427864075,0.5527681112289429,0.5397890210151672,0.5529353022575378,0.5392852425575256,0.5470547080039978,0.5337533354759216,0.5280895233154297,0.527260959148407,0.6199241876602173,0.6123412847518921,0.6955352425575256,0.6843770146369934,0.705380380153656,0.6944311857223511,0.7218452095985413,0.7043336629867554,-0.1943504810333252,-0.1924146860837936,-0.1924657821655273,-0.1925211697816848,-0.1823762506246566,-0.182350605726242,-0.182374507188797,-0.1418670713901519,-0.1021550670266151,-0.1760417819023132,-0.1626431941986084,-0.1400672346353531,-0.0235761776566505,-0.1263920664787292,0.0340104214847087,-0.1566891521215438,-0.0252247992902994,-0.1784168034791946,-0.0406546220183372,-0.1944257915019989,-0.0675833374261856,-0.1624120026826858,-0.0379382483661174,-0.0404386296868324,0.0405187383294105,-0.0119201708585023,0.0852973684668541,0.1227187141776084,0.2421828210353851,0.1311663687229156,0.2539197206497192,0.0493968725204467,0.188161551952362,Turn-Second
584,0.9987505078315736,0.9981176257133484,0.9985941648483276,0.9988681077957152,0.996264100074768,0.9954679608345032,0.9943550229072572,0.9991214275360109,0.9889959096908568,0.999330759048462,0.9979187846183776,0.9999862313270568,0.9982080459594728,0.9951794147491456,0.192574605345726,0.9852898120880128,0.3049113154411316,0.9697648882865906,0.30975341796875,0.969335913658142,0.3197444379329681,0.9549986720085144,0.3123773038387298,0.9995469450950624,0.9983434081077576,0.9619550108909608,0.7921849489212036,0.9692354202270508,0.8726593852043152,0.866359531879425,0.8556280136108398,0.962001621723175,0.9274376034736632,0.2585582137107849,0.26303830742836,0.2653264105319977,0.2678394913673401,0.258817583322525,0.2578886747360229,0.2568536400794983,0.2770373225212097,0.2618795037269592,0.2636023759841919,0.2580641806125641,0.3065856993198395,0.2462259083986282,0.3215121626853943,0.2431552410125732,0.322868287563324,0.2398233115673065,0.3247385621070862,0.2385730296373367,0.3188048005104065,0.2405689060688018,0.3165994584560394,0.2420728951692581,0.2937663197517395,0.26039719581604,0.2951588332653045,0.2682757079601288,0.3041299283504486,0.2871230244636535,0.3091708719730377,0.2938994467258453,0.296247661113739,0.2621820569038391,0.344238668680191,0.3355709910392761,0.3353937268257141,0.3351953327655792,0.3357506394386291,0.3357965052127838,0.335850715637207,0.3398105800151825,0.3394348323345184,0.3538232445716858,0.3539335429668426,0.3914542496204376,0.3946225047111511,0.4643163979053497,0.4641052782535553,0.5322189927101135,0.5189468860626221,0.5517836809158325,0.5393410325050354,0.5519195795059204,0.5384954214096069,0.5459333658218384,0.5331282019615173,0.5248917937278748,0.5244743824005127,0.618061900138855,0.6113815903663635,0.6955519914627075,0.6841791868209839,0.7055425643920898,0.6941556930541992,0.7219774723052979,0.7044217586517334,-0.2166615724563598,-0.2131646126508712,-0.2132058590650558,-0.2132540047168731,-0.2048864811658859,-0.2048752009868621,-0.2048985213041305,-0.1599095165729522,-0.1242773085832595,-0.1960001587867736,-0.1848348081111908,-0.1418971568346023,-0.0445157550275325,-0.1219389215111732,0.0139185367152094,-0.1569502055644989,-0.0444420054554939,-0.1783292293548584,-0.0604494400322437,-0.1959968507289886,-0.0881761461496353,-0.1635002195835113,-0.057248193770647,-0.0357316769659519,0.0357860177755355,-0.0113131422549486,0.0724785774946212,0.1223213821649551,0.2270135134458542,0.1290290653705597,0.2381368577480316,0.0358389392495155,0.1688869893550872,Turn-Second
585,0.998857080936432,0.9982248544692992,0.9986642599105836,0.9989110827445984,0.996531069278717,0.9958118200302124,0.9947932362556458,0.9991222023963928,0.9898674488067628,0.9993869662284852,0.998106062412262,0.9999854564666748,0.9983779788017272,0.9954005479812622,0.2607433497905731,0.9857336282730104,0.3685738742351532,0.9704983234405518,0.3697363138198852,0.9702032804489136,0.3792224526405334,0.9568055868148804,0.3712846040725708,0.9995706677436828,0.9984745383262634,0.9651033282279968,0.809023380279541,0.9706486463546752,0.8827430009841919,0.8632718920707703,0.863224983215332,0.9631755352020264,0.9326741695404052,0.2600306272506714,0.2646581828594208,0.2672035992145538,0.2699747681617737,0.259903222322464,0.2588366270065307,0.2576465606689453,0.2784551382064819,0.2620800733566284,0.2650200724601745,0.2587090730667114,0.3076476454734802,0.2449158728122711,0.3220906853675842,0.2401389181613922,0.323809802532196,0.2364039719104766,0.3262272477149963,0.2346998006105423,0.320494145154953,0.2376085221767425,0.3181853890419006,0.2389474362134933,0.2947110533714294,0.2604479789733886,0.2958170771598816,0.2682401835918426,0.3045729994773865,0.2861573994159698,0.3094564378261566,0.2930343449115753,0.2984895408153534,0.2621963024139404,0.3442514836788177,0.3355716466903686,0.335388034582138,0.3351902663707733,0.335755705833435,0.3358003795146942,0.33585324883461,0.3398105800151825,0.3394102752208709,0.3537321388721466,0.3538732528686523,0.3914011120796203,0.3940914273262024,0.4637111723423004,0.464108407497406,0.5306461453437805,0.5196346640586853,0.5503122210502625,0.5394138097763062,0.5508599877357483,0.5382846593856812,0.5445307493209839,0.5329996347427368,0.5245357155799866,0.5239852070808411,0.6173325777053833,0.6109666228294373,0.6951162815093994,0.683251678943634,0.7051166296005249,0.692626953125,0.7223014831542969,0.7044069766998291,-0.2297074794769287,-0.2263532876968383,-0.2263706475496292,-0.2264083623886108,-0.2184189856052398,-0.2184225767850875,-0.2184726446866989,-0.1750790625810623,-0.1388113349676132,-0.2088194340467453,-0.1982117593288421,-0.1471841782331466,-0.0621480122208595,-0.1300257742404937,-0.005987933371216,-0.1602332144975662,-0.0650876089930534,-0.1859289854764938,-0.0816760063171386,-0.2127778083086013,-0.1090222597122192,-0.1757187396287918,-0.0774139687418937,-0.0327769294381141,0.032804001122713,-0.0108711449429392,0.0867612957954406,0.126559242606163,0.2427873611450195,0.1344726830720901,0.2586290240287781,0.0428916364908218,0.1948970854282379,Turn-Second
586,0.9989607334136964,0.9983513951301576,0.9987531304359436,0.998973786830902,0.996811032295227,0.9961642622947692,0.9952378869056702,0.9991543292999268,0.9907571077346802,0.9994425773620604,0.9982847571372986,0.9999856352806092,0.9985355734825134,0.9956606030464172,0.3255431354045868,0.9865421652793884,0.4281073808670044,0.9720529317855836,0.4270778596401214,0.971839964389801,0.4359393715858459,0.959475040435791,0.4278779923915863,0.999597430229187,0.9986010789871216,0.968050479888916,0.8233173489570618,0.9713226556777954,0.8909910321235657,0.8601313233375549,0.869078516960144,0.9634735584259032,0.9367587566375732,0.2616843283176422,0.2666946053504944,0.269339770078659,0.2722403407096863,0.2613347172737121,0.2600800395011902,0.2587787806987762,0.2797872126102447,0.2622454762458801,0.2668496966361999,0.2596785426139831,0.3085081279277801,0.244670107960701,0.3229550123214721,0.2377522885799408,0.3263381719589233,0.233423113822937,0.3291581571102142,0.2314134538173675,0.3233280777931213,0.2346789389848709,0.3208544254302978,0.2364667356014251,0.2959014177322387,0.2607382237911224,0.2966644465923309,0.268853485584259,0.3047552704811096,0.28628009557724,0.3094279170036316,0.2928981482982635,0.2988418936729431,0.2626143991947174,0.3443545401096344,0.3356018960475921,0.3354131877422333,0.3352210223674774,0.3357862532138824,0.3358215987682342,0.3358644843101501,0.3398158252239227,0.3393787145614624,0.353749006986618,0.3538843691349029,0.3912481069564819,0.3928661048412323,0.4628480076789856,0.4637998342514038,0.5300043225288391,0.520545244216919,0.5498340129852295,0.5402761101722717,0.5502871870994568,0.5388094782829285,0.5438855886459351,0.5333582758903503,0.5237477421760559,0.5236884951591492,0.6173855662345886,0.6106986999511719,0.6944367289543152,0.6828464865684509,0.7032085061073303,0.6911904215812683,0.7225280404090881,0.7043972611427307,-0.2164694368839264,-0.2127695530653,-0.2127820551395416,-0.2128187865018844,-0.2054803073406219,-0.2054819166660308,-0.2055424004793167,-0.169639304280281,-0.1273703277111053,-0.195283442735672,-0.1855320185422897,-0.1309283077716827,-0.0532006621360778,-0.1109500527381897,0.0014910093741491,-0.1650489568710327,-0.0605670697987079,-0.1892743557691574,-0.0775799304246902,-0.2119064033031463,-0.1058025360107421,-0.1753982007503509,-0.0732285678386688,-0.0304277502000331,0.0304512772709131,-0.0139144258573651,0.085200734436512,0.1242914944887161,0.2491666972637176,0.132396712899208,0.2628090977668762,0.0435609184205532,0.2009108811616897,Turn-Second
587,0.9990509152412416,0.9984554648399352,0.9988253712654114,0.999022662639618,0.9970524311065674,0.9964748024940492,0.9956352114677428,0.9991722106933594,0.9915497303009032,0.99949049949646,0.9984424710273744,0.9999847412109376,0.998675525188446,0.9958508610725404,0.3847370147705078,0.987016499042511,0.4815233051776886,0.9729375243186952,0.4782997071743011,0.972794771194458,0.4866532683372497,0.9613205194473268,0.4785189032554626,0.9996153712272644,0.9987103939056396,0.970565140247345,0.8351079821586609,0.9711178541183472,0.8976311087608337,0.8515278697013855,0.8727468848228455,0.9625625014305116,0.9399473667144777,0.2632142007350921,0.2684539258480072,0.2711035907268524,0.2740055918693542,0.2627957463264465,0.2613933980464935,0.2600200176239013,0.2809783220291137,0.262294203042984,0.2686167359352112,0.2607763409614563,0.3096904456615448,0.2438161373138427,0.3246092200279236,0.2355832159519195,0.3281714022159576,0.2310245037078857,0.330588161945343,0.2280934303998947,0.3247013986110687,0.2319396287202835,0.3224484026432037,0.2341897040605545,0.2963374853134155,0.260189950466156,0.2966533005237579,0.2691197097301483,0.3048390448093414,0.2861931622028351,0.3093604445457458,0.2926889061927795,0.2984598875045776,0.2640113830566406,0.342080295085907,0.3336965143680572,0.3335829377174377,0.3335413038730621,0.3340407311916351,0.3341614603996277,0.334281325340271,0.3387237191200256,0.3382025957107544,0.3516017198562622,0.3513880968093872,0.3908087611198425,0.3916364908218384,0.4620007574558258,0.4634960293769836,0.5283335447311401,0.5204817652702332,0.5484908819198608,0.540012538433075,0.549029529094696,0.5386550426483154,0.5426877737045288,0.5331425070762634,0.5234328508377075,0.5233717560768127,0.6173496842384338,0.6103726625442505,0.6936184167861938,0.6824852824211121,0.7018448710441589,0.6906324625015259,0.7221850752830505,0.704445481300354,-0.2315563708543777,-0.2265949249267578,-0.2265975773334503,-0.2266319692134857,-0.2204875648021698,-0.2205042541027069,-0.2205764502286911,-0.1725410223007202,-0.1424519717693328,-0.2088941633701324,-0.2008757293224334,-0.13911934196949,-0.0705503448843956,-0.1199470534920692,-0.0170711427927017,-0.1689834594726562,-0.0798532739281654,-0.1946897655725479,-0.0988689288496971,-0.2190506011247635,-0.1270553767681121,-0.181855022907257,-0.0926739200949668,-0.0292209424078464,0.0292284339666366,-0.0095678884536027,0.0805910155177116,0.1397652328014373,0.2519623339176178,0.1492957025766372,0.2649377584457397,0.0622290596365928,0.1995015144348144,Turn-Second
588,0.9991378784179688,0.998573124408722,0.9989110231399536,0.999086618423462,0.9972971677780152,0.9967769980430604,0.996013045310974,0.9992126226425172,0.9923009872436525,0.9995365142822266,0.9985895156860352,0.9999851584434508,0.99880450963974,0.996066391468048,0.4403009414672851,0.987680971622467,0.5303409099578857,0.9741961359977722,0.5255571007728577,0.9741136431694032,0.5334196090698242,0.9635058641433716,0.5254469513893127,0.9996396899223328,0.9988168478012084,0.9726555943489076,0.8457418084144592,0.9705744981765748,0.903623640537262,0.8452827334403992,0.8763469457626343,0.9615867137908936,0.942724347114563,0.2653795182704925,0.2706227600574493,0.2732901871204376,0.2760984897613525,0.2643474042415619,0.2626530528068542,0.2611367404460907,0.2824257910251617,0.2623124718666076,0.2708036005496979,0.2620923519134521,0.3106423020362854,0.2431110590696334,0.3251580893993377,0.2326962649822235,0.3296889662742615,0.227896898984909,0.3319316804409027,0.2237871140241623,0.3258763551712036,0.2273965626955032,0.3234913349151611,0.2303455173969268,0.2963160276412964,0.2589721977710724,0.2965797185897827,0.2684599757194519,0.3046682476997375,0.2856091558933258,0.3082892596721649,0.2916985750198364,0.2994925379753113,0.2653017938137054,0.342111200094223,0.3337503969669342,0.3336425125598907,0.3335948288440704,0.3340755999088287,0.3342019617557525,0.3343167901039123,0.3387483656406402,0.3379751741886139,0.3516850471496582,0.3515166342258453,0.3906920850276947,0.3895376920700073,0.4617890417575836,0.460941880941391,0.5278981924057007,0.5199334621429443,0.5485608577728271,0.5394045114517212,0.5488594174385071,0.5380006432533264,0.5424801111221313,0.5325706005096436,0.5233415961265564,0.5229343771934509,0.6173529028892517,0.608516275882721,0.6935513615608215,0.6824928522109985,0.7014607787132263,0.6905308365821838,0.7225196957588196,0.7047985196113586,-0.2576686441898346,-0.2519701421260834,-0.2519670128822326,-0.2519983947277069,-0.24744713306427,-0.2474661618471145,-0.2475302517414093,-0.1871544122695922,-0.1659982651472091,-0.2309073656797409,-0.2250795364379882,-0.1440376341342926,-0.0891042798757553,-0.1210167631506919,-0.0324510931968688,-0.1744383871555328,-0.0945777520537376,-0.1996857523918151,-0.1140970736742019,-0.2247143238782882,-0.1438726782798767,-0.187303215265274,-0.1080231443047523,-0.0253476612269878,0.0253608338534832,-0.0045004994608461,0.0732269883155822,0.1395843923091888,0.2495052367448806,0.1486073583364486,0.2628878951072693,0.0616288483142852,0.1919886320829391,Turn-Second
589,0.9992195963859558,0.9986950159072876,0.999001920223236,0.9991594552993774,0.9975399374961852,0.9970700740814208,0.9963763952255248,0.9992704391479492,0.9930042624473572,0.999579668045044,0.998724102973938,0.9999859929084778,0.998921036720276,0.9961650371551514,0.4909087121486664,0.987822413444519,0.5741677284240723,0.9743916392326356,0.5678970813751221,0.9744585156440736,0.5753889679908752,0.964373767375946,0.5675502419471741,0.9996626377105712,0.9989084005355836,0.9744598269462584,0.8587326407432556,0.9720452427864076,0.910572111606598,0.8387762308120728,0.8778834342956543,0.9631794691085817,0.9460591673851012,0.2666333317756653,0.2717700898647308,0.2744818329811096,0.2773634791374206,0.2652142643928528,0.2634259462356567,0.2618239521980285,0.2836205065250397,0.2623330056667328,0.2722008824348449,0.2631225883960724,0.3114256560802459,0.2429819405078888,0.3266493678092956,0.2316418439149856,0.3313956260681152,0.2247239649295807,0.3331857025623321,0.2176514118909835,0.3283250629901886,0.2202094346284866,0.3259396851062774,0.224203735589981,0.2967858910560608,0.2585135400295257,0.2998069226741791,0.2652588188648224,0.3047298789024353,0.2839835584163666,0.3078938126564026,0.2902620732784271,0.3011607527732849,0.2652545571327209,0.3427201509475708,0.3342295289039612,0.3341094255447387,0.3340010643005371,0.3343316316604614,0.3343824744224548,0.3344253599643707,0.3387703597545624,0.3379499316215515,0.3518813550472259,0.3516226410865783,0.3906750977039337,0.3883832693099975,0.4615779817104339,0.4578130841255188,0.5265458822250366,0.5191723704338074,0.5480008721351624,0.5380664467811584,0.5481864809989929,0.5374820232391357,0.5418775677680969,0.5324132442474365,0.5234593152999878,0.5229613780975342,0.6175559759140015,0.6084887981414795,0.6939142346382141,0.6825582385063171,0.7016852498054504,0.6906720995903015,0.7238778471946716,0.7063634395599365,-0.246046632528305,-0.240429401397705,-0.2404389083385467,-0.2404619753360748,-0.2361720502376556,-0.2361845076084137,-0.2362028658390045,-0.1793340146541595,-0.1555319130420684,-0.21929931640625,-0.2134232223033905,-0.128578782081604,-0.0779698193073272,-0.0894883498549461,-0.017922069877386,-0.1448006927967071,-0.0764084830880165,-0.1642272323369979,-0.0940132290124893,-0.1882424652576446,-0.1242152005434036,-0.1548746675252914,-0.0902516841888427,-0.0203454606235027,0.0202956832945346,-0.0016123472014442,0.0702642351388931,0.1393979489803314,0.2402108162641525,0.1479940116405487,0.2529792189598083,0.0598615035414695,0.182153582572937,Turn-Second
590,0.9992931485176086,0.9988034963607788,0.9990829825401306,0.9992243051528932,0.9977566599845886,0.9973319172859192,0.9967011213302612,0.9993223547935486,0.993631899356842,0.9996183514595032,0.9988446831703186,0.9999868273735046,0.9990249872207642,0.9963058233261108,0.5358956456184387,0.988133192062378,0.6133812069892883,0.9749481081962584,0.6056944727897644,0.9751304388046264,0.6128972768783569,0.9655945301055908,0.6052214503288269,0.99968421459198,0.9989927411079408,0.9761848449707032,0.8707559704780579,0.973609745502472,0.9169746041297911,0.8328505754470825,0.8806363940238953,0.9648487567901612,0.9491399526596068,0.2675129175186157,0.272658497095108,0.2753702998161316,0.2781758904457092,0.2659891545772552,0.2641411423683166,0.2624547183513641,0.2842099666595459,0.26245978474617,0.2730359435081482,0.2638562321662903,0.3118965029716491,0.2428971827030182,0.3281420171260834,0.2306567430496215,0.3326886594295501,0.2210036069154739,0.3342405557632446,0.2128965407609939,0.3296505808830261,0.2146210670471191,0.327221542596817,0.2194041311740875,0.2968166172504425,0.2580849528312683,0.3007274866104126,0.2605911493301391,0.304813802242279,0.279468834400177,0.3075656294822693,0.2873689234256744,0.3009777069091797,0.2621725499629974,0.342797189950943,0.3342583477497101,0.3341341316699981,0.3340269923210144,0.3343452513217926,0.3343973755836487,0.3344440758228302,0.3387903869152069,0.3379394710063934,0.351945698261261,0.3517127931118011,0.3907951116561889,0.3877606093883514,0.4616292417049408,0.4565787613391876,0.5267887115478516,0.5188164710998535,0.5480884313583374,0.5369962453842163,0.5482171773910522,0.5373086929321289,0.5419225096702576,0.5321897864341736,0.5235157608985901,0.523095965385437,0.6181669235229492,0.6085531115531921,0.6941497921943665,0.6823633313179016,0.7018311619758606,0.6897580623626709,0.7249283194541931,0.7072283029556274,-0.2469147443771362,-0.2411070317029953,-0.2411154061555862,-0.2411311417818069,-0.2369807958602905,-0.2369949072599411,-0.2370110750198364,-0.1778536885976791,-0.1562515050172805,-0.2200168669223785,-0.2142984867095947,-0.1316898614168167,-0.0771524012088775,-0.0987086370587349,-0.0185902118682861,-0.1548195779323578,-0.0790404602885246,-0.1754174530506134,-0.0968891754746437,-0.1968732178211212,-0.1280117034912109,-0.1635583937168121,-0.0933559238910675,-0.0218980219215154,0.0218491237610578,-0.001689063035883,0.0731300339102745,0.1363647282123565,0.2438929826021194,0.1451835632324218,0.2554240226745605,0.0529475137591362,0.1904990673065185,Turn-Second
591,0.9993601441383362,0.9989054203033448,0.9991595149040222,0.9992859959602356,0.997957408428192,0.9975743293762208,0.9970011115074158,0.9993705153465272,0.9942082166671752,0.999653697013855,0.9989542365074158,0.999987542629242,0.9991190433502196,0.9963730573654176,0.5783261060714722,0.9883152842521667,0.649118185043335,0.9751683473587036,0.6401838660240173,0.9755014181137084,0.6471477150917053,0.966391921043396,0.6396955251693726,0.999705731868744,0.9990724325180054,0.9780495762825012,0.8825035691261292,0.9756363034248352,0.9237104058265686,0.8371488451957703,0.8843798637390137,0.967382550239563,0.9527407884597778,0.2688785791397095,0.2735544741153717,0.276164710521698,0.2788616418838501,0.2671497464179992,0.2653302550315857,0.2636427283287048,0.2845772802829742,0.262929230928421,0.2740466296672821,0.2651209533214569,0.3123226761817932,0.2426392287015915,0.3289386034011841,0.2295287400484085,0.3331841826438904,0.2158618420362472,0.334197074174881,0.2080291956663131,0.3296344876289367,0.208873838186264,0.3274163603782654,0.2127187252044677,0.2973059713840484,0.2581402361392975,0.301798403263092,0.2577583193778991,0.3048512637615204,0.274172306060791,0.3066353499889374,0.2823736071586609,0.3008325099945068,0.2606970071792602,0.3428534269332886,0.3342738449573517,0.3341611325740814,0.3340741097927093,0.3343740701675415,0.3344249427318573,0.3344672620296478,0.3388054072856903,0.337925910949707,0.3519634902477264,0.3516992628574371,0.3911281228065491,0.3875416815280914,0.4620800912380218,0.4557910561561584,0.5269830226898193,0.518695592880249,0.5482040047645569,0.5354584455490112,0.5482809543609619,0.5364062190055847,0.5420407056808472,0.5318114161491394,0.5246589183807373,0.5238697528839111,0.6188329458236694,0.6085635423660278,0.6944319605827332,0.6805760264396667,0.7019739151000977,0.6878871917724609,0.7250182032585144,0.7081459760665894,-0.2742823958396911,-0.2679867148399353,-0.26798015832901,-0.2679854035377502,-0.2645048499107361,-0.2645318508148193,-0.2645530998706817,-0.1981102675199508,-0.1809060275554657,-0.2453631907701492,-0.2405421733856201,-0.1379882246255874,-0.1001957654953002,-0.1078270450234413,-0.0410888716578483,-0.1581054627895355,-0.1011850088834762,-0.1806166470050811,-0.1199664250016212,-0.2023115903139114,-0.152048572897911,-0.166553258895874,-0.1159860491752624,-0.0191917512565851,0.0191279258579015,0.002952083479613,0.0775558203458786,0.1502984762191772,0.2698819935321808,0.159525841474533,0.2852667570114136,0.0635357648134231,0.214807242155075,Turn-Second
592,0.9994200468063354,0.9989938735961914,0.9992255568504332,0.9993371367454528,0.9981377720832824,0.9977939128875732,0.9972727298736572,0.9994083642959596,0.9947324991226196,0.99968421459198,0.9990516304969788,0.9999876618385316,0.9992042183876038,0.9964348673820496,0.6178686022758484,0.9884097576141356,0.6820114850997925,0.9750792384147644,0.6720255613327026,0.9755859375,0.6787353157997131,0.9668716192245485,0.6716364026069641,0.9997191429138184,0.9991450309753418,0.9797414541244508,0.8933902382850647,0.977464497089386,0.9303147792816162,0.8416905403137207,0.8894574046134949,0.9696488976478576,0.956304132938385,0.2697682082653045,0.274286538362503,0.276865005493164,0.2795040011405945,0.2679147720336914,0.2660552263259887,0.264323741197586,0.2846777737140655,0.2629607319831848,0.2747692465782165,0.2657594978809356,0.3123431801795959,0.2417399883270263,0.3287279605865478,0.2279421836137771,0.3333091139793396,0.2112977802753448,0.3348162770271301,0.2027283012866974,0.3306156992912292,0.2037369012832641,0.3282907605171203,0.2076974809169769,0.2980886101722717,0.257994681596756,0.3034167885780334,0.2557576298713684,0.306326150894165,0.2677158713340759,0.3068127036094665,0.2742139101028442,0.3012335002422333,0.25537770986557,0.3424056470394134,0.3341727554798126,0.3340990841388702,0.334062784910202,0.334259569644928,0.3343119323253631,0.3343505263328552,0.338723212480545,0.3378467261791229,0.3514335453510284,0.3509987294673919,0.391206830739975,0.3875401616096496,0.4620994627475738,0.4551179111003876,0.5272054076194763,0.5183261632919312,0.54813551902771,0.5331035852432251,0.5481449365615845,0.5344814658164978,0.5421215295791626,0.5306134223937988,0.5247226357460022,0.5240018963813782,0.6180242896080017,0.6083457469940186,0.6944712996482849,0.6806432604789734,0.7020730376243591,0.6881192922592163,0.7252775430679321,0.7105473279953003,-0.2780789136886596,-0.2709563374519348,-0.2709427177906036,-0.2709371447563171,-0.2682417035102844,-0.2682790458202362,-0.2683060765266418,-0.1995481997728347,-0.1859306991100311,-0.2488712817430496,-0.2451347112655639,-0.1389493644237518,-0.1067922562360763,-0.1043006777763366,-0.0495183318853378,-0.1576672345399856,-0.1080943346023559,-0.1769567430019378,-0.1266499310731887,-0.2014719247817993,-0.1596228778362274,-0.1673250049352646,-0.1232835203409195,-0.0165218356996774,0.0164545811712741,0.0130065353587269,0.0663352608680725,0.152161419391632,0.2455655038356781,0.1602201461791992,0.2586630582809448,0.0646993666887283,0.1813406348228454,Turn-Second
593,0.9994698762893676,0.999054491519928,0.9992687702178956,0.9993640780448914,0.9982787370681764,0.997972846031189,0.9974936246871948,0.9994170665740968,0.99515300989151,0.9997060894966124,0.999130368232727,0.9999865889549256,0.9992784261703492,0.9964303970336914,0.6542195677757263,0.9886366724967957,0.7116860747337341,0.975242018699646,0.7006045579910278,0.9759230613708496,0.7071239352226257,0.96769118309021,0.7004376649856567,0.999718964099884,0.9992013573646544,0.980839729309082,0.9028229117393494,0.978400468826294,0.9356822371482848,0.8434070944786072,0.8894715905189514,0.970627784729004,0.9584425091743468,0.2717934548854828,0.2753641009330749,0.2776897847652435,0.2800167202949524,0.2690852284431457,0.2670579552650451,0.2651689648628235,0.2845032811164856,0.2630221247673034,0.276354044675827,0.2671610713005066,0.3120530545711517,0.2411547005176544,0.3283601701259613,0.2259565144777298,0.334043800830841,0.2082411050796508,0.3360264897346496,0.1986937969923019,0.3319044709205627,0.199742704629898,0.3295173346996307,0.2041260749101638,0.2998327612876892,0.2581138908863067,0.3063082098960876,0.2544258534908294,0.3075870871543884,0.2602150738239288,0.3070324063301086,0.2635680139064789,0.3030429482460022,0.247947409749031,0.3421453535556793,0.3341096341609955,0.3340464532375335,0.3340328931808471,0.3342052102088928,0.3342574536800384,0.3343031704425812,0.3385877311229706,0.3378498256206512,0.3509233593940735,0.3504985570907593,0.3911551833152771,0.3876051604747772,0.4611178338527679,0.4545318484306335,0.5264469385147095,0.5172451138496399,0.5470572113990784,0.530214786529541,0.5468311309814453,0.5318225622177124,0.5412924289703369,0.5287244319915771,0.5247600674629211,0.5244517922401428,0.6179380416870117,0.608698308467865,0.694809079170227,0.6862232089042664,0.7022925615310669,0.6927715539932251,0.7255303859710693,0.7138445973396301,-0.2600416839122772,-0.2534378170967102,-0.2534332871437073,-0.2534324526786804,-0.2504087090492248,-0.2504412829875946,-0.2504711747169494,-0.1904836148023605,-0.1722460687160492,-0.2328552007675171,-0.2287956923246383,-0.12706358730793,-0.0978004187345504,-0.0808350443840026,-0.0432219356298446,-0.1344811022281646,-0.0968409553170204,-0.150851771235466,-0.1138434559106826,-0.1770360767841339,-0.1456923633813858,-0.1451444327831268,-0.1115023121237754,-0.0108151948079466,0.0107583049684762,0.0197715647518634,0.0514691956341266,0.1516705453395843,0.2004959285259246,0.1593892276287078,0.2102889120578766,0.0689319148659706,0.1301873624324798,Turn-Second
594,0.999518871307373,0.9991309642791748,0.9993265867233276,0.9994103312492372,0.9984278678894044,0.998154878616333,0.9977192282676696,0.9994547963142396,0.9955888986587524,0.999731421470642,0.9992105960845948,0.9999868869781494,0.9993470311164856,0.9965328574180604,0.6872337460517883,0.9891262650489808,0.7386414408683777,0.975984275341034,0.7267577648162842,0.9767562747001648,0.7330449819564819,0.9689648747444152,0.7266770601272583,0.9997233748435974,0.9992516040802002,0.981895923614502,0.9113684296607972,0.9792049527168274,0.940351903438568,0.8425154685974121,0.887281060218811,0.971375286579132,0.960160195827484,0.2710225284099579,0.2748272120952606,0.2771884799003601,0.2795660495758056,0.2687245607376098,0.2668674290180206,0.2651003897190094,0.2843891978263855,0.2621388733386993,0.2757488191127777,0.2668302059173584,0.3118658363819122,0.2399156093597412,0.3280203640460968,0.2228411883115768,0.3342193961143493,0.2044364660978317,0.3369243741035461,0.1943631917238235,0.3322378993034363,0.1967851221561432,0.3296183347702026,0.2015619277954101,0.3005527555942535,0.2580547630786896,0.3062948584556579,0.2529517114162445,0.3080682158470154,0.2530263066291809,0.3073075413703918,0.2547950148582458,0.3026839792728424,0.2447140216827392,0.3436925709247589,0.335432231426239,0.3352804481983185,0.33521169424057,0.3355593383312225,0.3355007171630859,0.3354806005954742,0.3393173217773437,0.3388272225856781,0.3520590364933014,0.3517594635486603,0.3911458253860473,0.3876237571239471,0.4609213173389435,0.4539817571640014,0.5264654755592346,0.5165549516677856,0.5466004610061646,0.5288412570953369,0.5465282797813416,0.5306216478347778,0.5410438179969788,0.5276987552642822,0.5254738926887512,0.5256348252296448,0.6197046637535095,0.6116971969604492,0.6966342329978943,0.6922061443328857,0.7040731906890869,0.6993065476417542,0.7259295582771301,0.7216445803642273,-0.2848332822322845,-0.2788867056369781,-0.278864175081253,-0.2788464426994324,-0.2766148149967193,-0.2766612470149994,-0.2766889333724975,-0.2061258852481842,-0.1962943971157074,-0.254509836435318,-0.2519048750400543,-0.1355613321065902,-0.1121037006378173,-0.0901483744382858,-0.0494910441339015,-0.1404609531164169,-0.101598635315895,-0.1569870412349701,-0.117889180779457,-0.1831049025058746,-0.1499651372432708,-0.1507337391376495,-0.1160385385155677,-0.0094107519835233,0.0093353278934955,0.0266001280397176,0.0522645525634288,0.1721543371677398,0.2063136398792266,0.1814977824687957,0.2171153724193573,0.0912781134247779,0.1350651085376739,Turn-Second
595,0.9995649456977844,0.999208390712738,0.9993858337402344,0.999460220336914,0.9985732436180116,0.9983286261558532,0.9979339838027954,0.9994972944259644,0.9960020780563354,0.9997559189796448,0.9992857575416564,0.9999873638153076,0.9994096755981444,0.9966745376586914,0.7173118591308594,0.98971426486969,0.7630242705345154,0.9769907593727112,0.7503088116645813,0.9778228998184204,0.7563764452934265,0.970496952533722,0.7503075003623962,0.9997284412384032,0.999297857284546,0.9829148054122924,0.9192026257514954,0.9799883961677552,0.9445396065711976,0.8428972959518433,0.884155809879303,0.9721306562423706,0.9615379571914672,0.26939457654953,0.2730917036533355,0.2756358981132507,0.278189867734909,0.2663873732089996,0.2643389701843261,0.2625368535518646,0.2828971743583679,0.2603439688682556,0.2744386792182922,0.265267550945282,0.3116152882575989,0.2376091927289962,0.3277689814567566,0.2196271121501922,0.3338650166988373,0.2015366554260254,0.3373155295848846,0.1913625746965408,0.3322861790657043,0.1943709999322891,0.3294287919998169,0.1991860121488571,0.3005705773830414,0.2580311894416809,0.3060023784637451,0.2519911825656891,0.3085278272628784,0.2480321377515792,0.3077531456947326,0.248082548379898,0.3024672269821167,0.2428381741046905,0.3458927869796753,0.3369845151901245,0.3368143737316131,0.3367075622081756,0.3368977308273315,0.336663156747818,0.3365028202533722,0.3401580452919006,0.3397255837917328,0.3542074263095855,0.3538122177124023,0.3915241956710815,0.3880710005760193,0.4609746932983398,0.4540256261825561,0.5264901518821716,0.5163261890411377,0.5463869571685791,0.5288337469100952,0.5464591383934021,0.5304219126701355,0.5410864949226379,0.5273812413215637,0.5267852544784546,0.527516782283783,0.6197779774665833,0.6140125393867493,0.6967257261276245,0.6948440670967102,0.7040738463401794,0.7009960412979126,0.7257101535797119,0.7235131859779358,-0.280416190624237,-0.2747638523578644,-0.2747340500354767,-0.2747096419334411,-0.2719682157039642,-0.2720130383968353,-0.2720324397087097,-0.2031525671482086,-0.1912900805473327,-0.250609815120697,-0.2473073303699493,-0.1373833864927292,-0.1081550568342208,-0.0888130068778991,-0.0477420464158058,-0.1430751979351043,-0.1019889265298843,-0.1604946851730346,-0.1189285665750503,-0.186147540807724,-0.1494543552398681,-0.1532324254512787,-0.1158977374434471,-0.0083914007991552,0.0083109317347407,0.0268457680940628,0.0516558960080146,0.1787762343883514,0.2084662616252899,0.1891295611858368,0.2197969257831573,0.100116416811943,0.1372238248586654,Turn-Second
596,0.9996069073677064,0.999281108379364,0.999441385269165,0.9995076060295104,0.9987077116966248,0.9984882473945618,0.9981315732002258,0.9995391964912416,0.9963864088058472,0.999778687953949,0.999354898929596,0.9999880790710448,0.9994663000106812,0.9967674612998962,0.744739294052124,0.9902455806732178,0.7849343419075012,0.9779255390167236,0.7713548541069031,0.9788143038749696,0.777248203754425,0.9719021916389464,0.7714141011238098,0.9997373223304749,0.9993414282798768,0.983976185321808,0.9263598322868348,0.9808633327484132,0.94844788312912,0.8457640409469604,0.8819682002067566,0.9729812741279602,0.9628129601478576,0.2691819667816162,0.2730143070220947,0.2755264639854431,0.2779536247253418,0.2660421133041382,0.263826310634613,0.261750191450119,0.2816466987133026,0.2585271894931793,0.274240642786026,0.2652428746223449,0.3105162978172302,0.2356022894382476,0.3276764452457428,0.2155981957912445,0.3339636325836181,0.1972897946834564,0.3370945453643799,0.187023788690567,0.3320571184158325,0.190203458070755,0.3293441832065582,0.1952454298734665,0.3003573417663574,0.2571096122264862,0.3056447207927704,0.2507719099521637,0.308713436126709,0.2450887858867645,0.3078326880931854,0.2446133643388748,0.3027882277965545,0.2432553023099899,0.3484812080860138,0.3391786515712738,0.3389449417591095,0.3387893438339233,0.3392405211925506,0.3389811515808105,0.3387935757637024,0.3414419293403625,0.3417453467845917,0.3567009568214416,0.3566296994686126,0.3916949927806854,0.3896039426326751,0.4610093235969543,0.4546405673027038,0.526418924331665,0.5173292756080627,0.5461498498916626,0.5300609469413757,0.5463429093360901,0.5317464470863342,0.5410611033439636,0.5286012291908264,0.5281241536140442,0.5299581289291382,0.6205422878265381,0.6180235147476196,0.6968767642974854,0.6981984376907349,0.7041729092597961,0.703657329082489,0.7254212498664856,0.7273717522621155,-0.2916193604469299,-0.2849390208721161,-0.2849142253398895,-0.2848966419696808,-0.2844694852828979,-0.2845174074172973,-0.2845321297645569,-0.2061761170625686,-0.2052272260189056,-0.2587049603462219,-0.2585907578468323,-0.1378185451030731,-0.1196292787790298,-0.0807806104421615,-0.0651539415121078,-0.138060986995697,-0.1229762658476829,-0.1562894880771637,-0.1414216160774231,-0.1828038543462753,-0.1724704802036285,-0.1487425416707992,-0.1370627284049987,-0.00550357112661,0.0054363990202546,0.033393956720829,0.0490379184484481,0.1949636340141296,0.2100320607423782,0.2063225209712982,0.2218743115663528,0.1175329238176345,0.1364787220954895,Turn-Second
597,0.9996437430381776,0.99934184551239,0.9994871616363524,0.9995450377464294,0.9988245964050292,0.998628556728363,0.99830561876297,0.9995688199996948,0.9967228174209596,0.9997978806495668,0.999415636062622,0.9999881386756896,0.9995169639587402,0.996849000453949,0.7696653008460999,0.990742802619934,0.8052011728286743,0.9787668585777284,0.7912642359733582,0.9797027707099916,0.7968835830688477,0.9731970429420472,0.791363000869751,0.9997363090515136,0.9993810653686525,0.9848265051841736,0.9327755570411682,0.9814864993095398,0.9519292712211608,0.8486045598983765,0.8789354562759399,0.9736406803131104,0.9637826681137084,0.2679919600486755,0.2708690464496612,0.2731385231018066,0.2753392457962036,0.2643716335296631,0.2621630132198334,0.2600892186164856,0.2778412699699402,0.2564911246299743,0.2724979817867279,0.2637637853622436,0.308076798915863,0.2333762198686599,0.3262963593006134,0.212858036160469,0.3335508704185486,0.1949515640735626,0.3365773558616638,0.1837995648384094,0.3316674530506134,0.186890959739685,0.3289840817451477,0.1926106512546539,0.3003033697605133,0.2560071051120758,0.3057440221309662,0.2509819865226745,0.3086929321289062,0.2456785887479782,0.3079182207584381,0.2452942878007888,0.3030454218387604,0.2430993765592575,0.3482773900032043,0.3390857279300689,0.3388506174087524,0.3386966586112976,0.3391800224781036,0.3389523327350616,0.3388006091117859,0.3414140343666076,0.3418585658073425,0.3565321862697601,0.3564628362655639,0.3916886150836944,0.3911952674388885,0.4602540731430053,0.4558946788311004,0.5248405933380127,0.5186358690261841,0.5456191897392273,0.5325179696083069,0.5460001826286316,0.5337474346160889,0.5407973527908325,0.530190110206604,0.5283619165420532,0.5307410955429077,0.6203761696815491,0.6187041997909546,0.6968718767166138,0.7004101276397705,0.7040676474571228,0.7061358690261841,0.7251251935958862,0.7284135818481445,-0.2838755249977112,-0.2769642472267151,-0.2769356369972229,-0.2769113779067993,-0.27604940533638,-0.2761015594005584,-0.2761281132698059,-0.2014229297637939,-0.1979190111160278,-0.2524934113025665,-0.2517788708209991,-0.1361478269100189,-0.1183400377631187,-0.0809596106410026,-0.0688560679554939,-0.1396045684814453,-0.1231138929724693,-0.1576907485723495,-0.1412157118320465,-0.1836196482181549,-0.1709915697574615,-0.1501240134239196,-0.136724054813385,-0.0048483340069651,0.0047707809135317,0.0380992069840431,0.0448344647884368,0.1990788280963897,0.2004980593919754,0.210616797208786,0.2118105143308639,0.1245966553688049,0.1253779977560043,Turn-Second
598,0.9996777772903442,0.999401032924652,0.9995321035385132,0.9995832443237304,0.9989344477653505,0.9987586736679076,0.9984671473503112,0.9996020197868348,0.9970365762710572,0.999816358089447,0.9994720220565796,0.9999885559082032,0.9995627999305724,0.9969154000282288,0.7920904159545898,0.9911251068115234,0.8234431743621826,0.97938072681427,0.8092172741889954,0.9803714156150818,0.8145966529846191,0.9741974472999572,0.8093312978744507,0.9997411370277404,0.9994164109230042,0.9855231642723083,0.9382968544960022,0.9816588759422302,0.9544795155525208,0.8481627106666565,0.8744565844535828,0.9736493825912476,0.9639224410057068,0.2654626071453094,0.2682900428771972,0.2706668376922607,0.2729065120220184,0.2615711987018585,0.2592889666557312,0.2571200728416443,0.2754615545272827,0.2535861432552337,0.2701672613620758,0.2609778046607971,0.3053712844848633,0.2301239222288131,0.3247606158256531,0.2093396931886673,0.3334331810474396,0.1931564211845398,0.3363031446933746,0.1823897361755371,0.3312909603118896,0.1855364292860031,0.3286443650722503,0.1912134885787964,0.2991140782833099,0.25447678565979,0.3055562078952789,0.250639408826828,0.3087170720100403,0.246369868516922,0.3079464733600616,0.2450103759765625,0.3032030463218689,0.2440175265073776,0.3490978181362152,0.3396792411804199,0.339451253414154,0.3393005132675171,0.3397522270679474,0.3395242691040039,0.3393837809562683,0.3420145809650421,0.3428479731082916,0.3576045930385589,0.3578212559223175,0.3921273052692413,0.3931137919425964,0.4598394930362701,0.4580726623535156,0.5232290625572205,0.5223401784896851,0.5443859100341797,0.5362279415130615,0.5448158383369446,0.5378344058990479,0.5394918918609619,0.5339152216911316,0.529468834400177,0.5326237082481384,0.621337890625,0.6201390624046326,0.6972293853759766,0.7004960775375366,0.7038480043411255,0.7067434787750244,0.725123405456543,0.7287235260009766,-0.2884996235370636,-0.2808902561664581,-0.2808678150177002,-0.2808477282524109,-0.2804809510707855,-0.2805352210998535,-0.2805582880973816,-0.2013935595750808,-0.2004552632570266,-0.2556285560131073,-0.2555933892726898,-0.1354670375585556,-0.1178619116544723,-0.082595869898796,-0.0674808621406555,-0.1450973451137542,-0.1285237371921539,-0.1668977290391922,-0.1487052291631698,-0.194620668888092,-0.1784551441669464,-0.1572839319705963,-0.1421471834182739,-0.005008399952203,0.0049411035142838,0.035713043063879,0.0491787418723106,0.2088222950696945,0.2056723535060882,0.221732497215271,0.2137681990861892,0.1341370493173599,0.1408101618289947,Turn-Second
599,0.9997058510780334,0.999444305896759,0.9995627403259276,0.9996069073677064,0.9990218877792358,0.998864769935608,0.9986007213592528,0.9996179342269896,0.997300386428833,0.9998310208320618,0.9995206594467164,0.999988853931427,0.9996034502983092,0.9968615174293518,0.8122507929801941,0.9912149310112,0.8396470546722412,0.979390561580658,0.8249702453613281,0.9804704189300536,0.8301716446876526,0.974471628665924,0.8250688314437866,0.999748945236206,0.9994504451751708,0.9861392378807068,0.9431440830230712,0.981809675693512,0.9567993879318236,0.8495420813560486,0.8722931146621704,0.9738580584526062,0.9642813205718994,0.2644642293453216,0.2667422294616699,0.2687562108039856,0.2706078886985779,0.2603636980056762,0.2580144703388214,0.2558632493019104,0.2719737291336059,0.2513948976993561,0.2686676383018493,0.2600163221359253,0.302679181098938,0.2269366085529327,0.3214279115200043,0.2059438526630401,0.3316661119461059,0.1905600726604461,0.3349963426589966,0.1812235414981842,0.3305594325065613,0.185072124004364,0.3277932107448578,0.1894824653863906,0.2974832653999328,0.2524043917655945,0.3052855134010315,0.2501700520515442,0.3086658716201782,0.2474254071712494,0.3080076575279236,0.2471083402633667,0.3031238913536072,0.2443152219057083,0.3499645292758941,0.3402080237865448,0.3398863673210144,0.3396617174148559,0.3405753970146179,0.3404241502285003,0.3403145670890808,0.3421697616577148,0.3436590731143951,0.3581820726394653,0.3586469888687134,0.3920683264732361,0.3946002423763275,0.4583268463611603,0.4607086181640625,0.5211812853813171,0.5249761939048767,0.5433165431022644,0.541260302066803,0.5437131524085999,0.5422086119651794,0.5382179021835327,0.5373913645744324,0.5300056338310242,0.5344136953353882,0.62175452709198,0.6214221119880676,0.6970926523208618,0.6999737024307251,0.7034276127815247,0.706058144569397,0.7250966429710388,0.728797972202301,-0.3084130883216858,-0.3010269701480865,-0.3010117411613464,-0.3010061383247375,-0.30142343044281,-0.3014780879020691,-0.3015105128288269,-0.2164590805768966,-0.2198782861232757,-0.2732295393943786,-0.2743098437786102,-0.1437677592039108,-0.131762221455574,-0.0859799459576606,-0.0802677124738693,-0.1597501039505005,-0.139946773648262,-0.183022066950798,-0.161188930273056,-0.2108280658721923,-0.1920024901628494,-0.1718774139881134,-0.1540128290653228,-0.0054558767005801,0.0053991414606571,0.0456102415919303,0.0627630427479744,0.2362068593502044,0.2537255585193634,0.2511062324047088,0.2688378393650055,0.1633269935846328,0.1833502948284149,Turn-Second
600,0.9997338056564332,0.9994935393333436,0.9996004700660706,0.9996393918991088,0.9991124868392944,0.998971700668335,0.9987332224845886,0.9996455311775208,0.9975558519363404,0.9998460412025452,0.9995664358139038,0.9999893307685852,0.9996412992477416,0.99691641330719,0.830539882183075,0.9916087985038756,0.8546116948127747,0.980038046836853,0.839857280254364,0.9811567068099976,0.8448317050933838,0.9754642844200134,0.8399275541305542,0.9997517466545104,0.9994804263114928,0.9868249893188475,0.947913408279419,0.9823261499404908,0.9595789313316344,0.8525339961051941,0.8704779744148254,0.9745997190475464,0.9654824137687684,0.2611013352870941,0.2635088562965393,0.2656175494194031,0.267551988363266,0.2570803761482239,0.2548126876354217,0.2525606453418731,0.2697725296020508,0.2484596520662307,0.2657095193862915,0.2569576799869537,0.2995128333568573,0.2241303473711013,0.3169042468070984,0.2041928470134735,0.3278733491897583,0.1889228075742721,0.3327261805534363,0.1792779415845871,0.3282804191112518,0.1822262108325958,0.3251355588436126,0.187189981341362,0.2952107489109039,0.2499148845672607,0.3035910725593567,0.2496291697025299,0.3079380393028259,0.2470477074384689,0.3070005774497986,0.2472316771745681,0.3029857277870178,0.2436064928770065,0.3510647118091583,0.341440349817276,0.3411785066127777,0.3409934937953949,0.3415937721729278,0.3413318991661072,0.3411410450935364,0.3433395624160766,0.3444253504276275,0.3594728410243988,0.3598136901855469,0.3919730484485626,0.3953231871128082,0.4581318497657776,0.4618926048278808,0.5212169289588928,0.5270083546638489,0.5428584814071655,0.5438922643661499,0.5431015491485596,0.5454771518707275,0.537885308265686,0.539944589138031,0.5304110050201416,0.5346046090126038,0.6217819452285767,0.6221219897270203,0.6971123814582825,0.7032849192619324,0.7034575343132019,0.7103030681610107,0.7252543568611145,0.7303281426429749,-0.2962689101696014,-0.2891919612884521,-0.2891705632209778,-0.289156824350357,-0.2892687618732452,-0.2893178164958954,-0.2893388867378235,-0.2097309827804565,-0.210359051823616,-0.2627286911010742,-0.2632686197757721,-0.1390511840581894,-0.1247589811682701,-0.0802141278982162,-0.0747249722480773,-0.1468743085861206,-0.1328074038028717,-0.1675324141979217,-0.1525132209062576,-0.1950006186962127,-0.1821299493312835,-0.1584997475147247,-0.1462887078523636,-0.0042614652775228,0.004189062397927,0.0416796617209911,0.0504860579967498,0.2157260924577713,0.2184936702251434,0.2287375181913375,0.2312151193618774,0.1434716284275055,0.1438523083925247,Turn-Second
601,0.9997583627700806,0.9995354413986206,0.9996318221092224,0.9996654391288756,0.9991922974586488,0.9990662336349488,0.9988507032394408,0.9996656775474548,0.99778550863266,0.9998587965965272,0.999607264995575,0.9999897480010986,0.9996759295463562,0.996910572052002,0.8471126556396484,0.9918264150619508,0.868232011795044,0.9802915453910828,0.8535881042480469,0.981471598148346,0.8583073616027832,0.9759932160377502,0.8535703420639038,0.9997499585151672,0.9995056986808776,0.987476646900177,0.9522150754928588,0.9829494953155518,0.9621559381484984,0.856559693813324,0.8703604340553284,0.9754663705825806,0.966639518737793,0.2597929537296295,0.2619951069355011,0.2640174627304077,0.2658461034297943,0.2555234432220459,0.2532363831996918,0.2508673071861267,0.2676321268081665,0.2458496391773224,0.2639993727207184,0.2554255723953247,0.2966497540473938,0.2210127413272857,0.3135544061660766,0.2015341222286224,0.3235399127006531,0.1877542734146118,0.3287528157234192,0.1784565299749374,0.3250179588794708,0.1824261099100113,0.3217152953147888,0.1871942579746246,0.2926124632358551,0.2475595921278,0.301055371761322,0.248796060681343,0.3076405525207519,0.2466867715120315,0.3069441616535187,0.2469034194946289,0.3029709756374359,0.243336945772171,0.3567108511924743,0.3468960523605346,0.3465102314949035,0.3461324274539947,0.3467866480350494,0.3462802469730377,0.3458347022533417,0.3460195958614349,0.3471725285053253,0.3644153177738189,0.3644218146800995,0.3919411301612854,0.3959971964359283,0.4570654034614563,0.4631239771842956,0.5196386575698853,0.5281304121017456,0.5411434173583984,0.5461161732673645,0.5412309765815735,0.5472084879875183,0.5357943773269653,0.5414307713508606,0.5303792357444763,0.5346786379814148,0.6207660436630249,0.6216238141059875,0.6969040632247925,0.7036435008049011,0.7033861875534058,0.7108179926872253,0.7252107262611389,0.7307315468788147,-0.3130616545677185,-0.3067089915275574,-0.3066792786121368,-0.3066619634628296,-0.3085333704948425,-0.3085866272449493,-0.3086026310920715,-0.2217703759670257,-0.2317900955677032,-0.2768575549125671,-0.2798882126808166,-0.1446583122014999,-0.1420499235391616,-0.0837316289544105,-0.0956439077854156,-0.1484375298023224,-0.1542682945728302,-0.1694325059652328,-0.1747380197048187,-0.1970917731523513,-0.2044347077608108,-0.1604411751031875,-0.1675712168216705,-0.0036085960455238,0.003543421626091,0.0501120574772357,0.0522186867892742,0.2125587463378906,0.2130124270915985,0.2244588583707809,0.2248599976301193,0.1403566151857376,0.1391900479793548,Turn-Second
602,0.9997794032096864,0.9995684623718262,0.99965500831604,0.9996827840805054,0.9992600083351136,0.9991475343704224,0.998952865600586,0.99967360496521,0.9979872107505798,0.9998685717582704,0.999642848968506,0.9999898076057434,0.999707043170929,0.9967093467712402,0.8620308041572571,0.991635799407959,0.8804670572280884,0.9796320796012878,0.865856945514679,0.9809375405311584,0.8703481554985046,0.9754766821861268,0.8657292723655701,0.9997450709342957,0.9995260834693908,0.9880485534667968,0.956163227558136,0.9835209846496582,0.9645847678184508,0.8604390025138855,0.8715952634811401,0.97622150182724,0.9678273797035216,0.257011741399765,0.2595954537391662,0.2616561353206634,0.2635510563850403,0.2528663277626037,0.2505523562431335,0.2481744289398193,0.2654865980148315,0.2432896792888641,0.2612055242061615,0.2527773678302765,0.2945828735828399,0.2186276465654373,0.3102757930755615,0.1984555125236511,0.3197305798530578,0.1858405321836471,0.3250593543052673,0.1766323894262313,0.3219384253025055,0.1809656023979187,0.3184584379196167,0.1857629865407943,0.2898149192333221,0.2452843189239502,0.2989473342895508,0.247442677617073,0.3072808682918548,0.2465138733386993,0.3067927956581116,0.2470005303621292,0.302723616361618,0.2430466711521148,0.3618241548538208,0.3510299026966095,0.350421130657196,0.3498290479183197,0.3512114584445953,0.3507069051265716,0.3502693176269531,0.3480487763881683,0.3498619198799133,0.3685859143733978,0.3687952160835266,0.3915973603725433,0.3965937793254852,0.4564436674118042,0.4643689095973968,0.5184494853019714,0.5301787853240967,0.5389301776885986,0.549303412437439,0.5387567281723022,0.5497913956642151,0.5333253145217896,0.5436464548110962,0.530351996421814,0.5349377393722534,0.6204227209091187,0.6212761402130127,0.6962770819664001,0.702900230884552,0.7028660178184509,0.7101987600326538,0.724774956703186,0.7307795882225037,-0.3226399421691894,-0.3173055052757263,-0.3172758221626282,-0.3172621130943298,-0.3188543617725372,-0.318911999464035,-0.3189328014850616,-0.2323867380619049,-0.241193801164627,-0.2859406769275665,-0.2886225581169128,-0.1497849971055984,-0.1498477160930633,-0.0855572968721389,-0.1031867712736129,-0.1487635821104049,-0.1607615798711776,-0.169286698102951,-0.1810726672410965,-0.1967779099941253,-0.2105360329151153,-0.1605114489793777,-0.1738816201686859,-0.0030183049384504,0.0029458231292665,0.0541994459927082,0.0533619299530983,0.2167250365018844,0.2147981375455856,0.2286808490753173,0.2268365323543548,0.1446315497159958,0.1418828815221786,Turn-Second
603,0.9997959733009338,0.9995887875556946,0.99966561794281,0.999687433242798,0.9993119835853576,0.9992117881774902,0.9990365505218506,0.9996649026870728,0.9981542825698853,0.9998748898506165,0.999672830104828,0.99998939037323,0.9997349381446838,0.9962741732597352,0.8753160238265991,0.9906023144721984,0.8910738825798035,0.9771530032157898,0.8761393427848816,0.978689432144165,0.880492627620697,0.9729130864143372,0.8758636713027954,0.9997411370277404,0.9995474219322203,0.9883689284324646,0.9597188234329224,0.983703911304474,0.9667019844055176,0.8634833097457886,0.8733975291252136,0.976642906665802,0.9688708782196044,0.2522429823875427,0.2553052306175232,0.2575796842575073,0.2597331404685974,0.2487149983644485,0.2464831322431564,0.2442670166492462,0.2624026238918304,0.2404942065477371,0.2570531070232391,0.2485048323869705,0.292471706867218,0.215719535946846,0.3072959184646606,0.1957826316356659,0.3159988224506378,0.1853091269731521,0.3199510276317596,0.1768212020397186,0.3174202144145965,0.1807143986225128,0.313891589641571,0.1854325830936432,0.2865671515464782,0.2412156760692596,0.2972565293312073,0.2453498542308807,0.3064610958099365,0.2465009689331054,0.3059211671352386,0.247543454170227,0.3026807308197021,0.2432402819395065,0.362588495016098,0.3518458604812622,0.3512501120567322,0.3506609201431274,0.3519615232944488,0.3514300286769867,0.350915789604187,0.3489440977573395,0.3503743410110473,0.3695188164710998,0.3695763349533081,0.3915418982505798,0.3967993855476379,0.4555186331272125,0.4654896557331085,0.5168603658676147,0.5311294794082642,0.5363568067550659,0.5511531233787537,0.5358835458755493,0.5515223145484924,0.5306171178817749,0.5450799465179443,0.5306251049041748,0.5358756184577942,0.6198236346244812,0.6211169362068176,0.6931312084197998,0.7027655243873596,0.6990176439285278,0.7099453210830688,0.724090039730072,0.7306985855102539,-0.3389876782894134,-0.3343963325023651,-0.3343638777732849,-0.3343581557273865,-0.3348941504955292,-0.3349574208259582,-0.3349871635437011,-0.2495781630277633,-0.253440648317337,-0.3020949363708496,-0.3033874630928039,-0.163819208741188,-0.1607914119958877,-0.0969622209668159,-0.1090372055768966,-0.1578250974416732,-0.1667869538068771,-0.1779451072216034,-0.1882905066013336,-0.205128476023674,-0.2181117981672287,-0.1692525595426559,-0.1801893860101699,-0.0026023243553936,0.0025210015010088,0.0664091929793357,0.0660811215639114,0.2530521750450134,0.2482336461544037,0.2678814530372619,0.2630224823951721,0.1839870661497116,0.1778006255626678,Turn-Second
604,0.9998106360435486,0.9996076226234436,0.9996753931045532,0.9996910691261292,0.999359130859375,0.9992704391479492,0.9991122484207152,0.999658226966858,0.9983099102973938,0.9998812675476074,0.9997008442878724,0.9999896287918092,0.9997600317001344,0.9959463477134703,0.8873876929283142,0.9901259541511536,0.9011039137840272,0.9760278463363647,0.8864585757255554,0.9776730537414552,0.8905770778656006,0.971768856048584,0.8859923481941223,0.9997501969337464,0.9995717406272888,0.9888767004013062,0.9626535773277284,0.9839139580726624,0.9682880640029908,0.865153431892395,0.8735952377319336,0.9770415425300598,0.9694890975952148,0.2524206340312958,0.2549942135810852,0.2570350766181946,0.2589797377586365,0.2486507892608642,0.246403768658638,0.2440614700317382,0.2607243657112121,0.2395389378070831,0.2563573718070984,0.2482385337352752,0.2893710732460022,0.2128665149211883,0.3041196465492248,0.1931241601705551,0.311630368232727,0.1842622905969619,0.3155083060264587,0.1770991384983062,0.3127797245979309,0.1814909279346466,0.3092779219150543,0.1853832304477691,0.2845333218574524,0.2395718991756439,0.2971548438072204,0.2429738044738769,0.3055576384067535,0.2463342398405075,0.3044694364070892,0.2472433298826217,0.3023596107959747,0.2432448118925094,0.3640331029891968,0.353592574596405,0.3530570864677429,0.3524970412254333,0.3532812893390655,0.3526049554347992,0.3519588708877563,0.3504568934440613,0.3510404825210571,0.3708570897579193,0.3707504868507385,0.3914284110069275,0.397363007068634,0.454692006111145,0.4681437611579895,0.5160535573959351,0.533662736415863,0.5351381897926331,0.5541982054710388,0.5342016220092773,0.5542944669723511,0.5287325382232666,0.5482553243637085,0.5307234525680542,0.5367485284805298,0.6200452446937561,0.6218603253364563,0.6932294368743896,0.7033500671386719,0.6991746425628662,0.7107317447662354,0.724253237247467,0.7308365106582642,-0.3458802700042724,-0.3403055071830749,-0.3402809500694275,-0.3402824997901916,-0.3423749506473541,-0.3424330651760101,-0.3424604833126068,-0.2508768439292907,-0.261256068944931,-0.3069352805614471,-0.3101301193237304,-0.1634510457515716,-0.1641799360513687,-0.096559926867485,-0.1134095042943954,-0.1625238060951233,-0.1766417175531387,-0.184614896774292,-0.2001514732837677,-0.2120035588741302,-0.2303837835788726,-0.1741978079080581,-0.1900597065687179,-0.0027160132303833,0.0026422517839819,0.0623024702072143,0.077219009399414,0.2557941079139709,0.273479163646698,0.2712693214416504,0.2897973656654358,0.1851444840431213,0.2049530744552612,Turn-Second
605,0.999825656414032,0.9996317028999328,0.9996913075447084,0.9997020959854126,0.9994102120399476,0.9993312954902648,0.9991893768310548,0.999660849571228,0.9984614253044128,0.9998879432678224,0.9997273087501526,0.999988853931427,0.9997827410697936,0.9954931735992432,0.8983082175254822,0.9888268113136292,0.9102118015289308,0.9730912446975708,0.8958290219306946,0.9749037623405457,0.8997209668159485,0.96865713596344,0.8952354192733765,0.9997468590736388,0.9995908141136168,0.9893426895141602,0.9655736684799194,0.9842709302902222,0.9701781272888184,0.868060827255249,0.8763571977615356,0.9775627851486206,0.9705349206924438,0.2484567910432815,0.252013087272644,0.2543144822120666,0.2564552426338196,0.2449450045824051,0.2425339668989181,0.2402013838291168,0.2595661878585815,0.236762449145317,0.2532269358634949,0.2442574948072433,0.2874824404716491,0.2108460962772369,0.302572101354599,0.1917041093111038,0.3077932894229889,0.1845140159130096,0.3108877539634704,0.1773016452789306,0.3074237704277038,0.1811998188495636,0.3046578168869018,0.1850102096796035,0.2834927439689636,0.238570287823677,0.2965061962604522,0.2417344748973846,0.3049224615097046,0.2464523762464523,0.3037471771240234,0.2477104216814041,0.3023383021354675,0.2432808130979538,0.3632660508155823,0.3531540930271148,0.3527054190635681,0.3522422909736633,0.3527566790580749,0.352093756198883,0.3514400124549866,0.3507547676563263,0.3508858680725097,0.3704020082950592,0.3700610995292663,0.3913930356502533,0.3984688222408294,0.4540489614009857,0.4703139364719391,0.5144383311271667,0.5361778140068054,0.5329691171646118,0.5565567016601562,0.5316349864006042,0.5569764375686646,0.5257575511932373,0.5513932108879089,0.5318028926849365,0.5383411645889282,0.6200121641159058,0.6223915815353394,0.693248987197876,0.7050370573997498,0.6996853947639465,0.71275794506073,0.7243067026138306,0.7322395443916321,-0.3342057168483734,-0.3281640410423279,-0.3281367421150207,-0.328128844499588,-0.3292460441589355,-0.3293056488037109,-0.3293291926383972,-0.2416086196899414,-0.2475723773241043,-0.2970301806926727,-0.2989124953746795,-0.1597922295331955,-0.1539138406515121,-0.0973328575491905,-0.102701686322689,-0.1672664284706115,-0.1657487452030182,-0.1897145807743072,-0.1885529458522796,-0.2159939706325531,-0.2175727188587188,-0.1786428242921829,-0.1787324249744415,-0.0030498227570205,0.0029769116081297,0.0576964318752288,0.0731856599450111,0.2417222708463668,0.2560640871524811,0.2558988928794861,0.2705382704734802,0.1696692109107971,0.1867987215518951,Turn-Second
606,0.9998319149017334,0.9996281862258912,0.999674916267395,0.999674677848816,0.9994370341300964,0.9993683099746704,0.9992426037788392,0.9995933771133424,0.9985771775245668,0.999883472919464,0.9997462630271912,0.9999867081642152,0.9998030066490172,0.993710458278656,0.9080586433410645,0.9847844839096068,0.9178431034088136,0.9653052687644958,0.903067409992218,0.9673966765403748,0.906841278076172,0.9599952101707458,0.9022652506828308,0.9997416138648988,0.999606728553772,0.9892843961715698,0.9678027033805848,0.9839966893196106,0.9713414907455444,0.8711634874343872,0.8770569562911987,0.9775413870811462,0.9708400964736938,0.2489886730909347,0.2523072361946106,0.2545797824859619,0.2567580342292785,0.2451798915863037,0.2425318509340286,0.2400873601436615,0.2595691084861755,0.235282227396965,0.253427118062973,0.2442460060119629,0.2859039306640625,0.209114521741867,0.2989411950111389,0.1900007724761963,0.3038786947727203,0.1838954985141754,0.3059606850147247,0.176921010017395,0.3030395805835724,0.1806695759296417,0.3007329106330871,0.1841928958892822,0.2816358506679535,0.2369591891765594,0.2943641245365143,0.2404317855834961,0.3030166327953338,0.2459818124771118,0.3009061515331268,0.2473033368587494,0.3023508191108703,0.2433311194181442,0.3640054762363434,0.3541551232337951,0.3537214696407318,0.3532803654670715,0.3536588847637176,0.3529427647590637,0.3522194325923919,0.3517265021800995,0.3514070808887481,0.37104132771492,0.3703052699565887,0.3913374841213226,0.3987091183662414,0.4531478881835937,0.4708889722824096,0.5128246545791626,0.5370690226554871,0.5303069949150085,0.5575090050697327,0.5289583802223206,0.5579637289047241,0.5233818888664246,0.5520094037055969,0.5329788327217102,0.5394285917282104,0.6200135350227356,0.6222278475761414,0.6933011412620544,0.7048764824867249,0.7001181840896606,0.7122597098350525,0.7243069410324097,0.7320254445075989,-0.3508381247520447,-0.3444653749465942,-0.3444397747516632,-0.3444305062294006,-0.3471265137195587,-0.3471962511539459,-0.3472364544868469,-0.2521840333938598,-0.2660660743713379,-0.3112592995166778,-0.3153988420963287,-0.1637381166219711,-0.1709336787462234,-0.100556805729866,-0.1231275349855423,-0.1728594303131103,-0.1857583224773407,-0.1951889246702194,-0.2089039385318756,-0.2208983451128006,-0.2379443645477295,-0.1841071099042892,-0.1985778212547302,-0.0009561766055412,0.0008785867830738,0.0713065564632415,0.0714138597249984,0.2614065706729889,0.2606732249259949,0.2763859629631042,0.2761352062225342,0.1906189173460006,0.188947856426239,Turn-Second
607,0.9998309016227722,0.9996080994606018,0.9996343851089478,0.9996225833892822,0.9994540214538574,0.9993947744369508,0.9992868304252625,0.9994632005691528,0.9986801743507384,0.9998677372932434,0.9997599124908448,0.9999807476997375,0.9998215436935424,0.9886099696159364,0.916844129562378,0.9725664258003236,0.9241064786911012,0.945734977722168,0.9082913994789124,0.9484131336212158,0.9120111465454102,0.9393008351325988,0.9072505235671996,0.9997316598892212,0.9996229410171508,0.9888007640838624,0.9698411822319032,0.9835085868835448,0.9723036289215088,0.8762015700340271,0.8769870400428772,0.9773494005203248,0.9705737829208374,0.2502152323722839,0.2532886862754822,0.2554657459259033,0.2575384080410003,0.246280238032341,0.2436033189296722,0.240944504737854,0.2597264647483825,0.2352579534053802,0.2542930245399475,0.2454683780670166,0.2848508358001709,0.2081857174634933,0.295780211687088,0.1887437999248504,0.297189861536026,0.1827126443386078,0.2981404960155487,0.1764286458492279,0.2940800189971924,0.1795814931392669,0.292739987373352,0.1828162670135498,0.2797299921512604,0.2354898750782013,0.2918064892292022,0.2401835024356842,0.3003087043762207,0.2456931173801422,0.2961504161357879,0.2467342317104339,0.3044240772724151,0.2435522973537445,0.3636594414710998,0.3538626730442047,0.3534387648105621,0.3530198335647583,0.3535098135471344,0.3529004156589508,0.3522947430610657,0.3518955111503601,0.3518843054771423,0.3708268702030182,0.3704308867454529,0.391115665435791,0.3985973596572876,0.4529924094676971,0.4712375402450561,0.5128912925720215,0.5382050275802612,0.530248761177063,0.5584256649017334,0.5285648703575134,0.5588130354881287,0.5232446193695068,0.5531399250030518,0.5333637595176697,0.5394426584243774,0.6200383305549622,0.6233216524124146,0.6933378577232361,0.7045632600784302,0.7010228037834167,0.7119120359420776,0.7245826721191406,0.7320823073387146,-0.3732786774635315,-0.3678996860980987,-0.3678635358810425,-0.3678620159626007,-0.3716610372066498,-0.3717479109764099,-0.3718001842498779,-0.2755689024925232,-0.2951990962028503,-0.3332396149635315,-0.3389513492584228,-0.1797282844781875,-0.2024209946393966,-0.1100772842764854,-0.1556329429149627,-0.1768204867839813,-0.2061970978975296,-0.1975033283233642,-0.2263374626636505,-0.2219352275133133,-0.2547634243965149,-0.1873975247144699,-0.2182346880435943,0.0063168341293931,-0.0064386958256363,0.0824547633528709,0.071363516151905,0.2765058577060699,0.263882577419281,0.2925246357917785,0.2798804342746734,0.2152990102767944,0.1950854361057281,Turn-Second
608,0.999829888343811,0.999594509601593,0.9996005296707152,0.9995783567428588,0.9994768500328064,0.999424934387207,0.9993325471878052,0.9993517398834229,0.9987844228744508,0.9998527765274048,0.9997735023498536,0.999971568584442,0.9998385310173036,0.981761395931244,0.9246912002563475,0.9549627304077148,0.92866712808609,0.919214963912964,0.9106872081756592,0.9223681092262268,0.91439950466156,0.9111348986625672,0.9091974496841432,0.9996994137763976,0.9996320009231568,0.9879681468009948,0.9719250202178956,0.9830256700515748,0.9735284447669984,0.8822150826454163,0.8792016506195068,0.977267563343048,0.9708191752433776,0.2509141266345978,0.2539962828159332,0.2561369240283966,0.2581587731838226,0.24708092212677,0.2444084584712982,0.2416509687900543,0.2599710822105407,0.2350367307662964,0.2548616826534271,0.2462849915027618,0.2841725051403045,0.2074984014034271,0.2938591837882995,0.1878940314054489,0.2923633456230163,0.1830043494701385,0.2925939857959747,0.1771391630172729,0.2891092300415039,0.1803039461374282,0.2878218591213226,0.1836656481027603,0.2779349684715271,0.2353055775165558,0.2889751493930816,0.2396122217178344,0.2944307923316955,0.2458278685808181,0.2895912528038025,0.2469666302204132,0.3050167560577392,0.244324654340744,0.3673979938030243,0.3565160036087036,0.3559516966342926,0.3552975952625274,0.3561798632144928,0.3555018603801727,0.3547819852828979,0.3531214594841003,0.353359580039978,0.373422622680664,0.3736173808574676,0.3914317488670349,0.3987885415554046,0.4530729055404663,0.4718946516513824,0.5128374099731445,0.5386707782745361,0.5301423072814941,0.5591774582862854,0.5280324220657349,0.5590466856956482,0.5228234529495239,0.5532453656196594,0.5352960228919983,0.5406370759010315,0.6201393604278564,0.6234303712844849,0.6933963298797607,0.7050086259841919,0.7027875781059265,0.7133848667144775,0.7244032621383667,0.7320963740348816,-0.3842053115367889,-0.3793032467365265,-0.3792571425437927,-0.379251629114151,-0.3836247324943542,-0.3837132751941681,-0.3837577700614929,-0.285399854183197,-0.3078400492668152,-0.3432454764842987,-0.3497370183467865,-0.18313929438591,-0.2128989249467849,-0.1070290356874466,-0.1645724326372146,-0.1665378957986831,-0.2125920802354812,-0.1829785257577896,-0.2313768416643142,-0.2061389237642288,-0.2589550018310547,-0.1760468184947967,-0.2240098714828491,0.012558345682919,-0.0126812262460589,0.0937910825014114,0.0635675340890884,0.2720527648925781,0.2477752715349197,0.2863542437553406,0.2627428770065307,0.2110287696123123,0.1758476942777633,Turn-Second
609,0.9998189806938172,0.9995530247688292,0.9995324611663818,0.9994943141937256,0.9994803071022034,0.9994356632232666,0.999359369277954,0.9991433024406432,0.9988639950752258,0.9998182654380798,0.9997797608375548,0.99996018409729,0.999853491783142,0.971640408039093,0.9317334294319152,0.935805082321167,0.9330825805664062,0.8929522633552551,0.9136010408401488,0.8966637849807739,0.9172646999359132,0.8840206265449524,0.9116092920303344,0.9996776580810548,0.999642014503479,0.9865160584449768,0.9734072089195251,0.982154130935669,0.9743970036506652,0.8871187567710876,0.8813373446464539,0.9769269227981568,0.9707902669906616,0.252223253250122,0.254400223493576,0.2561908364295959,0.2584441900253296,0.2477666586637497,0.244749829173088,0.2419519424438476,0.2601649165153503,0.2355591803789138,0.2552654147148132,0.2465323209762573,0.2822714447975158,0.2068279236555099,0.2897043526172638,0.1870716512203216,0.2875126004219055,0.1836210787296295,0.2880133688449859,0.1775645315647125,0.2847859859466553,0.1807468235492706,0.2829093337059021,0.1842130124568939,0.2755371332168579,0.2338530123233795,0.2843781113624573,0.2391135394573211,0.2893523275852203,0.2453768253326416,0.2837863564491272,0.246413379907608,0.304880142211914,0.2445931434631347,0.3670743703842163,0.3566769063472748,0.3561704456806183,0.3556238710880279,0.3562809228897095,0.3555730283260345,0.3548630475997925,0.3538258969783783,0.3536742627620697,0.3733455538749695,0.3737776577472687,0.3914169669151306,0.3988013863563537,0.452909380197525,0.4721015989780426,0.512266218662262,0.5392285585403442,0.5293580293655396,0.5592833757400513,0.5274920463562012,0.5590482354164124,0.5218037366867065,0.5529943704605103,0.5357490181922913,0.5408042073249817,0.6184853911399841,0.6232615113258362,0.6931726336479187,0.7049810886383057,0.7032164335250854,0.7137625813484192,0.7240456938743591,0.7319504022598267,-0.3751131296157837,-0.368900716304779,-0.3688647449016571,-0.3688574433326721,-0.3750068545341491,-0.3750844001770019,-0.3751333951950073,-0.27403524518013,-0.3046353757381439,-0.3340722918510437,-0.3428960740566253,-0.176204964518547,-0.2128406465053558,-0.1018833145499229,-0.1690388619899749,-0.1637794524431228,-0.2185450792312622,-0.1806713491678238,-0.2386674433946609,-0.2043286114931106,-0.2652869820594787,-0.1738288700580597,-0.2295956313610077,0.0157793909311294,-0.01590171828866,0.106707789003849,0.0636429339647293,0.2809933423995971,0.2474260628223419,0.2949011921882629,0.2623294591903686,0.2204564809799194,0.1743302941322326,Turn-Second
610,0.9998010396957396,0.9995033740997314,0.9994518756866456,0.9993953108787536,0.9994751811027528,0.9994337558746338,0.9993764758110046,0.9989142417907716,0.9989321827888488,0.999772608280182,0.999781608581543,0.9999418258666992,0.9998669624328612,0.9531575441360474,0.9379154443740844,0.8986029624938965,0.9358859062194824,0.8496590852737427,0.9137942790985109,0.8537099957466125,0.917463481426239,0.8393899202346802,0.91106778383255,0.9996208548545836,0.9996354579925536,0.984248161315918,0.974656343460083,0.9806896448135376,0.9748266935348512,0.8906413316726685,0.8822582364082336,0.9761527180671692,0.9703897833824158,0.2523485720157623,0.2546919882297516,0.2565495371818542,0.2587445676326751,0.2479220181703567,0.2448795586824417,0.2419246435165405,0.2603848278522491,0.2349806278944015,0.2552404701709747,0.2468136847019195,0.2819487750530243,0.2069654166698455,0.2867893874645233,0.1866011917591095,0.2832287549972534,0.1840684860944748,0.2825410068035126,0.1777571737766266,0.280352771282196,0.1811210811138153,0.279399424791336,0.1850130259990692,0.2737529873847961,0.2330947816371917,0.2810042202472687,0.2384304106235504,0.2840393781661987,0.2449685335159301,0.2778493762016296,0.2458563148975372,0.3006530106067657,0.2446306198835373,0.3717392086982727,0.3611263334751129,0.3605033457279205,0.3597312271595001,0.3606282770633697,0.3598327040672302,0.3590210080146789,0.3560836017131805,0.356275349855423,0.3772655129432678,0.3774859607219696,0.3918597400188446,0.399346262216568,0.4538069367408752,0.4728140532970428,0.5123578310012817,0.5396125316619873,0.5297968983650208,0.5593550205230713,0.5279579162597656,0.5591382384300232,0.5224741101264954,0.5530185699462891,0.5372836589813232,0.5422025918960571,0.6163312792778015,0.6230468153953552,0.6931291222572327,0.7054731845855713,0.7032490968704224,0.7146827578544617,0.7240375280380249,0.7320905923843384,-0.3824428617954254,-0.3763792216777801,-0.3763552010059356,-0.3763588070869446,-0.3809467852115631,-0.3810210824012756,-0.3810726404190063,-0.2776087820529938,-0.3008710145950317,-0.3395997285842895,-0.3463395535945892,-0.1743794679641723,-0.2032921612262725,-0.1015882715582847,-0.1550719439983368,-0.1670688241720199,-0.2098027467727661,-0.1861206442117691,-0.2300704717636108,-0.2093577086925506,-0.2564277052879333,-0.1774201542139053,-0.220781534910202,0.0151620851829648,-0.0152641776949167,0.1069751158356666,0.0652997717261314,0.2870649397373199,0.2520404756069183,0.3014953732490539,0.2671254873275757,0.2252503335475921,0.178062230348587,Turn-Second
611,0.9997233748435974,0.9992647171020508,0.9991277456283568,0.9990269541740416,0.99935120344162,0.9993094205856324,0.999296247959137,0.997999668121338,0.9988835453987122,0.9996095895767212,0.999745786190033,0.999911904335022,0.9998782873153688,0.9320011734962464,0.943446934223175,0.8632373809814453,0.9385754466056824,0.8104076981544495,0.9144098162651062,0.8149827122688293,0.9181442856788636,0.799359142780304,0.9111946821212769,0.9995452761650084,0.9996185898780824,0.980985701084137,0.975473701953888,0.9780287742614746,0.9748070240020752,0.8917011022567749,0.8816690444946289,0.9747071266174316,0.969630777835846,0.2523297369480133,0.2548947632312774,0.2568010687828064,0.2589707970619201,0.2480366677045822,0.2450109422206878,0.2420415580272674,0.2606290280818939,0.2352301627397537,0.2552079856395721,0.2469150274991989,0.2813944220542907,0.2074488848447799,0.2848443686962127,0.186697244644165,0.2817219197750091,0.184300810098648,0.2810142338275909,0.1780020892620086,0.2792351245880127,0.1813580244779586,0.278231680393219,0.1852125972509384,0.2725724577903747,0.2329229414463043,0.2781929671764374,0.2379645109176635,0.2766887545585632,0.2441179305315017,0.269927054643631,0.2440654039382934,0.2939015626907348,0.2447895258665084,0.3732035458087921,0.3623847663402557,0.3617721199989319,0.3609916865825653,0.361927181482315,0.3611829578876495,0.3604201078414917,0.3576867282390594,0.3576766848564148,0.3791596293449402,0.3790529668331146,0.3922224342823028,0.3995524644851684,0.4539543390274048,0.4731570184230804,0.5123023390769958,0.5396591424942017,0.5301201343536377,0.5592299699783325,0.5283688306808472,0.559215784072876,0.522480845451355,0.5533602833747864,0.538036584854126,0.5430012345314026,0.616473376750946,0.6229772567749023,0.6929228901863098,0.7060940861701965,0.7031763792037964,0.7156324982643127,0.7237421274185181,0.7326598763465881,-0.3698116540908813,-0.3635308146476745,-0.3635120689868927,-0.3635145425796509,-0.36751589179039,-0.3675865530967712,-0.3676413893699646,-0.2694857716560364,-0.2882915735244751,-0.3286543786525726,-0.3344639539718628,-0.169237345457077,-0.1938139498233795,-0.102512314915657,-0.1477703750133514,-0.1829403340816497,-0.2046871483325958,-0.2053682059049606,-0.2256312817335128,-0.2286428660154342,-0.2514649629592895,-0.1940386891365051,-0.2156489789485931,0.0165216363966465,-0.0166125614196062,0.1042248159646987,0.0604692623019218,0.2888018190860748,0.249421089887619,0.3038495182991028,0.2648898959159851,0.2284702807664871,0.1734448075294494,Turn-Second
612,0.999512493610382,0.998601496219635,0.998255729675293,0.9980185031890868,0.9990066289901732,0.9989625215530396,0.999032497406006,0.9953571557998656,0.9986630082130432,0.9991681575775146,0.9996306896209716,0.9998487830162048,0.999886989593506,0.9051596522331238,0.9484843611717224,0.8253138065338135,0.94108784198761,0.7706681489944458,0.914909839630127,0.775825560092926,0.9186898469924928,0.7595726847648621,0.9112048745155334,0.9993976354599,0.999572455883026,0.9766380190849304,0.9758071303367616,0.9746304750442504,0.9743900895118712,0.8929136395454407,0.8803188800811768,0.972631573677063,0.9683256149291992,0.2538476288318634,0.2559365630149841,0.2578624486923218,0.2598959505558014,0.2490613758563995,0.2459408491849899,0.2427684366703033,0.2607531547546386,0.2354284077882766,0.2559779286384582,0.2481574118137359,0.2810252904891968,0.2080728262662887,0.2836387157440185,0.1872149109840393,0.2798543572425842,0.1844424903392791,0.2789322733879089,0.1780634224414825,0.2775452733039856,0.1816492080688476,0.2766663134098053,0.1853444725275039,0.2715807855129242,0.2329337298870086,0.2754643261432647,0.2372258603572845,0.2712761163711548,0.2430381774902343,0.2644534707069397,0.2422540932893753,0.2906178534030914,0.2447515279054641,0.3733306527137756,0.3625794351100921,0.361935406923294,0.3612166345119476,0.362583190202713,0.362074464559555,0.3614964187145233,0.35872682929039,0.359411358833313,0.3799131512641907,0.3800972104072571,0.3925012648105621,0.4011591672897339,0.453975647687912,0.4736539125442505,0.5113317966461182,0.539760410785675,0.5300541520118713,0.5592188239097595,0.5284828543663025,0.5592100024223328,0.521946907043457,0.5533317923545837,0.5379431247711182,0.5428355932235718,0.6166068911552429,0.6228885054588318,0.6929383873939514,0.7067506313323975,0.7042840123176575,0.7170094847679138,0.7227243781089783,0.7325846552848816,-0.3550210893154144,-0.345819354057312,-0.3458389639854431,-0.3458503186702728,-0.3531374335289001,-0.3531984984874725,-0.3532851040363312,-0.2451572120189666,-0.2790195345878601,-0.3116923868656158,-0.3216956555843353,-0.1461019963026046,-0.1922366321086883,-0.0859362110495567,-0.1427824199199676,-0.1818025112152099,-0.1989509165287017,-0.2038656175136566,-0.219859316945076,-0.2254548519849777,-0.2501643002033233,-0.1935449689626693,-0.2114275693893432,0.0197380743920803,-0.0198074206709861,0.1045887321233749,0.0464078858494758,0.2779034972190857,0.2216544896364212,0.2921143174171448,0.2352014482021331,0.2164539098739624,0.1434582620859146,Turn-Second
613,0.9993694424629213,0.9981727600097656,0.9977006316184998,0.9973303079605104,0.9987772107124328,0.9987399578094482,0.998847723007202,0.9936333298683168,0.998562216758728,0.9988933801651,0.99955552816391,0.9997958540916444,0.9998950362205504,0.8709917068481445,0.9529680013656616,0.786353588104248,0.9424306750297546,0.731611967086792,0.9136483073234558,0.7373206615447998,0.9174661040306092,0.7209216356277466,0.9093989729881288,0.9992648363113404,0.9995244145393372,0.970072329044342,0.9757696986198424,0.9706658720970154,0.973621129989624,0.8948203325271606,0.8794516921043396,0.97027850151062,0.9667662978172302,0.2562686800956726,0.2579072117805481,0.2598282694816589,0.2616694569587707,0.251203179359436,0.2479110956192016,0.2447434365749359,0.2618674039840698,0.2364835292100906,0.2579299807548523,0.2505173087120056,0.2812724113464355,0.2084797918796539,0.2828385829925537,0.1877257525920868,0.2782551050186157,0.1845686286687851,0.2776650190353393,0.1787520498037338,0.27626633644104,0.1829137951135635,0.2753973603248596,0.1867227703332901,0.2705788314342499,0.2327448576688766,0.2727481722831726,0.2362982779741287,0.2668817341327667,0.2425342351198196,0.2610564529895782,0.2416762113571167,0.2904003262519836,0.2447666227817535,0.3746828734874725,0.3637289702892303,0.3630847632884979,0.3623702824115753,0.3638857305049896,0.3634315729141235,0.3628663420677185,0.3599524796009063,0.3607724010944366,0.3810202479362488,0.3814110159873962,0.3935659229755401,0.4036334753036499,0.4559760391712188,0.4747466742992401,0.511467695236206,0.5414287447929382,0.53077632188797,0.560895562171936,0.5293349027633667,0.5608797669410706,0.5221570730209351,0.554949939250946,0.5397414565086365,0.5437543988227844,0.6169496774673462,0.6228500604629517,0.6936560273170471,0.7076755166053772,0.706550657749176,0.7184861898422241,0.7222894430160522,0.7325745820999146,-0.3292859196662903,-0.3201861679553985,-0.3202031254768371,-0.3202085793018341,-0.3280602991580963,-0.3281142711639404,-0.3281818926334381,-0.221875786781311,-0.2595474123954773,-0.287408709526062,-0.2982451319694519,-0.1216214075684547,-0.1859268695116043,-0.0581803023815155,-0.1403849273920059,-0.1398093998432159,-0.1847427189350128,-0.1575193107128143,-0.2029774188995361,-0.1797651946544647,-0.2236676216125488,-0.1508011668920517,-0.193140223622322,0.0253403522074222,-0.0253991968929767,0.1081757992506027,0.0355147272348403,0.2759198546409607,0.2023201882839203,0.2899602055549621,0.2151932418346405,0.212108701467514,0.1275330334901809,Turn-Second
614,0.9992569088935852,0.9978936314582824,0.9973382949829102,0.996877133846283,0.9986289143562316,0.9985986351966858,0.9987304210662842,0.9925330281257628,0.998519480228424,0.9986709356307985,0.9994930028915404,0.9997406005859376,0.999900758266449,0.8360767960548401,0.9570156335830688,0.750114381313324,0.9434252977371216,0.6956748366355896,0.9122100472450256,0.70170658826828,0.9161012768745422,0.6853151917457581,0.9076133966445924,0.9991644024848938,0.999488651752472,0.9662393927574158,0.9763448238372804,0.9684110879898072,0.9734742045402528,0.8975763320922852,0.8791564702987671,0.9688358306884766,0.9655824899673462,0.258981317281723,0.2604421079158783,0.2622426152229309,0.2639809548854828,0.253876656293869,0.250648021697998,0.2476044595241546,0.263510137796402,0.2389170676469802,0.2605721354484558,0.2533715665340423,0.2816345691680908,0.2085777521133422,0.2816008925437927,0.1880552619695663,0.2763321697711944,0.184453547000885,0.2752889990806579,0.1788118183612823,0.274046927690506,0.1831589788198471,0.2735175788402557,0.1869836151599884,0.2692137658596039,0.2322562634944915,0.270975649356842,0.2360014915466308,0.2639108896255493,0.2414168566465377,0.2576907277107239,0.2399877309799194,0.2893313765525818,0.2444376945495605,0.3762587308883667,0.3652396202087402,0.3645690977573395,0.3637999594211578,0.3655627071857452,0.3651146292686462,0.3645345270633697,0.3614860773086548,0.3624222576618194,0.382552832365036,0.3830958306789398,0.3953479826450348,0.4064618945121765,0.457574188709259,0.4766931533813476,0.5120489597320557,0.5433490872383118,0.5318008661270142,0.5621921420097351,0.5303261280059814,0.5622314214706421,0.522482693195343,0.5564495325088501,0.5407115817070007,0.5442461371421814,0.6171950697898865,0.6228116750717163,0.6936224102973938,0.7075430750846863,0.7066023349761963,0.7181025743484497,0.7211624383926392,0.7326632738113403,-0.3258525729179382,-0.3169529139995575,-0.3169628381729126,-0.3169689178466797,-0.3245792984962463,-0.3246343433856964,-0.3246924579143524,-0.2204727828502655,-0.257035493850708,-0.2849752604961395,-0.2954303026199341,-0.1226226240396499,-0.1846573203802108,-0.0631739422678947,-0.1463693976402282,-0.1431518197059631,-0.1851294040679931,-0.161368578672409,-0.2032794654369354,-0.1835566461086273,-0.2245866358280182,-0.1539651155471801,-0.1938226521015167,0.0269295573234558,-0.0270016938447952,0.1170974224805831,0.0410322472453117,0.2779920399188995,0.2148245275020599,0.2911609411239624,0.2281129658222198,0.2254070788621902,0.1425358951091766,Turn-Second
615,0.9991521835327148,0.9976660013198853,0.997066855430603,0.9964892268180848,0.9985023736953736,0.9984900951385498,0.99862939119339,0.9917821288108826,0.998501718044281,0.9984741806983948,0.9994326829910278,0.999660313129425,0.9999037981033324,0.7942260503768921,0.96060311794281,0.707611083984375,0.9433494210243224,0.654708981513977,0.9090020656585692,0.6611979603767395,0.9131357669830322,0.6457905769348145,0.904650628566742,0.9989324808120728,0.999388575553894,0.9625681042671204,0.9763819575309752,0.9662652611732484,0.9727320075035096,0.8993043303489685,0.8769018650054932,0.9668641090393066,0.9633881449699402,0.2619239687919616,0.2633512020111084,0.2649829685688019,0.2665803134441376,0.2569325566291809,0.2537894546985626,0.2507451176643371,0.2654975056648254,0.2422049790620803,0.2634041309356689,0.2563187181949615,0.2818611860275268,0.2097727954387664,0.279608279466629,0.1883040368556976,0.2746728658676147,0.1844790428876876,0.27332204580307,0.1790893524885177,0.27238529920578,0.1840108782052993,0.2721156477928161,0.1877594292163849,0.2679373919963836,0.232168361544609,0.270194947719574,0.2356973886489868,0.2645548284053802,0.2408788949251175,0.2580580115318298,0.2386319637298584,0.2891243100166321,0.2437606155872345,0.3788121342658996,0.3675685822963714,0.3669143617153168,0.3661304712295532,0.3678897619247436,0.3674102425575256,0.366832822561264,0.3639385402202606,0.3645803332328796,0.385050356388092,0.3855072855949402,0.3986921012401581,0.4089559912681579,0.4600491523742676,0.4786312282085418,0.5134182572364807,0.5454920530319214,0.5327448844909668,0.563584566116333,0.5314474701881409,0.5638303756713867,0.5233756899833679,0.5582953691482544,0.5418919920921326,0.5451930165290833,0.6173971891403198,0.6229628324508667,0.693628191947937,0.7058875560760498,0.7066554427146912,0.7158814668655396,0.720475435256958,0.7325432896614075,-0.2893259227275848,-0.2810728549957275,-0.2810844182968139,-0.2810918092727661,-0.2890944480895996,-0.2891459167003631,-0.2891921699047088,-0.1931388676166534,-0.2311574667692184,-0.2521600127220154,-0.2629856169223785,-0.1048245877027511,-0.1727868467569351,-0.0518005900084972,-0.1445588916540146,-0.1233137473464012,-0.1763045489788055,-0.1383590549230575,-0.1921736001968383,-0.1581345647573471,-0.2081484347581863,-0.1331681609153747,-0.1828662455081939,0.0266468431800603,-0.0267087370157241,0.1094889640808105,0.0447934679687023,0.2464096993207931,0.1937709599733352,0.256597101688385,0.2048379629850387,0.2017905712127685,0.1296381801366806,Turn-Second
616,0.9990416765213012,0.997380256652832,0.9967331886291504,0.9960196018218994,0.9983141422271729,0.9983205199241638,0.998474657535553,0.990931749343872,0.9984518885612488,0.9982839226722716,0.9993683695793152,0.9996146559715272,0.9999074935913086,0.7551303505897522,0.9637866616249084,0.667587399482727,0.9422652721405028,0.6172720789909363,0.9039741158485411,0.6241758465766907,0.9083797931671144,0.609591543674469,0.8998313546180725,0.9987876415252686,0.9993169903755188,0.9599626064300536,0.9767628908157348,0.9648348093032836,0.9724424481391908,0.9009910821914672,0.8757801651954651,0.9657567739486694,0.9622842669487,0.2638097405433655,0.2653891146183014,0.2670379877090454,0.2686638832092285,0.2590022683143616,0.2559786736965179,0.2530151903629303,0.2674940824508667,0.244816854596138,0.2655070424079895,0.2584306895732879,0.2820624709129333,0.2115027606487274,0.2794354856014251,0.1884812116622924,0.2741649448871612,0.1843898147344589,0.2726684212684631,0.1792183369398117,0.2718388438224792,0.1847086697816848,0.2716281116008758,0.1883127093315124,0.2672850489616394,0.2317951470613479,0.2701064944267273,0.2355117350816726,0.264116108417511,0.2408455312252044,0.2574537098407745,0.2384703606367111,0.2885769009590149,0.2437840700149536,0.3812142610549927,0.3701167404651642,0.3694281578063965,0.3686293959617615,0.3704409301280975,0.3698956072330475,0.3692295253276825,0.366671085357666,0.3668178021907806,0.387774646282196,0.3879878222942352,0.4023502469062805,0.410530149936676,0.4629352688789367,0.4792984426021576,0.5162268280982971,0.5461777448654175,0.5345875024795532,0.5647222399711609,0.5337391495704651,0.5647642016410828,0.5257241725921631,0.559172511100769,0.5426903367042542,0.5456726551055908,0.619911789894104,0.6236680150032043,0.6936317682266235,0.7056747674942017,0.7067107558250427,0.7158232927322388,0.720176637172699,0.7325289845466614,-0.2821333110332489,-0.2732941508293152,-0.2733121514320373,-0.2733170390129089,-0.2812138497829437,-0.2812606990337372,-0.2813110649585724,-0.1831675171852111,-0.220502108335495,-0.2441717833280563,-0.2548399269580841,-0.0912752971053123,-0.1613965928554535,-0.0323420502245426,-0.1308681666851043,-0.1037897914648056,-0.15061616897583,-0.1174376830458641,-0.1650860607624054,-0.1383188068866729,-0.1805804222822189,-0.1139896735548973,-0.1567762792110443,0.0281530059874057,-0.0282036270946264,0.1062768697738647,0.0385433435440063,0.2461059540510177,0.1892578899860382,0.2572214901447296,0.2009207308292389,0.1983026564121246,0.1231775432825088,Turn-Second
617,0.9989520311355592,0.997188150882721,0.996516764163971,0.9957014918327332,0.998221218585968,0.9982452392578124,0.9984056353569032,0.9902971386909484,0.9984719157218932,0.9981092810630798,0.999321699142456,0.9995412230491638,0.9999122619628906,0.7059370875358582,0.9669278264045716,0.621291995048523,0.9426056146621704,0.5752211213111877,0.901586413383484,0.5822097063064575,0.9058998227119446,0.569111168384552,0.8970358967781067,0.9986428022384644,0.9992727637290956,0.9550307393074036,0.977558732032776,0.9629255533218384,0.973126232624054,0.903542935848236,0.8785895705223083,0.964936912059784,0.9626342058181764,0.2653735280036926,0.2670257687568664,0.2685819268226623,0.2701526582241058,0.2609280347824096,0.2580641508102417,0.2551846802234649,0.2687828838825226,0.2469988763332367,0.2668282389640808,0.2599941790103912,0.2821040153503418,0.2130611836910247,0.2768488228321075,0.1886145174503326,0.2710881531238556,0.1843728125095367,0.2703742980957031,0.1793874204158783,0.269968718290329,0.1855108439922332,0.2681109309196472,0.1891106069087982,0.2667064070701599,0.2317873686552047,0.2692273259162903,0.2350231111049652,0.2633942663669586,0.2398395836353302,0.256133496761322,0.2371599674224853,0.2882138192653656,0.2444432973861694,0.3862443566322326,0.3751600682735443,0.3744878768920898,0.3736756145954132,0.3753083050251007,0.3746712505817413,0.3738433122634887,0.3712456822395324,0.3706545829772949,0.392303854227066,0.3923293650150299,0.4062564671039581,0.414545327425003,0.4636250734329223,0.4812793433666229,0.5182749629020691,0.5480499267578125,0.5367773771286011,0.5666334629058838,0.5366552472114563,0.5665916204452515,0.5283917784690857,0.5607255101203918,0.5440277457237244,0.5476784110069275,0.6207503080368042,0.6242043972015381,0.6937137842178345,0.706466019153595,0.7068113088607788,0.7165711522102356,0.7193660140037537,0.7327137589454651,-0.2806408703327179,-0.2709202766418457,-0.270940363407135,-0.2709413170814514,-0.2804058492183685,-0.280458390712738,-0.2805086374282837,-0.1798882186412811,-0.2238370925188064,-0.2426269054412841,-0.2552604675292969,-0.0829549878835678,-0.1646270006895065,-0.0218551475554704,-0.1390109360218048,-0.0860308036208152,-0.156915009021759,-0.0971283838152885,-0.1726529896259308,-0.1183663755655288,-0.1861970424652099,-0.0963616818189621,-0.1624560356140136,0.0347683764994144,-0.0347930528223514,0.1167885661125183,0.0327117666602134,0.249925211071968,0.1740440726280212,0.2617879509925842,0.1845710575580597,0.2040731161832809,0.1062017306685447,Turn-Second
618,0.9989044666290284,0.9971338510513306,0.9964756965637208,0.995593011379242,0.9982037544250488,0.9982447028160096,0.99839586019516,0.990173637866974,0.998533308506012,0.998015522956848,0.9993020296096802,0.9994977116584778,0.9999169111251832,0.6577877998352051,0.9699028730392456,0.5817918181419373,0.9444391131401062,0.5399126410484314,0.9026216864585876,0.5470771193504333,0.9068019986152648,0.5351930260658264,0.8977198600769043,0.9985660314559937,0.9992534518241882,0.9500696659088136,0.9785449504852296,0.9617676734924316,0.9740690588951112,0.9070872068405152,0.8828587532043457,0.96489816904068,0.9635034203529358,0.2678297460079193,0.2692633271217346,0.270724356174469,0.2722037434577942,0.2634603679180145,0.2606664299964905,0.2578162252902984,0.2703526616096496,0.2498405277729034,0.2692201733589172,0.2624226212501526,0.2820411622524261,0.214307814836502,0.2753012776374817,0.1886776089668274,0.270995557308197,0.1830499917268753,0.2666978240013122,0.1794433742761612,0.2685767710208893,0.1858164221048355,0.2691450715065002,0.1892081499099731,0.2659060359001159,0.2318397015333175,0.2683261036872864,0.2351143360137939,0.2633460164070129,0.2400430738925933,0.2559157311916351,0.2374486923217773,0.2884887456893921,0.2460345476865768,0.3917079865932464,0.3809108138084411,0.3799873888492584,0.379132330417633,0.3812167942523956,0.3806356787681579,0.3798639178276062,0.3761493265628814,0.3761731386184692,0.3980950713157654,0.3977957665920257,0.4110057055950165,0.4191347062587738,0.4656396806240082,0.4835033118724823,0.521019697189331,0.5496711134910583,0.5380746126174927,0.567749559879303,0.5365810394287109,0.5672717690467834,0.5304497480392456,0.5617219805717468,0.545728862285614,0.5498374700546265,0.6207373142242432,0.6246060132980347,0.6938167810440063,0.706399142742157,0.7069141268730164,0.7164930701255798,0.7189856767654419,0.7330363988876343,-0.2775184214115143,-0.2679070234298706,-0.2679175138473511,-0.2679093182086944,-0.2785315811634063,-0.2785845398902893,-0.2786269783973694,-0.178880289196968,-0.2277166545391082,-0.2403852641582489,-0.2545134425163269,-0.0821260809898376,-0.1738124787807464,-0.0196655131876468,-0.1507263779640197,-0.0783795267343521,-0.1594685614109039,-0.0877240821719169,-0.1742956042289734,-0.1083899736404419,-0.1858367621898651,-0.0883755981922149,-0.1641289442777633,0.0380900092422962,-0.0381186492741107,0.1318387687206268,0.0357662811875343,0.2570998072624206,0.1802879720926284,0.266532838344574,0.1906758993864059,0.217939093708992,0.1166296750307083,Turn-Second
619,0.998906672000885,0.997209906578064,0.9965789318084716,0.9956808686256408,0.9982605576515198,0.9983074069023132,0.9984461665153505,0.9903737902641296,0.9986238479614258,0.9979844689369202,0.9993013143539428,0.999449610710144,0.9999209046363832,0.6094852685928345,0.972581684589386,0.540923535823822,0.9456760287284852,0.5033026337623596,0.9027217030525208,0.5103502869606018,0.9066368937492372,0.4998258650302887,0.8970809578895569,0.9985193610191344,0.9992405772209167,0.945748507976532,0.9797460436820984,0.9611836671829224,0.9754323363304138,0.9107487201690674,0.8883224725723267,0.965474247932434,0.965126097202301,0.2699474096298218,0.271179050207138,0.272579163312912,0.2739825248718261,0.265480101108551,0.2627085745334625,0.2598635554313659,0.2719238400459289,0.2521183490753174,0.2712460160255432,0.2644993364810943,0.2816921174526214,0.2157322615385055,0.2733997702598572,0.1886108368635177,0.2688734829425812,0.1814363002777099,0.2670561075210571,0.1787352114915847,0.2691991031169891,0.1855820268392563,0.267673909664154,0.1883174329996109,0.2644484639167785,0.2315604239702224,0.2679765224456787,0.235081672668457,0.26362344622612,0.2398878335952758,0.2556522488594055,0.2370180338621139,0.288658082485199,0.2470706403255462,0.3963305056095123,0.3857578933238983,0.3846738934516907,0.3837289810180664,0.3862705826759338,0.3857738375663757,0.3850748240947723,0.3806033134460449,0.3813771605491638,0.4025554656982422,0.4022581875324249,0.4148827195167541,0.422853946685791,0.4666244387626648,0.4850013852119446,0.5215428471565247,0.5505281686782837,0.5379855036735535,0.5679886937141418,0.5365113019943237,0.5676289796829224,0.5306370854377747,0.5625044107437134,0.5462429523468018,0.5504215955734253,0.6207317113876343,0.6247122883796692,0.693847119808197,0.7063798308372498,0.7073864340782166,0.7164509296417236,0.718751072883606,0.7329308390617371,-0.2872543036937713,-0.2764647603034973,-0.276474267244339,-0.2764651477336883,-0.2880367636680603,-0.2880953848361969,-0.2881379723548889,-0.1832321286201477,-0.230865478515625,-0.248822420835495,-0.2638304531574249,-0.079802468419075,-0.1888072341680526,-0.0101431030780076,-0.1569871753454208,-0.0646107047796249,-0.153958112001419,-0.0727724209427833,-0.1673598736524582,-0.0938384979963302,-0.1782701313495636,-0.0748109370470047,-0.1577772498130798,0.0428013317286968,-0.0428288429975509,0.1402368545532226,0.0387408621609211,0.2729896903038025,0.1833440512418747,0.2830528616905212,0.1937926858663559,0.2325245440006256,0.1186484694480896,Turn-Second
620,0.9988089203834534,0.9971323609352112,0.9964744448661804,0.9955230355262756,0.9982500076293944,0.9983141422271729,0.998458445072174,0.9899609684944152,0.998686671257019,0.9977577924728394,0.999266803264618,0.9993242621421814,0.9999235272407532,0.5555658340454102,0.975025475025177,0.4945289492607116,0.9476081132888794,0.4616097211837768,0.904681921005249,0.4682325422763824,0.9082637429237366,0.459125816822052,0.8978666067123413,0.9985384941101074,0.9992496967315674,0.9404352903366088,0.9804037809371948,0.9599640965461732,0.9762683510780334,0.9129537343978882,0.8914887309074402,0.9656542539596558,0.9661911129951476,0.2722446620464325,0.2730583846569061,0.2742304503917694,0.2754350304603576,0.2676130533218384,0.264886736869812,0.2619319558143616,0.2725674510002136,0.2539759576320648,0.272998034954071,0.266542911529541,0.2815622091293335,0.2168265134096145,0.2723267674446106,0.1882480084896087,0.2641748785972595,0.1809103190898895,0.26380455493927,0.178138330578804,0.2641152441501617,0.185531735420227,0.265905886888504,0.1880995333194732,0.2634066045284271,0.2313173562288284,0.2677278518676758,0.2351251393556594,0.2630432248115539,0.2395394295454025,0.2552315890789032,0.235065221786499,0.2888447940349579,0.2477248013019561,0.3973764777183532,0.3867739140987396,0.385953277349472,0.3851203024387359,0.3873030245304107,0.3869137465953827,0.3863596618175506,0.3830685019493103,0.3838557302951813,0.4047256410121918,0.404624342918396,0.4196077585220337,0.4266442656517029,0.4687460362911224,0.4884025454521179,0.5229625105857849,0.5514386296272278,0.5404309630393982,0.5683804154396057,0.5367850661277771,0.56849205493927,0.5329284071922302,0.5635862350463867,0.5478834509849548,0.5525811910629272,0.6227125525474548,0.6257804036140442,0.6948349475860596,0.7061964869499207,0.7079192399978638,0.7162478566169739,0.7186655402183533,0.732500433921814,-0.2705170214176178,-0.2592851519584656,-0.2593045532703399,-0.2593069672584533,-0.273487776517868,-0.2735467255115509,-0.2735955119132995,-0.1718003749847412,-0.2336710393428802,-0.2346400469541549,-0.2533449530601501,-0.0747977942228317,-0.201304942369461,-0.010731728747487,-0.1907946169376373,-0.0532530732452869,-0.1923141628503799,-0.0601441040635108,-0.2090236842632293,-0.0788662582635879,-0.2155323326587677,-0.0626489073038101,-0.1947804987430572,0.0438569672405719,-0.0438735634088516,0.14726023375988,0.048054814338684,0.2778578400611877,0.1893752515316009,0.2881658673286438,0.2005450427532196,0.2415698021650314,0.1302190124988556,Stand-To-Sit
621,0.998711109161377,0.9970495104789734,0.9963579177856444,0.9953990578651428,0.9982626438140868,0.9983447790145874,0.9984953999519348,0.9893419742584229,0.998744249343872,0.9974530339241028,0.9992205500602722,0.9991434812545776,0.9999245405197144,0.5073329210281372,0.9772608876228333,0.4522208869457245,0.9500077962875366,0.4229100048542022,0.9075979590415956,0.4291584193706512,0.9107393622398376,0.4214394092559814,0.8989195227622986,0.998550295829773,0.9992566108703612,0.9323142766952516,0.9807440042495728,0.9565384984016418,0.9769917130470276,0.9118512272834778,0.8937270045280457,0.9649680256843568,0.9672532677650452,0.2745765745639801,0.2747515141963959,0.2757554948329925,0.2767736613750458,0.269814133644104,0.2669931054115295,0.2641082108020782,0.2729333043098449,0.255350798368454,0.2749038636684418,0.2687182426452636,0.2799365222454071,0.2176302373409271,0.2686590254306793,0.1877030432224273,0.2619476914405823,0.1797787398099899,0.263092964887619,0.1763158291578292,0.2616075873374939,0.1841677129268646,0.263296365737915,0.18668033182621,0.2626241445541382,0.2311636507511139,0.2678344547748565,0.2353112399578094,0.2637202143669128,0.239258736371994,0.255819708108902,0.2344166338443756,0.2890462279319763,0.2502029240131378,0.400438904762268,0.3897277116775512,0.3889651894569397,0.3881145715713501,0.3904501497745514,0.3903039693832397,0.3899969458580017,0.3866134285926819,0.3885005414485931,0.4086852967739105,0.4088833034038543,0.4222967028617859,0.4314389228820801,0.4705029726028442,0.4911624193191528,0.5241152048110962,0.5532587170600891,0.5404453873634338,0.5691143274307251,0.5371128916740417,0.5696142911911011,0.5341821908950806,0.5648577213287354,0.5484143495559692,0.5537065863609314,0.6233958601951599,0.6268851161003113,0.6947969794273376,0.7062803506851196,0.707775890827179,0.7170719504356384,0.7184979319572449,0.7325049042701721,-0.2852792143821716,-0.2634932994842529,-0.2635329365730285,-0.2635980546474457,-0.2956933975219726,-0.2957824170589447,-0.2958584427833557,-0.176838532090187,-0.2727565467357635,-0.2486210763454437,-0.2795232534408569,-0.0856393799185752,-0.2385542839765548,-0.0095927417278289,-0.2284916937351226,-0.0390381105244159,-0.2279022932052612,-0.043480172753334,-0.2459481507539749,-0.0629997476935386,-0.2535721659660339,-0.0485254637897014,-0.2303985655307769,0.0476675108075141,-0.0476917251944541,0.151336133480072,0.0488582774996757,0.2903111577033996,0.1918967366218567,0.301628053188324,0.2033890783786773,0.2529939413070678,0.1313690692186355,Stand-To-Sit
622,0.9987271428108216,0.997161626815796,0.9964654445648192,0.9955281615257264,0.9983561635017396,0.9984395503997804,0.9985864162445068,0.9894065856933594,0.9988341331481934,0.9973565936088562,0.9992296695709229,0.9990404844284058,0.9999277591705322,0.4624009132385254,0.9793052673339844,0.4149990081787109,0.9529156684875488,0.389131486415863,0.9117754101753236,0.3949877619743347,0.914528489112854,0.388397604227066,0.90181303024292,0.9986260533332824,0.9992929697036744,0.9243564605712892,0.9811462163925172,0.95376056432724,0.9777604341506958,0.9117791652679444,0.8962628841400146,0.9646682143211364,0.968475341796875,0.2755010724067688,0.275670439004898,0.2766676843166351,0.2776543796062469,0.2706825137138366,0.2676658034324646,0.2645859122276306,0.2734425961971283,0.2557428777217865,0.2757371366024017,0.2693346738815307,0.2786064445972442,0.2191722393035888,0.2663280367851257,0.1871947795152664,0.2623878121376037,0.1782707870006561,0.2614896893501282,0.1752138435840606,0.2608801424503326,0.1830826848745346,0.2622626721858978,0.1854450553655624,0.2611877024173736,0.2304822951555252,0.267870157957077,0.2357363700866699,0.2638589143753052,0.2386585474014282,0.255766749382019,0.2333525717258453,0.2891879677772522,0.2504860162734985,0.4020635187625885,0.3916759788990021,0.3909893333911896,0.39019376039505,0.3923777639865875,0.3922988176345825,0.3920421898365021,0.3893482387065887,0.391234815120697,0.4107804000377655,0.4110462963581085,0.4253445565700531,0.4338403642177582,0.4721627235412597,0.4918423295021057,0.526822566986084,0.5532707571983337,0.5421696305274963,0.5689954161643982,0.5377334952354431,0.5696645379066467,0.5361171364784241,0.5652317404747009,0.5499441623687744,0.5555082559585571,0.6237351298332214,0.6271931529045105,0.6947816014289856,0.7058656215667725,0.7077363133430481,0.7169360518455505,0.7182185649871826,0.7319048643112183,-0.2914844155311584,-0.2668144106864929,-0.2668380737304687,-0.2668668329715729,-0.300490140914917,-0.300573319196701,-0.3006459772586822,-0.1848001480102539,-0.2702973484992981,-0.2533172965049743,-0.2834154963493347,-0.084186278283596,-0.2381730079650879,-0.0046982923522591,-0.2359647750854492,-0.031556699424982,-0.245754212141037,-0.03615627810359,-0.2663655877113342,-0.0554416179656982,-0.2737155556678772,-0.040981724858284,-0.248415395617485,0.0489847213029861,-0.0490277186036109,0.1626522839069366,0.0576981715857982,0.308186411857605,0.2099378854036331,0.3202993273735046,0.2224338948726654,0.2740361094474792,0.1544701606035232,Stand-To-Sit
623,0.9987956881523132,0.9973490238189696,0.9966802000999452,0.9958021640777588,0.9984821677207948,0.9985604882240297,0.998698592185974,0.989904761314392,0.9989304542541504,0.9973823428153992,0.9992645382881165,0.9989765286445618,0.9999317526817322,0.4213128983974457,0.9811968207359314,0.3801977336406708,0.956020712852478,0.3572185933589935,0.9163804650306702,0.3626657426357269,0.9186564087867736,0.3569746017456054,0.9048507213592528,0.9987205266952516,0.9993407726287842,0.914767563343048,0.9813965559005736,0.9488271474838256,0.97862309217453,0.9085907340049744,0.8990699052810669,0.9639698266983032,0.9699423909187316,0.2768917679786682,0.2766589522361755,0.2775644659996032,0.2784422934055328,0.2719329595565796,0.268994390964508,0.2659120261669159,0.2738986611366272,0.256765216588974,0.2770654261112213,0.270984947681427,0.2777110934257507,0.2204045802354812,0.2602894902229309,0.1867654621601104,0.2569383680820465,0.1776968985795974,0.256587952375412,0.1746479570865631,0.2573800086975097,0.1819901913404464,0.2562441229820251,0.1843555122613906,0.2583336234092712,0.2270832806825637,0.2680231630802154,0.2360609024763107,0.2637763321399688,0.2387155294418335,0.2560469508171081,0.2327456027269363,0.2892860770225525,0.2503517270088196,0.4044321179389953,0.3940317332744598,0.3932956755161285,0.3924987912178039,0.3950044214725494,0.3951053023338318,0.3950851857662201,0.3925842940807342,0.3951102495193481,0.4134459793567657,0.4140645265579223,0.4293667674064636,0.4354881644248962,0.4741882085800171,0.4918640553951263,0.5278148055076599,0.5531924962997437,0.5423461198806763,0.5688295960426331,0.5394033193588257,0.5696389079093933,0.5365048050880432,0.5653819441795349,0.5513723492622375,0.5568428039550781,0.6208045482635498,0.62687748670578,0.6946934461593628,0.7057707905769348,0.707722008228302,0.7169516086578369,0.7179374098777771,0.7308688759803772,-0.325822502374649,-0.3086183667182922,-0.3086302876472473,-0.3086455464363098,-0.330626517534256,-0.3307110071182251,-0.3307846784591675,-0.2070468962192535,-0.2967512011528015,-0.2841930389404297,-0.3108674883842468,-0.086632452905178,-0.2607925534248352,-0.0073405997827649,-0.2569839656352997,-0.0359832532703876,-0.2681694626808166,-0.0422323495149612,-0.2905504405498504,-0.0619925856590271,-0.2985340356826782,-0.045886643230915,-0.2709130644798279,0.050471156835556,-0.0505215302109718,0.1610691249370575,0.0713121443986892,0.3156094253063202,0.2411355972290039,0.3286067843437195,0.254738986492157,0.2780771851539612,0.1811408549547195,Stand-To-Sit
624,0.998865842819214,0.9975306987762452,0.9968976974487304,0.9960804581642152,0.998600423336029,0.9986730217933656,0.9988019466400146,0.990543782711029,0.9990187287330629,0.997458279132843,0.9993038773536682,0.9989628195762634,0.9999364614486694,0.3840532898902893,0.9829826354980468,0.3484755158424377,0.9594476222991944,0.3280735611915588,0.9219146966934204,0.3332882523536682,0.9238036274909972,0.32819265127182,0.9092270135879515,0.9988252520561218,0.9993892312049866,0.90923672914505,0.98159921169281,0.9454416632652284,0.9792994856834412,0.9066303372383118,0.9020735025405884,0.9642280340194702,0.971112072467804,0.2765454649925232,0.2763634324073791,0.2772962749004364,0.2782029211521148,0.271617442369461,0.2687007784843445,0.2657124400138855,0.2737415432929992,0.2567018270492553,0.2768182158470154,0.2707965672016144,0.2744307219982147,0.2209294289350509,0.253833144903183,0.1853306591510772,0.2522466480731964,0.1773539930582046,0.2525404691696167,0.1748009026050567,0.2534093558788299,0.1822207123041153,0.2516953647136688,0.1844038516283035,0.2557203769683838,0.2250817567110061,0.2682220935821533,0.2363793849945068,0.2640158832073211,0.2386825829744339,0.2557882666587829,0.2327833920717239,0.2893162667751312,0.2495128661394119,0.4088509678840637,0.3984642326831817,0.3977426290512085,0.3969227969646454,0.3992925882339477,0.3993502855300903,0.3993166387081146,0.3973138630390167,0.3993538618087768,0.4181486070156097,0.4185481071472168,0.4326069951057434,0.4388152062892914,0.4808777868747711,0.4928285479545593,0.5307311415672302,0.553778350353241,0.5442920923233032,0.5689026117324829,0.5425422787666321,0.5695382356643677,0.5388755202293396,0.5654197931289673,0.552073061466217,0.558212161064148,0.6124019622802734,0.6245631575584412,0.6945829391479492,0.7058746218681335,0.70802241563797,0.717392086982727,0.7172939777374268,0.7296217679977417,-0.3204644024372101,-0.3036837577819824,-0.3036938607692718,-0.3037165403366089,-0.3208546340465545,-0.3209269642829895,-0.320989727973938,-0.1975964903831482,-0.2863877117633819,-0.2828325033187866,-0.2990799248218536,-0.0777991116046905,-0.2523481547832489,0.0096877170726656,-0.2553873360157013,-0.0213404223322868,-0.2685145735740661,-0.0273979641497135,-0.2904502153396606,-0.0472848936915397,-0.296774297952652,-0.0314010791480541,-0.270171582698822,0.0512092523276805,-0.0512440577149391,0.0901201218366622,0.0675226897001266,0.2231457531452179,0.2282933741807937,0.2339967936277389,0.2404543161392212,0.1757351011037826,0.1664412915706634,Stand-To-Sit
625,0.9989405870437622,0.9977164268493652,0.9971266984939576,0.9963752031326294,0.9987159371376038,0.998782217502594,0.9989013075828552,0.9912661910057068,0.9991021752357484,0.997583031654358,0.9993470907211304,0.9989887475967408,0.9999410510063172,0.349633127450943,0.9845824837684632,0.3199268877506256,0.9627097845077516,0.3022009134292602,0.9274725914001464,0.3072784543037414,0.9290714263916016,0.3026951849460602,0.9139835238456726,0.9989210963249208,0.9994347095489502,0.898277997970581,0.981428563594818,0.9396203756332396,0.9794887900352478,0.9018701314926147,0.9042147397994996,0.9636697173118592,0.9719314575195312,0.2773319184780121,0.2770326435565948,0.2777928709983825,0.2785192728042602,0.2726024687290191,0.2699134647846222,0.2668388187885284,0.2735756635665893,0.2571405470371246,0.2770412862300873,0.2714281678199768,0.2704542279243469,0.2218228876590728,0.2491122931241989,0.1842134147882461,0.2490065097808838,0.1764670312404632,0.2494421452283859,0.1743920743465423,0.2501628696918487,0.1822963505983352,0.2486852407455444,0.1845323741436004,0.253153383731842,0.223729133605957,0.2681457996368408,0.2395661324262619,0.2632272839546203,0.2387260645627975,0.2541070878505707,0.232368916273117,0.2893990874290466,0.2494365870952606,0.4110670089721679,0.4007120728492737,0.3999340236186981,0.3990788757801056,0.4015513062477112,0.4014742076396942,0.4012970924377441,0.3991920351982116,0.401063859462738,0.4202634990215301,0.4209036231040954,0.4356834292411804,0.4409714341163635,0.4845903813838959,0.4932546019554138,0.5328983068466187,0.5538409948348999,0.5460443496704102,0.5688585638999939,0.5441531538963318,0.5694402456283569,0.5403554439544678,0.5653641819953918,0.5550183653831482,0.5620144009590149,0.6097567677497864,0.6238577365875244,0.6940287947654724,0.7058250904083252,0.7080518007278442,0.7174513339996338,0.7158924341201782,0.728587806224823,-0.2913066744804382,-0.275770366191864,-0.2757720351219177,-0.275769829750061,-0.2995241284370422,-0.2995977699756622,-0.2996678054332733,-0.1793016195297241,-0.2802805602550506,-0.2523842453956604,-0.2827425599098205,-0.0643363669514656,-0.2534609138965606,0.0286650545895099,-0.2547423243522644,0.0036787420976907,-0.2582617104053497,-0.0002251754049211,-0.2799321711063385,-0.0194964688271284,-0.2852619290351867,-0.0059080142527818,-0.259411096572876,0.0547318682074546,-0.0547733195126056,0.1084559708833694,0.0724458843469619,0.2469239234924316,0.2405463904142379,0.2585391402244568,0.2537416815757751,0.2050166875123977,0.1893305480480194,Stand-To-Sit
626,0.9990227222442628,0.9978985786437988,0.997342050075531,0.9966608285903932,0.9988305568695068,0.9988909363746644,0.9990015625953674,0.9919370412826538,0.9991835951805116,0.9977493286132812,0.9994006156921388,0.999010443687439,0.9999460577964784,0.3199468553066253,0.9860655069351196,0.2959400713443756,0.966038942337036,0.2809709310531616,0.9334903359413148,0.2860196530818939,0.9348504543304444,0.2821968793869018,0.92003333568573,0.9990095496177672,0.999478816986084,0.8821333646774292,0.9812031984329224,0.931814968585968,0.9801538586616516,0.89470374584198,0.9078553915023804,0.9620802998542786,0.9729491472244264,0.2768683433532715,0.2768455147743225,0.2776395678520202,0.2783842086791992,0.2722595036029815,0.2695561349391937,0.266416072845459,0.2735524773597717,0.2567102015018463,0.2765605747699737,0.2707825303077698,0.2671918272972107,0.2217535972595214,0.2506203055381775,0.1826434731483459,0.2520655393600464,0.1766909062862396,0.2526484131813049,0.1745386272668838,0.2530637979507446,0.1830977201461792,0.2516545951366424,0.1851775497198104,0.2512539029121399,0.2231525927782058,0.268217384815216,0.2395752221345901,0.2625753283500671,0.2387565672397613,0.2535396814346313,0.2324836701154709,0.2894157469272613,0.2509105503559112,0.4158965945243835,0.4051331877708435,0.4042442142963409,0.4033327400684356,0.405889093875885,0.4056881666183471,0.4053203761577606,0.4025988280773163,0.4040914177894592,0.4250042736530304,0.4252122342586517,0.4360987544059753,0.4435238540172577,0.4850780367851257,0.4947428107261657,0.533385157585144,0.5556467771530151,0.5459275841712952,0.5701443552970886,0.5446586608886719,0.5706630349159241,0.5414465069770813,0.5667065382003784,0.5547341108322144,0.5614508986473083,0.6150911450386047,0.6238881945610046,0.6938921809196472,0.705847978591919,0.7081652879714966,0.7178170084953308,0.7154767513275146,0.7286579608917236,-0.3186603188514709,-0.305011123418808,-0.3049905002117157,-0.3049890100955963,-0.3281512558460235,-0.3282334208488464,-0.3283186256885528,-0.2117548882961273,-0.3132892251014709,-0.2798608839511871,-0.309995174407959,-0.0928202718496322,-0.2836644053459167,0.021488968282938,-0.30165895819664,0.0287778880447149,-0.3237853348255157,0.0311189293861389,-0.3486897349357605,0.0108706913888454,-0.3558495044708252,0.0203265324234962,-0.3259489834308624,0.053918719291687,-0.0539862513542175,0.1258699148893356,0.0816311687231063,0.2726730406284332,0.2565413117408752,0.2854394316673279,0.2706251740455627,0.2352393418550491,0.2056293785572052,Stand-To-Sit
627,0.9990639686584472,0.998000979423523,0.9974622130393982,0.996827244758606,0.9989091753959656,0.9989666938781738,0.9990721940994264,0.992398202419281,0.9992443919181824,0.9978083968162536,0.9994281530380248,0.9990482330322266,0.9999501705169678,0.2928566932678222,0.9873770475387572,0.2730084359645843,0.9688360691070556,0.2603163123130798,0.9383735060691832,0.2653831541538238,0.9395099878311156,0.2622294723987579,0.9245458245277404,0.9990854263305664,0.9995156526565552,0.8679975271224976,0.980967342853546,0.9261890053749084,0.9806750416755676,0.8893189430236816,0.910977840423584,0.9609892964363098,0.9738431572914124,0.2764849662780761,0.2764644026756286,0.27730193734169,0.2781227231025696,0.2718691825866699,0.2691381871700287,0.2660209536552429,0.2728766202926636,0.2564097940921783,0.2762166857719421,0.2704159617424011,0.2673292458057403,0.2215588092803955,0.2504081428050995,0.1818345487117767,0.2519741058349609,0.1766076385974884,0.2526929676532745,0.1745612025260925,0.2529560029506683,0.1831670701503753,0.2515147626399994,0.185211032629013,0.2503125071525574,0.2221596986055374,0.2682811915874481,0.2396861612796783,0.262400358915329,0.2387488782405853,0.2536545097827911,0.2305293083190918,0.2893252968788147,0.2535145580768585,0.4187071919441223,0.4081114828586578,0.4072471559047699,0.4062653183937073,0.4089384973049164,0.408789187669754,0.4084836840629577,0.4049651324748993,0.4068516790866852,0.4274186789989471,0.4281587898731231,0.4365841448307037,0.4450912177562713,0.4834102392196655,0.4946523904800415,0.532555341720581,0.5554963946342468,0.5451177954673767,0.570023238658905,0.5444517731666565,0.5705262422561646,0.5409708619117737,0.5665310025215149,0.5555123090744019,0.5630081295967102,0.6179736256599426,0.6237526535987854,0.6930089592933655,0.7058160305023193,0.7078409194946289,0.7178636789321899,0.7147472500801086,0.7284363508224487,-0.3073800206184387,-0.2949585020542145,-0.2949367165565491,-0.2949397265911102,-0.3255454301834106,-0.3256298899650574,-0.3257601857185364,-0.2089078426361084,-0.2998222708702087,-0.2698937654495239,-0.3053376078605652,-0.087684765458107,-0.268917053937912,0.032199278473854,-0.2719560265541076,0.0352698042988777,-0.279262512922287,0.0359754189848899,-0.3006132245063782,0.0169347487390041,-0.3086943924427032,0.0269323177635669,-0.2815788388252258,0.0535290464758873,-0.0535883121192455,0.1314660012722015,0.0797788798809051,0.2794051170349121,0.2501205801963806,0.2922824025154114,0.2638058662414551,0.2434850186109542,0.1996929049491882,Stand-To-Sit
628,0.9990763068199158,0.9980838894844056,0.9975605607032776,0.9969661235809326,0.9989681243896484,0.9990234971046448,0.9991304278373718,0.9928324222564696,0.999294102191925,0.9978495836257936,0.9994505643844604,0.9990407824516296,0.99995356798172,0.2693581581115722,0.9885423183441162,0.251768559217453,0.9711677432060242,0.2410154044628143,0.9423473477363586,0.2458004355430603,0.9432682394981384,0.2432535886764526,0.9278406500816344,0.9991393089294434,0.9995294809341432,0.8502939343452454,0.9805725812911988,0.9165048599243164,0.9799166321754456,0.8826539516448975,0.9109880924224854,0.9575762748718262,0.9737592339515686,0.2764380574226379,0.2762568891048431,0.2770792841911316,0.2779707908630371,0.271900475025177,0.269227385520935,0.2661598324775696,0.2718725800514221,0.2561810314655304,0.2759908437728882,0.2703566253185272,0.2644201517105102,0.2219982892274856,0.2470364570617675,0.1806487143039703,0.2486377656459808,0.1766889989376068,0.2498713731765747,0.1746360212564468,0.250308483839035,0.1831767112016677,0.2487511932849884,0.1853670924901962,0.2466382980346679,0.2208089381456375,0.2667995393276214,0.2405124604701995,0.2614271342754364,0.2386197596788406,0.2523805499076843,0.2287906408309936,0.2891778647899627,0.2543399930000305,0.4179132580757141,0.4075724184513092,0.4067113995552063,0.4058392643928528,0.4083980619907379,0.4083184897899627,0.4081279635429382,0.4051896333694458,0.4071095883846283,0.4265364706516266,0.427395224571228,0.4381675124168396,0.4449433982372284,0.4854499697685241,0.4942351281642914,0.5340710282325745,0.5555080771446228,0.5467815399169922,0.5699316263198853,0.5463602542877197,0.5705599188804626,0.5427518486976624,0.5666600465774536,0.555548906326294,0.5634775161743164,0.613206148147583,0.6214651465415955,0.6929768919944763,0.7058137655258179,0.7083238363265991,0.7194975018501282,0.7144638895988464,0.7282018065452576,-0.2587102055549621,-0.2454430162906646,-0.2454369068145752,-0.2454206049442291,-0.2690491378307342,-0.2691174745559692,-0.2691895365715027,-0.1614548861980438,-0.2652004659175873,-0.2237443178892135,-0.2545275092124939,-0.0531578473746776,-0.2586100697517395,0.0416084118187427,-0.2670052647590637,0.0327884778380394,-0.2770915031433105,0.0338759794831275,-0.2994495332241058,0.0149014312773942,-0.3035489320755005,0.0240559261292219,-0.2778455317020416,0.0596401169896125,-0.0596979036927223,0.0722352415323257,-0.0096818907186388,0.1762473285198211,0.1167946830391883,0.1841577738523483,0.1261189430952072,0.1378979980945587,0.0658991262316703,Stand-To-Sit
629,0.9991442561149596,0.998232126235962,0.997738480567932,0.9971965551376344,0.9990574717521667,0.9991068840026855,0.99920654296875,0.9933869242668152,0.999357283115387,0.997995376586914,0.9994944334030152,0.9990695118904114,0.9999573826789856,0.2466600239276886,0.9896270632743835,0.2331165224313736,0.9735758304595948,0.2242140918970108,0.9466328024864196,0.2289423048496246,0.947338342666626,0.227015420794487,0.9318934082984924,0.9992127418518066,0.999567210674286,0.8387016654014587,0.9807916879653932,0.9119503498077391,0.9804957509040833,0.881653904914856,0.9142544865608216,0.9574865102767944,0.9748014211654664,0.2762172818183899,0.2761052250862121,0.2769944965839386,0.2778824865818023,0.2716647684574127,0.2689740657806396,0.2659355998039245,0.2714598476886749,0.2560575902462005,0.2758939862251282,0.270157516002655,0.2638131976127624,0.2219330817461013,0.2462494820356369,0.1792628616094589,0.2492720782756805,0.1767699122428894,0.2506661415100097,0.1749965101480484,0.2510049343109131,0.1837963163852691,0.2493771761655807,0.1856836676597595,0.245773509144783,0.2187506407499313,0.266542375087738,0.2371233403682708,0.2610342800617218,0.2382167130708694,0.2519961595535278,0.2284823358058929,0.2894859910011291,0.2541093230247497,0.4187178909778595,0.408395379781723,0.407612532377243,0.4068112671375274,0.4093626141548157,0.4093919992446899,0.409334272146225,0.4062521159648895,0.4086726009845733,0.4272097945213318,0.4284429550170898,0.4389586448669433,0.4453653395175934,0.4844888746738434,0.4925648868083954,0.5335059762001038,0.5550839304924011,0.5464450120925903,0.5692691206932068,0.545744001865387,0.5697177052497864,0.5422397255897522,0.5655801892280579,0.5579210519790649,0.5644422173500061,0.6170743703842163,0.6252590417861938,0.6933347582817078,0.7056926488876343,0.708572268486023,0.7194438576698303,0.7144220471382141,0.7281830310821533,-0.2774421870708465,-0.2645816802978515,-0.2645778954029083,-0.2645709216594696,-0.2849567532539367,-0.2850269973278045,-0.2850925624370575,-0.1750771701335907,-0.2768384516239166,-0.2403486967086792,-0.2663917541503906,-0.0661400482058525,-0.2628049552440643,0.0393925011157989,-0.2829566895961761,0.0377902537584304,-0.2967487871646881,0.0388071313500404,-0.3205823004245758,0.0200315602123737,-0.3245482146739959,0.0294029060751199,-0.2975026667118072,0.0572532936930656,-0.0573205836117267,0.1202467903494834,0.0722287818789482,0.2569120526313782,0.2452884912490844,0.2692232728004455,0.2596222460269928,0.2253858596086502,0.2012696266174316,Stand-To-Sit
630,0.9991543292999268,0.998325526714325,0.997849464416504,0.9973424077033995,0.9991114139556884,0.9991576075553894,0.9992588758468628,0.9938210248947144,0.9994038939476012,0.9980633854866028,0.9995167255401612,0.999087393283844,0.9999604225158693,0.2280458211898803,0.99057137966156,0.2157758623361587,0.9752994775772096,0.2087129950523376,0.9494562149047852,0.21338552236557,0.9500230550765992,0.2118396908044815,0.934179663658142,0.9992564916610718,0.99957937002182,0.83306485414505,0.9812427163124084,0.9096359014511108,0.9804792404174804,0.8825379014015198,0.91722172498703,0.9564564824104308,0.9752510190010072,0.2757252156734466,0.2751666903495788,0.2759374678134918,0.2766987681388855,0.2709025740623474,0.268236756324768,0.2651967704296112,0.2706541419029236,0.2557627856731415,0.275264024734497,0.269864946603775,0.2628039121627807,0.2218564301729202,0.2444293946027755,0.1779509335756302,0.2473040372133255,0.1776650249958038,0.248920127749443,0.1764846444129943,0.2497624903917312,0.1850495934486389,0.2480147629976272,0.1864180415868759,0.2426388561725616,0.2166331261396408,0.2634187042713165,0.2362283021211624,0.2589276731014251,0.2379395216703415,0.2501786351203918,0.2279575765132904,0.2887307703495025,0.2538700103759765,0.4202269613742828,0.4100512564182281,0.4093033969402313,0.4085544645786285,0.4111008644104004,0.4111531972885132,0.4111666977405548,0.4084595143795013,0.4107759296894073,0.4286451637744903,0.4297281801700592,0.4399041533470154,0.4464419186115265,0.4845843613147735,0.4922340810298919,0.5331010222434998,0.5536360144615173,0.5463722944259644,0.5684756636619568,0.5454326868057251,0.5678770542144775,0.5418796539306641,0.563669741153717,0.5575821995735168,0.5644492506980896,0.611905038356781,0.6206492781639099,0.6947898864746094,0.7056728005409241,0.7182859182357788,0.7206475734710693,0.7146188616752625,0.7281156182289124,-0.2414149940013885,-0.2281694412231445,-0.2281666249036789,-0.2281647026538849,-0.2500067055225372,-0.2500692009925842,-0.2501218020915985,-0.1433128714561462,-0.2425633668899536,-0.2061572819948196,-0.2346750795841217,-0.0346377044916152,-0.2301687449216842,0.0580608136951923,-0.2489598244428634,0.0478536412119865,-0.2474720925092697,0.0490068569779396,-0.2658905982971191,0.0302031673491001,-0.2685720920562744,0.0391346141695976,-0.2467427551746368,0.0590593703091144,-0.0590813755989074,0.0293062571436166,-0.0350710488855838,0.1109148263931274,0.0698481351137161,0.1163055077195167,0.077192448079586,0.0667376592755317,0.0178663805127143,Stand-To-Sit
631,0.999187707901001,0.9984198808670044,0.9979705214500428,0.9975022673606871,0.9991714358329772,0.99921315908432,0.9993090629577636,0.9942505359649658,0.9994472861289978,0.9981356263160706,0.999538242816925,0.9991126656532288,0.9999625086784364,0.2100824862718582,0.9913662672042848,0.199587881565094,0.976047694683075,0.1935759335756302,0.9498974084854126,0.1982147693634033,0.9501901268959044,0.1970017850399017,0.93267560005188,0.9992972016334534,0.999603033065796,0.8359183669090271,0.981696605682373,0.9109864234924316,0.9810070991516112,0.8797639012336731,0.9190407395362854,0.957155704498291,0.976090371608734,0.2753530144691467,0.2743391394615173,0.2749712467193603,0.2755882740020752,0.2702175974845886,0.2675319314002991,0.2643855214118957,0.268974632024765,0.2546567320823669,0.2745546102523803,0.2695204615592956,0.2620091140270233,0.2208114117383957,0.2441693246364593,0.1773849874734878,0.2461453229188919,0.1793843805789947,0.2473972141742706,0.1782374083995819,0.2484440803527832,0.1858705580234527,0.2468050271272659,0.1869776546955108,0.2423082143068313,0.2148393392562866,0.2635374367237091,0.2353677302598953,0.2610081732273102,0.2370884120464325,0.2539985477924347,0.2282477617263794,0.2888907790184021,0.2530095875263214,0.4212363660335541,0.411002904176712,0.4102597534656524,0.4095177352428436,0.4120595157146454,0.4121459424495697,0.4122261703014374,0.409748911857605,0.4122662246227264,0.4296303987503052,0.4308284819126129,0.4422507286071777,0.4488047063350677,0.4848737716674804,0.4920870363712311,0.5328275561332703,0.5524727702140808,0.5463100671768188,0.5679254531860352,0.5451889038085938,0.5676020383834839,0.541596531867981,0.5631961822509766,0.5590225458145142,0.5649513602256775,0.6154612302780151,0.6224079132080078,0.6949407458305359,0.7066046595573425,0.717818558216095,0.7206467390060425,0.7146371603012085,0.7281872034072876,-0.2445046454668045,-0.2323193252086639,-0.2323110103607177,-0.232318639755249,-0.2546765804290771,-0.2547398507595062,-0.2547925412654876,-0.1500367969274521,-0.2497962266206741,-0.2097845077514648,-0.2389224767684936,-0.0458583012223243,-0.2279780209064483,0.0583413913846015,-0.2196683883666992,0.0629260316491127,-0.1953220516443252,0.0648695081472396,-0.2090167552232742,0.0481914356350898,-0.2121030837297439,0.055379033088684,-0.1944597065448761,0.0572397038340568,-0.057279884815216,0.061183463782072,0.039637204259634,0.1386197656393051,0.1804112493991851,0.1508825570344925,0.1916655004024505,0.1579510271549224,0.1453243792057037,Stand-To-Sit
632,0.9992127418518066,0.9984980225563048,0.9980724453926086,0.99763822555542,0.999221682548523,0.999259889125824,0.9993521571159364,0.9946027398109436,0.9994858503341676,0.9982029795646667,0.9995598196983336,0.9991405606269836,0.9999646544456482,0.1946375519037246,0.992119073867798,0.1855463832616806,0.9772051572799684,0.1805902570486068,0.9514835476875304,0.1852132827043533,0.9515442848205566,0.1843279600143432,0.9330648183822632,0.9993401169776917,0.9996261596679688,0.8372130393981934,0.9821340441703796,0.9126880168914796,0.9814290404319764,0.8785081505775452,0.9200711846351624,0.95806086063385,0.9767645001411438,0.2748091220855713,0.2733780145645141,0.2738154530525207,0.2741865217685699,0.2696022391319275,0.2670069932937622,0.2639007866382599,0.2665691673755646,0.2536936104297638,0.2736572027206421,0.2691356837749481,0.2603318095207214,0.2201844155788421,0.2427885085344314,0.1750311553478241,0.2427360713481903,0.1798484623432159,0.2432334721088409,0.1786027401685714,0.2441957294940948,0.1859653443098068,0.2429969310760498,0.1871455907821655,0.2422024458646774,0.2151573598384857,0.2623035907745361,0.2351670563220977,0.2611091434955597,0.2368493825197219,0.2540225684642792,0.2284640520811081,0.2888678908348083,0.2529038786888122,0.4221455454826355,0.4122878611087799,0.4115588366985321,0.4108304381370544,0.4133034646511078,0.4134131968021393,0.413620114326477,0.4113564193248749,0.4141054153442383,0.4304169118404388,0.4318463504314422,0.4437508881092071,0.4501397311687469,0.4871862232685089,0.4918611645698547,0.5331942439079285,0.5505132675170898,0.5461274981498718,0.5653932690620422,0.544941246509552,0.5659359693527222,0.5413844585418701,0.5604173541069031,0.558716893196106,0.5648133158683777,0.618986964225769,0.6225299835205078,0.6960123777389526,0.7068389654159546,0.7165538668632507,0.7210837602615356,0.7150447368621826,0.7285815477371216,-0.2435470819473266,-0.2315312176942825,-0.2315214425325393,-0.23151795566082,-0.254221111536026,-0.254285991191864,-0.2543415427207947,-0.1502206325531005,-0.2517341375350952,-0.2092150151729583,-0.2388599663972854,-0.049188207834959,-0.2290731221437454,0.0452392324805259,-0.2234753668308258,0.0546502694487571,-0.2081731110811233,0.0581577643752098,-0.2245597094297409,0.0384284108877182,-0.2264982014894485,0.0453673303127288,-0.2070773094892501,0.0570283755660057,-0.0570763275027275,0.0738036483526229,0.0430358424782753,0.1981160938739776,0.1869732141494751,0.2094299495220184,0.1985851973295211,0.1753658354282379,0.1494845002889633,Stand-To-Sit
633,0.9992640614509584,0.9986091256141664,0.9982110857963562,0.9978060722351074,0.999284565448761,0.9993191957473756,0.999405562877655,0.9949966669082642,0.9995303750038148,0.998289942741394,0.9995900392532348,0.999144732952118,0.9999666213989258,0.1797094494104385,0.992834746837616,0.1728222519159317,0.9785796403884888,0.1690510362386703,0.9535390734672546,0.1735738664865493,0.9534355401992798,0.172910988330841,0.9345386624336244,0.9993712902069092,0.999643325805664,0.8403962850570679,0.9827397465705872,0.9152013063430786,0.9818835258483888,0.8788509964942932,0.9209137558937072,0.9591720104217528,0.9774010181427002,0.2716498970985412,0.2705203890800476,0.2712291777133941,0.2718584537506103,0.2659420073032379,0.2631104588508606,0.2598745822906494,0.2654744386672973,0.2504398822784424,0.2714079022407532,0.2659560143947601,0.2585122883319855,0.2185335159301757,0.2406217604875564,0.1708418577909469,0.2425357103347778,0.1798632591962814,0.243666261434555,0.1794788539409637,0.2447879612445831,0.1867735236883163,0.2433150708675384,0.1877017170190811,0.2412309199571609,0.2139458954334259,0.2626146972179413,0.2349230051040649,0.2611279785633087,0.2368858158588409,0.2543502748012543,0.2286864221096038,0.2888441681861877,0.2531324028968811,0.4223999679088592,0.4124152362346649,0.4117167592048645,0.4110211133956909,0.413429707288742,0.4135297536849975,0.4137705564498901,0.412019670009613,0.4151164293289184,0.4308905005455017,0.4322759211063385,0.4449924826622009,0.4524330198764801,0.4889808893203735,0.4918175041675567,0.5340132117271423,0.5505548715591431,0.5463937520980835,0.5654579401016235,0.5452525019645691,0.565647304058075,0.541849672794342,0.5604066848754883,0.5584377646446228,0.564817488193512,0.6171030402183533,0.6232489347457886,0.695478081703186,0.7074921727180481,0.7130935788154602,0.7211868762969971,0.7148569226264954,0.7287503480911255,-0.2683536410331726,-0.2538034915924072,-0.2537805736064911,-0.2537705898284912,-0.2746298313140869,-0.2746966779232025,-0.2747480571269989,-0.1624149084091186,-0.2571782171726227,-0.2308243215084076,-0.2581469714641571,-0.0518769845366478,-0.2309392988681793,0.0434428304433822,-0.2285104095935821,0.0324234366416931,-0.2228488475084304,0.0327016115188598,-0.240635484457016,0.0164894480258226,-0.2434011995792389,0.024375332519412,-0.2226380109786987,0.0557845346629619,-0.0558559112250804,0.0878203511238098,0.0413009040057659,0.2112196683883667,0.1823194324970245,0.2212341725826263,0.1936731040477752,0.1778465211391449,0.1402018964290619,Stand-To-Sit
634,0.9992824196815492,0.9986714720726012,0.9982931017875672,0.9979020357131958,0.9993239641189576,0.9993561506271362,0.999439299106598,0.9952638149261476,0.9995608925819396,0.9983219504356384,0.999607264995575,0.9991526007652284,0.999967634677887,0.1667578369379043,0.9934540390968324,0.1615316718816757,0.979536235332489,0.1588275581598281,0.9547621011734008,0.1633167862892151,0.954476535320282,0.1627938598394394,0.9347187280654908,0.9993930459022522,0.9996523261070251,0.8458028435707092,0.9831122756004332,0.9182167053222656,0.9822626113891602,0.8789650201797485,0.9212766885757446,0.9604254961013794,0.9780237674713136,0.2697211503982544,0.2685888409614563,0.2692228555679321,0.2697865962982178,0.2641460597515106,0.2613169252872467,0.2579828202724457,0.2629331946372986,0.2482555657625198,0.269232839345932,0.2638606131076813,0.2561054825782776,0.2170494347810745,0.238397866487503,0.1688912808895111,0.2406729459762573,0.1798576414585113,0.2419551610946655,0.1800951063632965,0.2432062327861786,0.1870627999305725,0.2417717427015304,0.1878200322389602,0.2399234026670456,0.2125584632158279,0.2628842890262604,0.2349376380443573,0.2628393769264221,0.2367623746395111,0.2585228383541107,0.2287337481975555,0.2891680896282196,0.2526756525039673,0.4245865643024444,0.4143711626529693,0.4135891199111938,0.4128027260303497,0.4156644642353058,0.4159049689769745,0.4161891937255859,0.4135666787624359,0.4170048832893371,0.4330758452415466,0.434442400932312,0.4464369416236877,0.4533275961875915,0.4923706352710724,0.4917622804641723,0.5349310636520386,0.5504136681556702,0.5466873049736023,0.5652379989624023,0.5453472137451172,0.5646804571151733,0.5419941544532776,0.5598525404930115,0.559143602848053,0.565520703792572,0.6166183352470398,0.6244571208953857,0.6954459547996521,0.7080243229866028,0.712355375289917,0.721155047416687,0.7149093151092529,0.729422926902771,-0.2638592422008514,-0.2502908110618591,-0.2502738833427429,-0.2502666115760803,-0.2716624736785888,-0.2717257142066955,-0.2717777490615845,-0.1616475284099578,-0.25774747133255,-0.2270433455705642,-0.2550953030586242,-0.0533733777701854,-0.2291399985551834,0.0406030975282192,-0.223724365234375,0.026588225737214,-0.2131353914737701,0.0261582024395465,-0.2289314568042755,0.0084647722542285,-0.2296763956546783,0.0181806217879056,-0.211407870054245,0.054680448025465,-0.0547486953437328,0.0759304910898208,0.0229173339903354,0.191238984465599,0.1634397804737091,0.200377270579338,0.1746113300323486,0.1518061310052871,0.116352841258049,Stand-To-Sit
635,0.9992584586143494,0.9986588358879088,0.9982916712760924,0.9979081153869628,0.999336302280426,0.999367356300354,0.999448299407959,0.9953676462173462,0.9995757937431335,0.99830824136734,0.9996131658554076,0.9991454482078552,0.999968945980072,0.1549177020788192,0.9940208196640016,0.151428610086441,0.9806145429611206,0.1494213938713073,0.95653235912323,0.1539250016212463,0.9560962915420532,0.1535717099905014,0.9358710050582886,0.9994261860847472,0.9996697306632996,0.8528226613998413,0.9832759499549866,0.921460211277008,0.982524573802948,0.8799425959587097,0.92177814245224,0.9620503187179564,0.9785280227661132,0.2692956328392029,0.2677546739578247,0.268124371767044,0.2683914303779602,0.2639235854148865,0.2612550556659698,0.2580687403678894,0.2609946727752685,0.2476107329130172,0.2680444121360779,0.263373851776123,0.2547761499881744,0.2153851985931396,0.2392549514770507,0.1684247106313705,0.2411099225282669,0.1802011579275131,0.2421569526195526,0.1804689317941665,0.2432062923908233,0.1874310076236724,0.2418500632047653,0.1880937814712524,0.2393731325864792,0.2120107859373092,0.2630020976066589,0.2327101677656173,0.2645803093910217,0.2361749857664108,0.2598181068897247,0.2288268804550171,0.2891772091388702,0.251560240983963,0.4242091476917267,0.4142650067806244,0.413514643907547,0.412719577550888,0.4154835343360901,0.4157204926013946,0.4159832894802093,0.4129131138324737,0.4170306622982025,0.4328276216983795,0.434324562549591,0.4486483335494995,0.4528602957725525,0.4957176446914673,0.4919686913490295,0.5379706025123596,0.5499882102012634,0.5494442582130432,0.5652228593826294,0.547355592250824,0.5647467970848083,0.5438099503517151,0.5594342947006226,0.5592034459114075,0.5659275650978088,0.6160905361175537,0.6272715330123901,0.6955068111419678,0.7080812454223633,0.7123210430145264,0.7211207151412964,0.7150882482528687,0.7294491529464722,-0.2287708222866058,-0.2172682732343673,-0.2172555923461914,-0.2172468155622482,-0.2405752837657928,-0.2406345158815384,-0.2406941652297973,-0.141667291522026,-0.246310144662857,-0.1969122141599655,-0.2275020778179168,-0.0487711243331432,-0.2265453040599823,0.0405301339924335,-0.222648024559021,0.0256296135485172,-0.2057054936885833,0.0242649633437395,-0.220986396074295,0.0073776887729763,-0.2212560623884201,0.0174517668783664,-0.2037239372730255,0.051192432641983,-0.0512377806007862,0.082849845290184,0.0524770244956016,0.1970394253730774,0.2013498246669769,0.2061669379472732,0.2126576602458953,0.1550087034702301,0.1520444601774215,Stand-To-Sit
636,0.99926495552063,0.9986929893493652,0.9983583688735962,0.9979457855224608,0.999347448348999,0.9993845224380492,0.9994546175003052,0.9955801367759703,0.9995898008346558,0.9983226656913756,0.9996137022972108,0.9991304874420166,0.9999685287475586,0.1437185406684875,0.9945334196090698,0.1407371461391449,0.9799806475639344,0.1398885846138,0.9539207220077516,0.1441514045000076,0.953117847442627,0.1439458131790161,0.9307659268379213,0.9994467496871948,0.9996542930603028,0.8651763200759888,0.9842281937599182,0.9278696179389954,0.9831640720367432,0.888806939125061,0.9237892627716064,0.9651082158088684,0.979276955127716,0.2658290266990661,0.264900803565979,0.2653848826885223,0.2657833397388458,0.2607881426811218,0.2579150795936584,0.2545439600944519,0.259162962436676,0.2441558092832565,0.2648375630378723,0.2600812315940857,0.2542461156845093,0.2103257924318313,0.2388586699962616,0.1626913845539093,0.2390200793743133,0.1795028001070022,0.2397740185260772,0.1803584992885589,0.2410532981157302,0.1873850971460342,0.2396727353334427,0.1880333125591278,0.2384529411792755,0.2094986736774444,0.2624347805976867,0.2305337488651275,0.2649386823177337,0.2362096011638641,0.2600633502006531,0.2287827283143997,0.2891861498355865,0.2515754997730255,0.4278531074523926,0.4178776741027832,0.417063444852829,0.4161625206470489,0.419382631778717,0.4197392165660858,0.4200135469436645,0.4163612723350525,0.4202171862125397,0.4362787306308746,0.4378446042537689,0.4506726562976837,0.4556254148483276,0.4964516758918762,0.4932640194892883,0.5376803874969482,0.5499536991119385,0.5492648482322693,0.565250813961029,0.547296941280365,0.5647449493408203,0.5437197089195251,0.5593373775482178,0.5610668063163757,0.5684892535209656,0.6068912148475647,0.6271436214447021,0.695483386516571,0.7083568572998047,0.7118514776229858,0.7216045260429382,0.7152137160301208,0.729414701461792,-0.2287082225084304,-0.2162046730518341,-0.2161698788404464,-0.2161507904529571,-0.2366612404584884,-0.2367251366376876,-0.236754685640335,-0.136629432439804,-0.2295058518648147,-0.195705696940422,-0.2228220999240875,-0.0402551926672458,-0.202026754617691,0.0501526892185211,-0.1833201497793197,0.0562886483967304,-0.1286846399307251,0.0623987987637519,-0.1297694146633148,0.0492646917700767,-0.1281801760196685,0.0508652739226818,-0.1242844685912132,0.047395784407854,-0.0473673939704895,-0.0738347098231315,-0.0386687964200973,-0.0231366325169801,0.0561211705207824,-0.0203879661858081,0.0620603263378143,-0.0783656686544418,0.0012540272437036,Stand-To-Sit
637,0.999171793460846,0.998560905456543,0.9982578754425048,0.9977743625640868,0.999260187149048,0.9993129968643188,0.9993700385093688,0.9954918026924132,0.9995370507240297,0.998220920562744,0.9995789527893066,0.9991458654403688,0.9999679327011108,0.1343116611242294,0.9949678182601928,0.1314148604869842,0.9790319204330444,0.1316057741641998,0.9509340524673462,0.1358387917280197,0.9499579071998596,0.1355683654546737,0.9252706170082092,0.9994662404060364,0.9996351003646852,0.875432014465332,0.9844030141830444,0.9331679344177246,0.9827367663383484,0.8952572345733643,0.9227410554885864,0.9675438404083252,0.979115664958954,0.2634196877479553,0.2627847194671631,0.2632396817207336,0.2635933458805084,0.2588995099067688,0.2561086416244507,0.2529103755950928,0.2566532492637634,0.2424771785736084,0.2622117698192596,0.2578469216823578,0.2514123320579529,0.2084104716777801,0.2385270893573761,0.1619030237197876,0.2399472445249557,0.1790391057729721,0.2408825606107711,0.180393174290657,0.2421080619096756,0.1873445808887481,0.2406698167324066,0.187863677740097,0.2375021427869796,0.2089148312807083,0.2625605463981628,0.2320643365383148,0.2653325200080871,0.2361492812633514,0.259990394115448,0.2286055386066436,0.2891899049282074,0.2512698471546173,0.4316811561584472,0.4216056168079376,0.4207167029380798,0.4198468923568725,0.422842800617218,0.4230125546455383,0.4230749309062958,0.4192366302013397,0.4224990904331207,0.4398724436759949,0.4408553540706634,0.453061580657959,0.4561560451984405,0.4977805316448211,0.4935407042503357,0.5375861525535583,0.5504435300827026,0.5490829348564148,0.5663070678710938,0.547141969203949,0.5651274919509888,0.5435998439788818,0.5594485402107239,0.5621675848960876,0.5702465176582336,0.6062173247337341,0.6239712834358215,0.6955553293228149,0.7083457708358765,0.7117261290550232,0.7215937376022339,0.7155436873435974,0.7294232845306396,-0.1982606500387191,-0.1884011626243591,-0.1883677989244461,-0.188351571559906,-0.2092069387435913,-0.209257885813713,-0.209287479519844,-0.120675005018711,-0.2150214165449142,-0.1695318073034286,-0.1970594227313995,-0.0356436520814895,-0.1941077411174774,0.0526617355644702,-0.1831530481576919,0.0614524558186531,-0.1375757455825805,0.0670797079801559,-0.1405292451381683,0.0540926530957222,-0.1397995799779892,0.0560773685574531,-0.13399438560009,0.0453319437801837,-0.0453027077019214,-0.0645821765065193,-0.0273533072322607,-0.0110536441206932,0.0785107836127281,-0.0081079173833131,0.0857109650969505,-0.0666323453187942,0.028827641159296,Stand-To-Sit
638,0.9989616870880128,0.9982582330703736,0.9979318380355836,0.9973493814468384,0.9991109371185304,0.999182403087616,0.9992556571960448,0.9949706196784972,0.9994651675224304,0.997916042804718,0.9995155334472656,0.9991419315338136,0.9999679923057556,0.125697374343872,0.9953301548957824,0.1227553859353065,0.9786403775215148,0.12390848249197,0.9494510293006896,0.1281551718711853,0.9484770894050598,0.1278843432664871,0.9221592545509338,0.9994726181030272,0.9996201992034912,0.8786832690238953,0.9838419556617736,0.93599134683609,0.9818854928016664,0.8959854245185852,0.92111998796463,0.9683619737625122,0.978531777858734,0.2603846490383148,0.2596586644649505,0.260147213935852,0.2605270743370056,0.2555885910987854,0.2528080344200134,0.2495940029621124,0.2540644407272339,0.2395563125610351,0.2593473792076111,0.2546240389347076,0.2490550279617309,0.2079199105501175,0.2375878393650055,0.1601594984531402,0.24064302444458,0.1775771677494049,0.2414571940898895,0.1804284006357193,0.2424154281616211,0.1873056590557098,0.2410841882228851,0.1875587403774261,0.2350554913282394,0.2085443437099456,0.2617382705211639,0.2318335324525833,0.2653318643569946,0.236255332827568,0.2600740194320678,0.2299701422452926,0.2891953587532043,0.2520612180233001,0.4342789351940155,0.4242167770862579,0.4233229458332062,0.4223050773143768,0.4253967702388763,0.4254893064498901,0.4254752695560455,0.4209900200366974,0.4246715903282165,0.4421494901180267,0.4429699778556824,0.4530430138111114,0.4563965499401092,0.4978960454463959,0.4934833943843841,0.5374196171760559,0.5513639450073242,0.5480051040649414,0.5674725770950317,0.545535683631897,0.565252959728241,0.5425146818161011,0.5598676204681396,0.5624750852584839,0.5704982876777649,0.6068926453590393,0.623954713344574,0.6955369114875793,0.7080985903739929,0.7116705775260925,0.7210364937782288,0.7157695293426514,0.7292545437812805,-0.207819789648056,-0.1989360749721527,-0.1989106982946396,-0.1989012360572815,-0.2185649573802948,-0.2186151295900344,-0.2186576426029205,-0.1321333050727844,-0.2216338664293289,-0.1793209761381149,-0.2052532434463501,-0.0369441136717796,-0.2009048461914062,0.0409486144781112,-0.1991787552833557,0.0477160364389419,-0.1702014058828354,0.0503226704895496,-0.1815305948257446,0.0359118245542049,-0.1830517202615738,0.0409914553165435,-0.1687833964824676,0.0440929979085922,-0.0441002622246742,-0.0098931109532713,-0.014727053232491,0.0616721101105213,0.0940544158220291,0.0664570182561874,0.1021998524665832,0.0139554720371961,0.0489581301808357,Stand-To-Sit
639,0.9988382458686828,0.9980705976486206,0.9977497458457948,0.9970325231552124,0.9989712834358216,0.999076008796692,0.9991530179977416,0.9945892095565796,0.9994088411331176,0.9977573156356812,0.9994757771492004,0.9991735219955444,0.99996817111969,0.1175527945160865,0.9955841898918152,0.1149505153298378,0.9763889908790588,0.1176380589604377,0.944256603717804,0.1218491271138191,0.9432440996170044,0.1215608716011047,0.9150726795196532,0.999472975730896,0.9995959401130676,0.8858632445335388,0.9844605922698976,0.9401591420173644,0.9821653962135316,0.898756742477417,0.92235666513443,0.9697619676589966,0.9792382717132568,0.2564456462860107,0.2558966279029846,0.2565906345844269,0.2571970820426941,0.2513728737831116,0.2485934197902679,0.2454671859741211,0.2521300911903381,0.2365725338459015,0.256040871143341,0.2508426904678345,0.248540848493576,0.2051595002412796,0.2362092733383178,0.1565995514392852,0.2406571209430694,0.1747193038463592,0.2419278919696808,0.1802780777215957,0.2429603636264801,0.1866998970508575,0.2415583133697509,0.1865544766187667,0.233883261680603,0.2059301882982254,0.2606697380542755,0.2320175915956497,0.2653054296970367,0.2366352379322052,0.2606138885021209,0.230314165353775,0.2891877293586731,0.2521228790283203,0.4340289235115051,0.4241243600845337,0.4233030080795288,0.4223749041557312,0.4251529276371002,0.4251770079135895,0.4251219928264618,0.4215514063835144,0.4248949587345123,0.4420207440853119,0.4426801800727844,0.4562293589115143,0.4574905037879944,0.4983416497707367,0.4946027398109436,0.5364468097686768,0.5519779920578003,0.5462138056755066,0.5683910250663757,0.5437746047973633,0.5660507678985596,0.5411668419837952,0.5604476928710938,0.5647494792938232,0.5723429918289185,0.606742799282074,0.6190693378448486,0.6950943470001221,0.7070053219795227,0.7110773921012878,0.7191286087036133,0.7158153653144836,0.7291020154953003,-0.2089744061231613,-0.1987347155809402,-0.1987083852291107,-0.1987053453922271,-0.2167762815952301,-0.2168190777301788,-0.2168401926755905,-0.1280401647090912,-0.2094342410564422,-0.1791184544563293,-0.2029412984848022,-0.0384641960263252,-0.1836728602647781,0.0481936037540435,-0.1777825057506561,0.0646045058965683,-0.1416141390800476,0.0713575407862663,-0.146103098988533,0.0584312155842781,-0.1452648341655731,0.0594685189425945,-0.1385445892810821,0.0431945919990539,-0.043205838650465,-0.0408490374684333,-0.0955544933676719,0.0397100448608398,-0.0002656058059073,0.0454046204686164,0.0075005153194069,-0.0055394312366843,-0.0471833311021328,Stand-To-Sit
640,0.9988790154457092,0.9981529116630554,0.9978525042533876,0.9971436858177184,0.998996913433075,0.99910706281662,0.9991863369941713,0.9948273301124572,0.9994413256645204,0.9978569746017456,0.9995017647743224,0.9991995096206664,0.9999690055847168,0.1108610183000564,0.9958266615867616,0.1077425181865692,0.9745280742645264,0.1116842851042747,0.9399551749229432,0.1156852096319198,0.9389101266860962,0.1153786703944206,0.9093666672706604,0.9994690418243408,0.9995904564857484,0.8949488401412964,0.985598921775818,0.9444676041603088,0.9828807711601256,0.9042519330978394,0.9247064590454102,0.9714826345443726,0.9802725315093994,0.2519449889659881,0.2519983649253845,0.2530253529548645,0.2539801895618438,0.2469279468059539,0.2439803630113601,0.2410391122102737,0.2503777146339416,0.2333445996046066,0.2522638440132141,0.2463563978672027,0.2485812157392501,0.2031317055225372,0.2347114831209182,0.1565975993871688,0.2374235689640045,0.175098031759262,0.2390097081661224,0.1803053468465805,0.2402468174695968,0.1867275387048721,0.2385482490062713,0.1865736693143844,0.2343547344207763,0.2046471834182739,0.260408341884613,0.2321392297744751,0.2661869525909424,0.2367150783538818,0.2611227929592132,0.2302918136119842,0.2893034219741821,0.2518571317195892,0.4348863959312439,0.4252859354019165,0.4246109127998352,0.4238730669021606,0.4259131848812103,0.4257761836051941,0.4256077706813812,0.4241306185722351,0.4260180294513702,0.4433311223983764,0.4436245560646057,0.4586968719959259,0.4596981108188629,0.5005372762680054,0.4957948923110962,0.5388218760490417,0.551973283290863,0.5493744015693665,0.5683844089508057,0.5478495359420776,0.5659661889076233,0.544907808303833,0.5603246688842773,0.5670673847198486,0.5757096409797668,0.6046047210693359,0.6137756109237671,0.694168746471405,0.7070058584213257,0.7096700668334961,0.7188682556152344,0.7150883078575134,0.7295946478843689,-0.2105167657136917,-0.1974246799945831,-0.1974084079265594,-0.1974097490310669,-0.2136034071445465,-0.21365487575531,-0.2136753499507904,-0.1123462095856666,-0.1849964708089828,-0.1760460883378982,-0.1974490135908126,-0.0157664790749549,-0.1524699926376342,0.0575479045510292,-0.1467616707086563,0.055542804300785,-0.1272315084934234,0.0650113970041275,-0.1345497667789459,0.0505692772567272,-0.1332706063985824,0.0502994954586029,-0.1242841109633445,0.0423895344138145,-0.04233880341053,-0.1114136576652526,-0.1836441904306411,-0.051758985966444,-0.1141689270734787,-0.0485320575535297,-0.1088628321886062,-0.1097628623247146,-0.1774206906557083,Stand-To-Sit
641,0.9988715648651124,0.9981725811958312,0.9978843927383424,0.9971442222595216,0.9989824295043944,0.9991067051887512,0.9991909861564636,0.9948609471321106,0.9994569420814514,0.9978345036506652,0.9995020627975464,0.9991812705993652,0.9999685287475586,0.1044569313526153,0.9959296584129332,0.0996295884251594,0.9703052043914796,0.1040698289871215,0.9315090775489808,0.1077331230044364,0.9305654168128968,0.1075315177440643,0.8989596366882324,0.9994332790374756,0.9995623230934144,0.9032642841339112,0.9865722060203552,0.9481512904167176,0.9833731651306152,0.9095425605773926,0.9269571900367736,0.9728702902793884,0.9810742139816284,0.2482118606567382,0.2484928369522094,0.2496792525053024,0.2508120834827423,0.2427879124879837,0.2398389130830764,0.2368741035461425,0.2480395287275314,0.2296792566776275,0.2490617781877517,0.2424133270978927,0.2467938214540481,0.1987587064504623,0.2273635119199752,0.1550510674715042,0.2272259294986724,0.1739555299282074,0.2282650768756866,0.1776458173990249,0.2298981249332428,0.185893028974533,0.2282763719558715,0.1850516945123672,0.2343968451023101,0.2036870718002319,0.2597290873527527,0.2314085960388183,0.266371488571167,0.2364730834960937,0.261016309261322,0.2302948236465454,0.2893736958503723,0.2514716684818268,0.4364367723464966,0.4265821576118469,0.4259360432624817,0.4253322184085846,0.4275040626525879,0.427551656961441,0.4275292158126831,0.426260381937027,0.4281768202781677,0.4452933669090271,0.4457674324512481,0.4600181877613067,0.4623254537582397,0.5001477003097534,0.4968413412570953,0.5391167998313904,0.5524447560310364,0.5499902963638306,0.56866055727005,0.549044668674469,0.5659664273262024,0.5459823608398438,0.5605247616767883,0.5708808302879333,0.5803426504135132,0.6042048335075378,0.612914502620697,0.6942025423049927,0.7070055603981018,0.7095680236816406,0.7188717126846313,0.715251088142395,0.7299954891204834,-0.2141942679882049,-0.200049802660942,-0.2000367939472198,-0.2000393122434616,-0.2162063121795654,-0.2162662744522094,-0.2162854969501495,-0.1107010841369628,-0.1836940497159958,-0.1783754676580429,-0.1997401118278503,-0.0118962945416569,-0.1474284082651138,0.0637197345495224,-0.1381122022867202,0.0534175634384155,-0.1143659576773643,0.056602369993925,-0.1196372136473655,0.0420929938554763,-0.1200987696647644,0.0469095893204212,-0.1119165048003196,0.0425998494029045,-0.042527861893177,-0.1331125050783157,-0.1984665691852569,-0.0848381295800209,-0.1438970118761062,-0.0830926373600959,-0.1406333595514297,-0.1481853425502777,-0.21414415538311,Stand-To-Sit
642,0.9989294409751892,0.9982797503471376,0.9980167746543884,0.9972981810569764,0.9990185499191284,0.9991464018821716,0.99922513961792,0.9951821565628052,0.9994896650314332,0.9979386925697328,0.9995219707489014,0.9991984367370604,0.9999682903289796,0.0994494706392288,0.996001660823822,0.0939482972025871,0.9678424000740052,0.0992627367377281,0.9275141954421996,0.1027122884988784,0.9267552495002748,0.1027662307024002,0.8951385617256165,0.9994164109230042,0.999551236629486,0.9094886779785156,0.987496256828308,0.9507543444633484,0.9838041067123412,0.9128751754760742,0.9293741583824158,0.9735947251319884,0.9816988706588744,0.2452416867017746,0.2452711164951324,0.2464864552021026,0.2476556301116943,0.2395858317613601,0.2367203533649444,0.2337660789489746,0.2447255551815033,0.2264785021543502,0.2461593896150589,0.2396401464939117,0.2440046072006225,0.1969125270843505,0.2183498591184616,0.1555319726467132,0.2171017229557037,0.1712560951709747,0.2179693728685379,0.1751024723052978,0.2195838689804077,0.1828262209892273,0.2177914083003997,0.1822632849216461,0.2323406636714935,0.2024871557950973,0.2580412626266479,0.233763962984085,0.2656314074993133,0.2372167110443115,0.2605266273021698,0.2303132712841034,0.2892054915428161,0.2515743970870971,0.4384962320327759,0.4285445213317871,0.4278939664363861,0.4273072779178619,0.4294375777244568,0.4294691681861877,0.4294590055942535,0.428346574306488,0.4303619265556335,0.4473999142646789,0.4479202926158905,0.4625360369682312,0.4648276567459106,0.5018976926803589,0.4977961480617523,0.5437822937965393,0.5544654726982117,0.5557783842086792,0.5691896677017212,0.5557771325111389,0.5672476291656494,0.5527507662773132,0.5619104504585266,0.5743494033813477,0.5844372510910034,0.604753315448761,0.6091892719268799,0.6938892602920532,0.7053041458129883,0.7095633149147034,0.7170989513397217,0.7151068449020386,0.7303860187530518,-0.2057527750730514,-0.1924074441194534,-0.1923853158950805,-0.1923710256814956,-0.2085601389408111,-0.2086259871721267,-0.2086317986249923,-0.106330469250679,-0.1803463548421859,-0.1707270443439483,-0.1920943856239318,-0.0068023204803466,-0.1466837972402572,0.0656797289848327,-0.121956467628479,0.0517504699528217,-0.0760567262768745,0.0533107705414295,-0.0784454867243766,0.0387716516852378,-0.0780973806977272,0.0448573753237724,-0.0726158395409584,0.0428247936069965,-0.0427956692874431,-0.108169175684452,-0.1867019236087799,-0.0491295419633388,-0.1210698634386062,-0.0458815060555934,-0.1158564910292625,-0.0999906212091445,-0.1776792258024215,Stand-To-Sit
643,0.9989936947822572,0.9983891248703004,0.9981452226638794,0.9974600076675416,0.9990634918212892,0.9991899132728576,0.999268352985382,0.9955110549926758,0.9995204210281372,0.9980773329734802,0.9995525479316713,0.9992006421089172,0.999969244003296,0.0945400223135948,0.9960699677467346,0.0875434279441833,0.9647631645202636,0.0935087576508522,0.9220662117004396,0.096640907227993,0.9215087294578552,0.096776969730854,0.8903167843818665,0.9993721842765808,0.9995306134223938,0.9164595603942872,0.9883211255073548,0.9534876942634584,0.9837636351585388,0.9168683886528016,0.930775225162506,0.9743668437004088,0.981942057609558,0.2397444248199463,0.2403362244367599,0.2416256666183471,0.2428520172834396,0.2346527278423309,0.2318502217531204,0.2290061712265014,0.2408036887645721,0.2218419015407562,0.241207554936409,0.2345537692308426,0.2426765263080597,0.1948517858982086,0.2224733382463455,0.1543081700801849,0.2227120846509933,0.1711804568767547,0.2239124774932861,0.1751917600631714,0.2252915203571319,0.1821792274713516,0.2234299927949905,0.1819520890712738,0.2315482199192047,0.2006595879793167,0.257922351360321,0.2320931851863861,0.2657331228256225,0.2372177392244339,0.2604511082172394,0.2302412539720535,0.2890529632568359,0.252082884311676,0.4389501810073852,0.4293112456798553,0.4287558197975158,0.4282293021678924,0.4299362599849701,0.4298249185085296,0.4296242296695709,0.4294906258583069,0.4306551218032837,0.4477120041847229,0.4485829174518585,0.4656043648719787,0.4667321443557739,0.5022274851799011,0.4981145858764648,0.542199432849884,0.5546888709068298,0.5528761148452759,0.5692384839057922,0.5531986951828003,0.5671550035476685,0.5509012341499329,0.5619630217552185,0.5756820440292358,0.585166871547699,0.6012565493583679,0.6056445240974426,0.6937940716743469,0.7053530216217041,0.7090469002723694,0.7171438932418823,0.7147510647773743,0.7311189770698547,-0.1701807081699371,-0.1574645936489105,-0.1574487835168838,-0.1574503481388092,-0.1703036576509475,-0.1703483760356903,-0.170344740152359,-0.0773663520812988,-0.1362017542123794,-0.138226181268692,-0.1552334874868393,0.0102789923548698,-0.1062825471162796,0.0870505645871162,-0.0897854417562484,0.088666096329689,-0.0630324259400367,0.0912322849035263,-0.065680518746376,0.0782538726925849,-0.0674569532275199,0.0827243030071258,-0.0610804371535778,0.0398684963583946,-0.0397590212523937,-0.1414634138345718,-0.2089465856552124,-0.1021453887224197,-0.1630340367555618,-0.1009365320205688,-0.1596082150936126,-0.1597352772951126,-0.2254994362592697,Stand-To-Sit
644,0.9990561008453368,0.9984991550445556,0.9982686638832092,0.9976235032081604,0.9991174936294556,0.9992387294769288,0.9993172883987428,0.9958121180534364,0.9995545148849488,0.9982026815414428,0.9995808601379396,0.9992083311080932,0.9999690651893616,0.0908387154340744,0.995986819267273,0.0813435241580009,0.9586591124534608,0.0875443145632743,0.9114977717399596,0.0903667882084846,0.911314845085144,0.0906329452991485,0.8803684711456299,0.999348282814026,0.9995217323303224,0.9210448265075684,0.9889651536941528,0.954826831817627,0.9837568402290344,0.9179595112800598,0.9319405555725098,0.974434733390808,0.9822406768798828,0.2359021008014679,0.2364926040172577,0.2378850728273391,0.2391917407512664,0.2304592132568359,0.2274958789348602,0.2244524210691452,0.2370413094758987,0.2167345285415649,0.2378080338239669,0.2306619435548782,0.2404347658157348,0.1922510713338852,0.2216538190841674,0.1526523679494857,0.2209862768650055,0.1703164726495742,0.2220071256160736,0.1739654839038849,0.2231511622667312,0.1805493831634521,0.2213094681501388,0.1806371510028839,0.2315514832735061,0.2015265524387359,0.2556104063987732,0.2321062088012695,0.262944757938385,0.2376798391342163,0.2558285295963287,0.2320254147052765,0.2840078771114349,0.2527560591697693,0.4403910338878631,0.4305889010429382,0.4300239980220794,0.4294930696487427,0.4314111769199371,0.4314348101615906,0.4313578307628631,0.4307134449481964,0.432567298412323,0.4491749703884125,0.4502502381801605,0.4653087854385376,0.4712057709693908,0.5017207264900208,0.5017235279083252,0.5408412218093872,0.5549085140228271,0.5509529113769531,0.5692433714866638,0.5515307784080505,0.5670055747032166,0.5497319102287292,0.5619720220565796,0.5764514803886414,0.5860975384712219,0.6018021702766418,0.6010839343070984,0.6940245032310486,0.7048673629760742,0.709213137626648,0.7166138887405396,0.714264452457428,0.7311049699783325,-0.1891837567090988,-0.1763140261173248,-0.1762958616018295,-0.1762969195842743,-0.1896102130413055,-0.1896706521511078,-0.1896750628948211,-0.0935108661651611,-0.1525441706180572,-0.1559222489595413,-0.1733967214822769,-0.0012204244267195,-0.1172427162528038,0.0823603570461273,-0.0918073803186416,0.0934565439820289,-0.0517444424331188,0.0978006720542907,-0.0522951483726501,0.0854809060692787,-0.0542363002896308,0.0880916267633438,-0.0494995079934597,0.038854457437992,-0.0387410633265972,-0.1243162527680397,-0.2041562497615814,-0.0711261108517646,-0.1435907185077667,-0.0684388428926467,-0.1384941041469574,-0.1265243589878082,-0.2026124894618988,Stand-To-Sit
645,0.9991085529327391,0.998573124408722,0.9983503818511964,0.9977262020111084,0.9991608262062072,0.9992783665657043,0.9993569254875184,0.996017575263977,0.9995800852775574,0.9982842206954956,0.9996030926704408,0.999209463596344,0.999970018863678,0.0911993458867073,0.9961525201797484,0.0770435333251953,0.9572551250457764,0.0835620611906051,0.907368779182434,0.0863284170627594,0.9074615240097046,0.0866497606039047,0.8760156035423279,0.9992898106575012,0.9994891881942748,0.9263092875480652,0.9895125031471252,0.9574095010757446,0.9836860299110411,0.9217722415924072,0.9331746697425842,0.975202977657318,0.9823558330535888,0.2320774346590042,0.2322563230991363,0.2334951162338256,0.2346787452697754,0.2267663180828094,0.2240398228168487,0.2211968153715133,0.2318504303693771,0.2126211673021316,0.2333896458148956,0.2271002233028412,0.2358393669128418,0.1841700375080108,0.2215898483991623,0.1445359885692596,0.2234178781509399,0.1696344166994094,0.222753569483757,0.1741050481796264,0.2233000695705413,0.1806292831897735,0.2221959382295608,0.1807948350906372,0.2298387289047241,0.2003231346607208,0.2551382184028625,0.2313601225614547,0.2630298435688019,0.2374717444181442,0.2556487023830414,0.2298478633165359,0.2845878005027771,0.252541720867157,0.4434518218040466,0.4332203269004822,0.4325819313526153,0.4319837689399719,0.4342137575149536,0.4342587888240814,0.4341815114021301,0.4328961372375488,0.4350188374519348,0.4517464935779571,0.4527763426303863,0.4669391810894012,0.4755656123161316,0.5014247894287109,0.5057693719863892,0.5347343683242798,0.5550028681755066,0.5429173111915588,0.5692317485809326,0.5419601202011108,0.5667411684989929,0.5409899353981018,0.5618317127227783,0.5764287710189819,0.5882171988487244,0.6023649573326111,0.6040591597557068,0.6939746141433716,0.7047869563102722,0.7083176970481873,0.7163437008857727,0.7142650485038757,0.7312429547309875,-0.1730815917253494,-0.1604072302579879,-0.1603799164295196,-0.1603821963071823,-0.1736444532871246,-0.173683151602745,-0.1736849844455719,-0.0813984721899032,-0.1417769938707351,-0.1415624320507049,-0.1590106934309005,0.0047412803396582,-0.1087386459112167,0.0994960367679596,-0.0999053791165351,0.1128069534897804,-0.0810965746641159,0.1181531399488449,-0.0835253447294235,0.1052902564406395,-0.0848579406738281,0.1073495298624038,-0.0788915678858757,0.0383747145533561,-0.0382823906838893,-0.1292528361082077,-0.1922268271446228,-0.0783192962408065,-0.1376653611660003,-0.0760011821985244,-0.1336792111396789,-0.1338236331939697,-0.1979793161153793,Stand-To-Sit
646,0.999163031578064,0.9986562728881836,0.9984387755393982,0.9978449940681458,0.99921053647995,0.9993236064910888,0.9994010925292968,0.9962327480316162,0.9996099472045898,0.998386800289154,0.999630331993103,0.9991926550865172,0.9999706745147704,0.0878220945596695,0.9962800145149232,0.07185810059309,0.9553821086883544,0.0786380320787429,0.9029104113578796,0.0813034325838089,0.903374433517456,0.0816832706332206,0.8716607689857483,0.9992679357528688,0.999478816986084,0.9308425188064576,0.9901348352432252,0.9596190452575684,0.9839475750923156,0.9250203371047974,0.9353687763214112,0.9757724404335022,0.9827550053596495,0.2271551787853241,0.2274277955293655,0.2287787646055221,0.2300285100936889,0.2214256972074508,0.2185018956661224,0.2155907899141311,0.2274170219898224,0.2074385583400726,0.2290254086256027,0.2219112813472747,0.2322760373353958,0.1790645569562912,0.2223217487335205,0.1410818696022033,0.2250116765499115,0.1684107482433319,0.2244160175323486,0.1737453043460846,0.2253540456295013,0.1802665442228317,0.2242809981107711,0.1801705062389373,0.2292659282684326,0.2005615532398224,0.2553490102291107,0.2314079254865646,0.2631087601184845,0.2381561696529388,0.2544102370738983,0.2310114800930023,0.2849512696266174,0.2534525096416473,0.4438549876213074,0.4341129958629608,0.4334567487239837,0.4328365623950958,0.4350951611995697,0.4351069629192352,0.4349846541881561,0.4339395463466644,0.4362026453018188,0.4523619413375854,0.453262448310852,0.4680500626564026,0.4794614911079407,0.5046044588088989,0.5106173157691956,0.5355772376060486,0.5569599270820618,0.5433982610702515,0.5708785653114319,0.5421297550201416,0.5675487518310547,0.5412632822990417,0.562742292881012,0.5776621103286743,0.5891812443733215,0.6042320728302002,0.6023476123809814,0.6940186023712158,0.7038142681121826,0.7085697650909424,0.7149041295051575,0.7147698998451233,0.730718195438385,-0.1624926179647445,-0.1491745710372924,-0.1491571813821792,-0.1491679400205612,-0.1622167974710464,-0.1622554957866668,-0.1622580140829086,-0.0684889554977417,-0.1281488984823227,-0.1304916590452194,-0.1477719843387603,0.0151687515899539,-0.0987837091088295,0.099156767129898,-0.0952924340963363,0.1014691442251205,-0.0848350673913955,0.1050380319356918,-0.0895905718207359,0.0914056897163391,-0.0892882794141769,0.0953619107604026,-0.082297071814537,0.0379321351647377,-0.0378261245787143,-0.1303137093782425,-0.2049122750759124,-0.0792922005057334,-0.1459972113370895,-0.0768884345889091,-0.1410515159368515,-0.136930376291275,-0.2044872492551803,Stand-To-Sit
647,0.9992209672927856,0.9987457394599916,0.9985310435295104,0.9979749917984008,0.9992673397064208,0.9993727207183838,0.999448299407959,0.9964463710784912,0.9996415376663208,0.9984874129295348,0.9996588230133056,0.999160885810852,0.9999713897705078,0.0873815566301345,0.9963642358779908,0.0683027654886245,0.9530746340751648,0.0756824687123298,0.8976717591285706,0.0782606974244117,0.89866703748703,0.0785814747214317,0.8670910000801086,0.9992061257362366,0.999481439590454,0.9318503141403198,0.9906323552131652,0.9603805541992188,0.9845107197761536,0.926563322544098,0.9386284947395324,0.9750680327415466,0.9833705425262452,0.2218497991561889,0.2224307507276535,0.2239844799041748,0.2254128754138946,0.2158352136611938,0.2129096090793609,0.2100850641727447,0.2236134558916092,0.2027476727962494,0.2242592871189117,0.2166730612516403,0.2275812625885009,0.1778903156518936,0.2192386090755462,0.1399735212326049,0.2246346473693847,0.1682380139827728,0.2255624234676361,0.1738463640213012,0.2265910655260086,0.18032206594944,0.2249188721179962,0.1798920482397079,0.2284856587648391,0.2010393142700195,0.2541504502296448,0.2418688833713531,0.2496484965085983,0.2457580864429474,0.2395500689744949,0.2445418387651443,0.2703030407428741,0.2756640017032623,0.4454487860202789,0.4356233179569244,0.4349692165851593,0.4344045221805572,0.4365623593330383,0.4365484416484833,0.4364371299743652,0.4355234801769256,0.4379571676254272,0.4540524184703827,0.4548534154891968,0.4689244031906128,0.4816367924213409,0.5062629580497742,0.5179722905158997,0.5360429883003235,0.5589637160301208,0.5438726544380188,0.5728428959846497,0.5424702763557434,0.5681002736091614,0.5413379073143005,0.5638349056243896,0.577894926071167,0.5895162224769592,0.6108721494674683,0.6017197370529175,0.6989821195602417,0.7016498446464539,0.7134034633636475,0.7114197611808777,0.7263171672821045,0.7230777740478516,-0.1658677160739898,-0.1534054428339004,-0.1533462256193161,-0.1532977819442749,-0.1774270981550216,-0.1774655282497406,-0.1774725764989853,-0.0846131592988967,-0.1487766206264495,-0.1374720185995102,-0.1645083427429199,0.0035804819781333,-0.1166754141449928,0.0880413278937339,-0.1119757741689682,0.0890732854604721,-0.1029665023088455,0.0922197625041008,-0.1126521378755569,0.0786455944180488,-0.1134674549102783,0.0828677713871002,-0.1016297936439514,0.0379890203475952,-0.0379175804555416,-0.0780092477798461,-0.2030048817396164,-0.0138862608000636,-0.1434609293937683,-0.0101886056363582,-0.1383058875799179,-0.064005434513092,-0.2006911933422088,Stand-To-Sit
648,0.9992585778236388,0.9988001585006714,0.9985821843147278,0.9980576038360596,0.9993109107017516,0.9994093775749208,0.999484658241272,0.9965895414352416,0.9996659755706788,0.9985504150390624,0.999680995941162,0.9991451501846312,0.9999701380729676,0.0988092869520187,0.9962962865829468,0.0681101307272911,0.9454256296157836,0.0757566019892692,0.8822793960571289,0.0784376785159111,0.8840861320495605,0.0787381678819656,0.85126793384552,0.9990816712379456,0.9994619488716124,0.931882619857788,0.9908643364906312,0.96051824092865,0.9849920868873596,0.9259992837905884,0.9410505890846252,0.9738267660140992,0.9838421940803528,0.2178073227405548,0.2175493985414505,0.2187900096178054,0.2199719250202179,0.2117835283279419,0.2088973075151443,0.2061178982257843,0.2172334492206573,0.1986290961503982,0.2195523679256439,0.2132092416286468,0.2235407531261444,0.1717817187309265,0.214238241314888,0.1322825402021408,0.2247179299592971,0.1632086634635925,0.2264810800552368,0.1737191379070282,0.2273410856723785,0.1793943494558334,0.2254098653793335,0.1787810921669006,0.2268732488155365,0.1997677385807037,0.2545157968997955,0.2402382791042328,0.2469930946826934,0.2460789382457733,0.2397179305553436,0.2464113682508468,0.2677381038665771,0.2703869044780731,0.4463950991630554,0.4364309906959533,0.4357171952724457,0.4350972175598144,0.4377698898315429,0.4379902780056,0.4381366074085235,0.4364833831787109,0.4404019117355346,0.4548551142215729,0.4561196863651275,0.4690476357936859,0.4858472049236297,0.5033861994743347,0.5278338193893433,0.5352145433425903,0.5600733160972595,0.5432971715927124,0.5733044147491455,0.5411716103553772,0.5680834054946899,0.539921224117279,0.56329345703125,0.5772953629493713,0.5898780822753906,0.6147052049636841,0.5960032939910889,0.6999173760414124,0.699529230594635,0.7135418653488159,0.7101620435714722,0.7273632287979126,0.7225382924079895,-0.2074390947818756,-0.1943281143903732,-0.1942932903766632,-0.1942925602197647,-0.2092538177967071,-0.2093171328306198,-0.2093406617641449,-0.1111958622932434,-0.171261578798294,-0.1740537881851196,-0.1931796967983245,-0.0252867881208658,-0.1234559789299964,0.0720993429422378,-0.1185036525130271,0.0851263478398323,-0.1039906367659568,0.087606742978096,-0.1101194471120834,0.0735813751816749,-0.1122528463602066,0.0783119574189186,-0.1024303659796714,0.0382763892412185,-0.0382146649062633,-0.0595610328018665,-0.1956143677234649,0.0243412088602781,-0.119876243174076,0.0301075242459774,-0.1132407188415527,-0.0220494754612445,-0.1748214811086654,Stand-To-Sit
649,0.99930739402771,0.9988545179367064,0.9986362457275392,0.9981299638748168,0.9993526339530944,0.9994451999664308,0.999517560005188,0.9966758489608764,0.9996892213821412,0.998618185520172,0.9997039437294006,0.9991589784622192,0.999970018863678,0.1161276474595069,0.9964222311973572,0.0770108178257942,0.9442875981330872,0.0848584100604057,0.8775568604469299,0.0881507471203804,0.8797580599784851,0.0878993794322013,0.8471866250038147,0.9989612698554992,0.9994723200798036,0.929819643497467,0.9911402463912964,0.960274577140808,0.9859294295310974,0.9240514039993286,0.9442173838615416,0.9719966650009156,0.9847568273544312,0.2118424475193023,0.2123282700777053,0.2137778997421264,0.2151289880275726,0.205836534500122,0.2028542011976242,0.1999933123588562,0.2130423337221145,0.1931739151477813,0.2141083925962448,0.207153171300888,0.2202847003936767,0.1680676043033599,0.2166893482208252,0.1256927251815796,0.2243494987487793,0.1558970361948013,0.2265812158584594,0.1714696586132049,0.2280248403549194,0.1769028455018997,0.2259282767772674,0.1760609149932861,0.2260878980159759,0.2001566439867019,0.2526922821998596,0.2454150915145874,0.2437097728252411,0.2566077411174774,0.2350800931453704,0.2526533007621765,0.2586435377597809,0.2788915038108825,0.4461809694766998,0.436223566532135,0.4355338811874389,0.4349480271339416,0.4375668168067932,0.4377978444099426,0.4379958212375641,0.4364671409130096,0.4406835436820984,0.4546946287155151,0.4560324251651764,0.4693696200847626,0.4862690567970276,0.5078146457672119,0.5293194651603699,0.5388330221176147,0.5597007870674133,0.5492832660675049,0.5731160044670105,0.545556902885437,0.5673378705978394,0.5448104739189148,0.5625259280204773,0.5768744945526123,0.5894912481307983,0.6211137175559998,0.5955389142036438,0.7009972929954529,0.6929093599319458,0.7134264707565308,0.7075256705284119,0.7258224487304688,0.7187461853027344,-0.2226030379533767,-0.2077815979719162,-0.2077680081129074,-0.2077697068452835,-0.2215033024549484,-0.2215693742036819,-0.221596673130989,-0.1159086227416992,-0.1776552498340606,-0.1859477460384369,-0.2042667120695114,-0.0262600537389516,-0.1363902688026428,0.052290178835392,-0.1441044956445694,0.0366732403635978,-0.1491141319274902,0.0356818214058876,-0.1601408720016479,0.0203946288675069,-0.160344660282135,0.0298432502895593,-0.1475455909967422,0.0417890287935733,-0.0417219176888465,0.0142041128128767,-0.1885412037372589,0.1236915588378906,-0.1067369580268859,0.1320087909698486,-0.1019059047102928,0.0872359424829483,-0.1669042855501175,Stand-To-Sit
650,0.9993370175361632,0.9988710284233092,0.9986401796340942,0.9981328845024108,0.999369204044342,0.9994606971740724,0.9995308518409728,0.9966537952423096,0.999700129032135,0.9986047744750975,0.9997140765190125,0.9991335868835448,0.999966323375702,0.1193874329328537,0.9964944124221802,0.0812844038009643,0.9438155889511108,0.0901299491524696,0.8751145601272583,0.094021126627922,0.8776028156280518,0.0934752598404884,0.8447537422180176,0.9989068508148192,0.9994193911552428,0.9317971467971802,0.9912914633750916,0.961359202861786,0.9862648844718932,0.9246225357055664,0.944983720779419,0.9714289903640748,0.9849353432655334,0.2057828456163406,0.2063015699386596,0.2077794075012207,0.2091333121061325,0.200030967593193,0.1971147358417511,0.1942103207111358,0.2073330134153366,0.1870824098587036,0.2082428187131881,0.2013175785541534,0.2171191871166229,0.1636913865804672,0.2179313600063324,0.125077947974205,0.2248297035694122,0.1592863053083419,0.2280455827713012,0.1726428121328354,0.2281981259584427,0.1770277619361877,0.2263200283050537,0.1763074696063995,0.2245471179485321,0.1989469826221466,0.2574394047260284,0.2437071055173874,0.2494434565305709,0.2472073584794998,0.2468979060649871,0.2372442185878753,0.2733263373374939,0.2605266571044922,0.4456510543823242,0.4357696771621704,0.4351016879081726,0.4345323443412781,0.4370089173316955,0.4371758103370666,0.4372692406177521,0.4360646903514862,0.4396863281726837,0.4541298151016235,0.4554410278797149,0.4697210490703583,0.4869365990161896,0.5119987726211548,0.5353955626487732,0.5406006574630737,0.5605081915855408,0.5511252284049988,0.5730136632919312,0.5471516251564026,0.5671003460884094,0.5462366938591003,0.5624794363975525,0.5774515867233276,0.5907880067825317,0.619935154914856,0.5967111587524414,0.7005675435066223,0.6935247778892517,0.7132746577262878,0.7078399062156677,0.7256044745445251,0.7200614213943481,-0.206794336438179,-0.1924171447753906,-0.1924104839563369,-0.1924350559711456,-0.2039202451705932,-0.2039574086666107,-0.2039632350206375,-0.1033359766006469,-0.1594458371400833,-0.1711149662733078,-0.1867439895868301,-0.019764183089137,-0.1259987652301788,0.0543413162231445,-0.1407275199890136,0.0267293602228164,-0.1457350999116897,0.0238251648843288,-0.1567547619342804,0.0084791164845228,-0.1539825499057769,0.0195139348506927,-0.1429036408662796,0.0416800938546657,-0.0416122898459434,-0.0084447767585515,-0.1866038739681244,0.0575946941971778,-0.1050818711519241,0.0610840134322643,-0.0983731001615524,0.0021871097851544,-0.1619545668363571,Stand-To-Sit
651,0.9993942975997924,0.998957335948944,0.9987412095069884,0.9982700943946838,0.999417006969452,0.9995011687278748,0.9995654821395874,0.9968926906585692,0.9997224807739258,0.9987109899520874,0.9997377991676332,0.9991737604141236,0.9999660849571228,0.136881947517395,0.9966161847114564,0.106888897716999,0.945285439491272,0.1171571239829063,0.876992404460907,0.1223019734025001,0.8796846270561218,0.1191010177135467,0.8481014370918274,0.9988759160041808,0.9994164705276488,0.933776080608368,0.9915577173233032,0.9621849060058594,0.9868160486221312,0.926991641521454,0.9474772214889526,0.9705516695976256,0.9852634072303772,0.1993642151355743,0.2004849463701248,0.2022468596696853,0.203792542219162,0.1934228986501693,0.1903697699308395,0.1874522864818573,0.2030118405818939,0.1802574098110199,0.2021529674530029,0.1947454959154129,0.2131040543317794,0.158661276102066,0.2151082009077072,0.126130610704422,0.2249599993228912,0.1605871021747589,0.2292929589748382,0.1727406084537506,0.2284915894269943,0.1775535643100738,0.2271457463502884,0.1769285947084427,0.2225295752286911,0.1964533925056457,0.2558453977108001,0.2455700188875198,0.2429351359605789,0.2521865665912628,0.2346230298280716,0.2465465366840362,0.2565569281578064,0.2769529223442077,0.4455173909664154,0.435615211725235,0.4349434077739715,0.4343687891960144,0.4367076754570007,0.4367724657058716,0.4367701709270477,0.4359936118125915,0.4390488266944885,0.4540498554706573,0.4552076458930969,0.4701848328113556,0.4861801266670227,0.5127290487289429,0.5366038084030151,0.5425351858139038,0.5613206624984741,0.5530029535293579,0.5730735063552856,0.5489204525947571,0.5665081143379211,0.5475829243659973,0.562301516532898,0.5774985551834106,0.5907095074653625,0.6185983419418335,0.5917496085166931,0.6998494267463684,0.6947668194770813,0.7100792527198792,0.7049314379692078,0.7270379662513733,0.7195814847946167,-0.2077323943376541,-0.1929223239421844,-0.1929214894771576,-0.1929461359977722,-0.2039350718259811,-0.2039721310138702,-0.2039764374494552,-0.10224549472332,-0.1523042172193527,-0.1714739799499511,-0.1866270005702972,-0.0165222939103841,-0.1183340698480606,0.0478312149643898,-0.1396564394235611,0.0046597165055572,-0.1600561589002609,-0.0019802029710263,-0.1758606731891632,-0.0191872138530015,-0.1739331185817718,-0.0034685251303017,-0.1583317965269088,0.0417942702770233,-0.0417100563645362,-0.0393948890268802,-0.201172187924385,0.0420343540608882,-0.121782399713993,0.0481247082352638,-0.114288255572319,-0.0001088659046217,-0.1721783876419067,Stand-To-Sit
652,0.9994227290153505,0.998969316482544,0.9987493753433228,0.9982779622077942,0.9994250535964966,0.9995082020759584,0.999569058418274,0.9969120025634766,0.9997283220291138,0.9987377524375916,0.99974924325943,0.9991693496704102,0.9999637007713318,0.1427579224109649,0.9966979026794434,0.1140268296003341,0.9446830153465272,0.1260167211294174,0.8745930194854736,0.1318348795175552,0.8776615858078003,0.128064751625061,0.8463771343231201,0.9987865686416626,0.9993467330932616,0.9363293051719666,0.9917440414428712,0.963342010974884,0.9871136546134948,0.929756224155426,0.9496427178382874,0.9704225063323976,0.9853696227073668,0.1957567781209945,0.1964854598045349,0.1980902254581451,0.1995441168546676,0.189876988530159,0.1867999732494354,0.1837283074855804,0.198533147573471,0.1759540140628814,0.1985294371843338,0.1911885887384414,0.2094842493534088,0.1547972708940506,0.2141484022140503,0.121632769703865,0.2249010503292083,0.1598113030195236,0.2292169630527496,0.1726164370775222,0.2285608500242233,0.1779461503028869,0.227076455950737,0.176836222410202,0.2221713811159134,0.1961165070533752,0.255885899066925,0.2452606856822967,0.245681881904602,0.2512689232826233,0.2372668981552124,0.2453163862228393,0.2616409063339233,0.2746994495391845,0.4453397095203399,0.4354528784751892,0.4347659349441528,0.4341703653335571,0.4365306496620178,0.4365423321723938,0.4364857375621795,0.4356678426265716,0.4386526644229889,0.4537855386734009,0.4549514055252075,0.4699468910694122,0.4863794147968292,0.5141362547874451,0.5402402281761169,0.5439561009407043,0.5618832111358643,0.5534846782684326,0.5731959939002991,0.551056444644928,0.5664581060409546,0.5479677319526672,0.5623608827590942,0.5774390697479248,0.5919051766395569,0.6178650259971619,0.5938529372215271,0.702342689037323,0.6951901316642761,0.7141228318214417,0.7047361731529236,0.7347618937492371,0.7202446460723877,-0.2035241574048996,-0.1889473497867584,-0.1889461427927017,-0.1889750063419342,-0.1996710449457168,-0.1997035443782806,-0.1997049897909164,-0.0975228101015091,-0.1497073620557785,-0.1666472107172012,-0.1813848465681076,-0.0109800705686211,-0.1137175783514976,0.0511484816670417,-0.1319256722927093,0.0112487412989139,-0.1529995650053024,0.0058170715346932,-0.1671117842197418,-0.0109929535537958,-0.164541944861412,0.0033189251553267,-0.1506964266300201,0.0415724590420722,-0.0414716973900795,-0.0756744295358657,-0.2022023200988769,0.0066287564113736,-0.121258832514286,0.0127904219552874,-0.1137307733297348,-0.0374983251094818,-0.1705513298511505,Stand-To-Sit
653,0.9994454979896544,0.9989396333694458,0.9987019896507264,0.9981849193572998,0.9994238615036012,0.9995054602622986,0.9995598196983336,0.9965426921844482,0.9997202157974244,0.9987197518348694,0.9997573494911194,0.999161660671234,0.999964475631714,0.1537412106990814,0.9966272711753844,0.1302123516798019,0.9441606998443604,0.144679307937622,0.8734546899795532,0.1508339047431945,0.8767660856246948,0.1450007855892181,0.8458535671234131,0.9985702633857728,0.9993565678596495,0.9295387268066406,0.9917266368865968,0.9610679149627686,0.9879150986671448,0.9302810430526732,0.9530237913131714,0.9669835567474364,0.9861416220664978,0.1911854445934295,0.1916850358247757,0.1931769102811813,0.1945418566465377,0.1851492673158645,0.1819401085376739,0.1787185817956924,0.1928249895572662,0.170796662569046,0.1937903463840484,0.1865031570196151,0.2048298418521881,0.1505707651376724,0.2130957096815109,0.1233492866158485,0.225101426243782,0.1572693884372711,0.2291885912418365,0.1708373427391052,0.2285400182008743,0.1758262366056442,0.2269807755947113,0.1745591908693313,0.2219422161579132,0.1966725885868072,0.25454843044281,0.250932514667511,0.238437533378601,0.2626365125179291,0.222578763961792,0.2569292783737182,0.2558727562427521,0.2862786650657654,0.4451344311237335,0.4352477490901947,0.4345658123493194,0.4339709281921386,0.4363179206848144,0.4363273084163666,0.4362649619579315,0.4354262053966522,0.4383645057678222,0.453595757484436,0.4547330439090729,0.4696683883666992,0.4862489700317383,0.513080358505249,0.5380889177322388,0.5440940260887146,0.5628548860549927,0.5534240007400513,0.5745144486427307,0.5515502095222473,0.567289412021637,0.5478387475013733,0.5631074905395508,0.5773508548736572,0.591461718082428,0.6203678846359253,0.5949004888534546,0.7053263783454895,0.695254385471344,0.7165548205375671,0.7077405452728271,0.7322525382041931,0.7176640629768372,-0.2067809849977493,-0.1906827837228775,-0.1906998008489608,-0.1907179653644561,-0.2018095999956131,-0.2018460780382156,-0.2018639147281646,-0.0948225781321525,-0.1508524566888809,-0.1675784289836883,-0.1821710467338562,-0.0037423130124807,-0.1172662377357482,0.0416437834501266,-0.131864532828331,-0.0255231857299804,-0.1664310991764068,-0.0358527638018131,-0.1844477951526641,-0.0519523210823535,-0.1855044513940811,-0.0337997414171695,-0.1660124957561493,0.047168593853712,-0.0470348894596099,0.0309811271727085,-0.2108129560947418,0.1304573714733123,-0.151220217347145,0.1377780437469482,-0.1469150632619857,0.0959271118044853,-0.2141133099794387,Stand-To-Sit
654,0.9994550347328186,0.9989256858825684,0.99867981672287,0.9981693029403688,0.9994004964828492,0.999483287334442,0.9995309114456176,0.9964242577552797,0.9996992945671082,0.9987184405326844,0.9997573494911194,0.9991934895515442,0.999960482120514,0.1621275842189788,0.9963914752006532,0.1445507705211639,0.9422284960746764,0.1604465842247009,0.8708776235580444,0.1676752418279647,0.874442458152771,0.1602452397346496,0.842497706413269,0.9986213445663452,0.9993219375610352,0.9329031705856324,0.9919333457946776,0.9625201225280762,0.9883328676223756,0.9322383999824524,0.9538387060165404,0.9674569368362428,0.9865208268165588,0.1865081042051315,0.1869843900203704,0.1885342746973037,0.1899166256189346,0.1804286390542984,0.1773714572191238,0.1743485331535339,0.1883978545665741,0.1670491397380828,0.1893755197525024,0.1820482760667801,0.2015691548585891,0.1466204226016998,0.2124561518430709,0.1229915991425514,0.2270731627941131,0.1577365696430206,0.2315455377101898,0.1702399551868438,0.2305870801210403,0.1751141548156738,0.2275164872407913,0.1715452373027801,0.2216212302446365,0.1960841715335846,0.2550966143608093,0.2487929314374923,0.2560050189495086,0.2432885617017746,0.2491760551929474,0.2294617891311645,0.2827023863792419,0.2591636478900909,0.444989264011383,0.4351019263267517,0.4344180822372436,0.4338210225105285,0.436221718788147,0.4362473487854004,0.436177521944046,0.4352459013462066,0.4383516609668731,0.4534324109554291,0.4545807242393493,0.4694898724555969,0.4879728853702545,0.5138090252876282,0.5418697595596313,0.5446913242340088,0.564450204372406,0.5534848570823669,0.5750963687896729,0.5516088604927063,0.5675726532936096,0.5480460524559021,0.5640696287155151,0.5768730640411377,0.591496467590332,0.6162806749343872,0.5954427123069763,0.7018096446990967,0.6988498568534851,0.7162797451019287,0.7103025317192078,0.7237583994865417,0.7223172783851624,-0.2094795703887939,-0.1939481347799301,-0.1939630210399627,-0.1939932852983474,-0.2054381370544433,-0.2054731100797653,-0.2054894715547561,-0.0962093919515609,-0.1536438167095184,-0.1697056591510772,-0.1846227347850799,-0.005006075836718,-0.1166319251060485,0.0375934280455112,-0.126982182264328,-0.0381010994315147,-0.1605189442634582,-0.0506832487881183,-0.1775693893432617,-0.0697341561317443,-0.1787862330675125,-0.04788389056921,-0.1600368767976761,0.0464248582720756,-0.0463014356791973,-0.0824499651789665,-0.2171274870634079,0.0224044751375913,-0.1361277550458908,0.0301748365163803,-0.129637524485588,-0.030885050073266,-0.1975371092557907,Stand-To-Sit
655,0.9994570016860962,0.998883843421936,0.9986211657524108,0.9980955719947816,0.9993616938591005,0.999447226524353,0.9994877576828004,0.9961111545562744,0.9996649026870728,0.9986144304275512,0.9997397661209106,0.9992071390151978,0.999953269958496,0.1694816201925277,0.996304214000702,0.160997986793518,0.9418475031852722,0.1779690980911255,0.8706293106079102,0.1864467859268188,0.8744219541549683,0.1779205650091171,0.8420736193656921,0.998648166656494,0.9992523789405824,0.9337825179100036,0.9919015169143676,0.963063418865204,0.9885653853416444,0.9334255456924438,0.9542590975761414,0.9670897722244264,0.986665904521942,0.1821081191301345,0.1825452595949173,0.1842358261346817,0.1856991201639175,0.175735056400299,0.1727145612239837,0.1697504669427871,0.1842502653598785,0.1626906394958496,0.1849564164876938,0.1776401251554489,0.1971411406993866,0.1438511908054351,0.2086260765790939,0.1197933703660965,0.2269286811351776,0.1584270298480987,0.2318969219923019,0.1705034971237182,0.2308440506458282,0.1755818277597427,0.2275786101818084,0.1724805533885955,0.2185261249542236,0.1928723156452179,0.2550597488880157,0.2479883879423141,0.2572858035564422,0.2387822866439819,0.2525348961353302,0.2252366542816162,0.2862696051597595,0.2560091614723205,0.4449782073497772,0.4350654482841491,0.4343737959861755,0.4337886571884155,0.4362765550613403,0.4363337457180023,0.4362829327583313,0.435373842716217,0.4387593865394592,0.4533843994140625,0.4545099437236786,0.4695808291435241,0.4911575019359588,0.5147206783294678,0.5449143648147583,0.5448049306869507,0.5645943284034729,0.5533658862113953,0.5754076838493347,0.5517060160636902,0.5675920844078064,0.5481325387954712,0.5640509724617004,0.576756477355957,0.592257559299469,0.6155384182929993,0.5964100360870361,0.7012179493904114,0.6998283267021179,0.7160137295722961,0.7114126086235046,0.7215836644172668,0.7243955135345459,-0.221548706293106,-0.2056290358304977,-0.2056385278701782,-0.2056709975004196,-0.2178711146116256,-0.2179063558578491,-0.2179218977689743,-0.1031208038330078,-0.1605474352836609,-0.1807907819747924,-0.197157472372055,-0.005997962784022,-0.1179173588752746,0.0410729832947254,-0.1305643022060394,-0.0319645442068576,-0.1674641072750091,-0.0438452437520027,-0.1853720992803573,-0.063841201364994,-0.186040312051773,-0.0421053692698478,-0.1666924804449081,0.0473466329276561,-0.0472323037683963,-0.0747754126787185,-0.2061991989612579,0.0220200568437576,-0.1252006441354751,0.0291974395513534,-0.1161862835288047,-0.0277140326797962,-0.1787399649620056,Stand-To-Sit
656,0.9994956851005554,0.9989575743675232,0.9987124800682068,0.9982245564460754,0.9993979334831238,0.9994785785675048,0.9995126724243164,0.996348202228546,0.9996796250343324,0.9986949563026428,0.9997553825378418,0.9992606043815612,0.9999482035636902,0.1912516802549362,0.996185541152954,0.1943971216678619,0.94029301404953,0.2118878811597824,0.8687920570373535,0.2216801792383194,0.8729091286659241,0.2104833275079727,0.8403549194335938,0.998708188533783,0.9992315769195556,0.9356046319007874,0.99207204580307,0.9639772772789,0.9890642762184144,0.9345934391021729,0.9558099508285522,0.966934621334076,0.9871014952659608,0.1779650151729583,0.1783140301704406,0.1798503547906875,0.18121999502182,0.1715372502803802,0.1683422923088073,0.1651845723390579,0.1798444390296936,0.1578873097896576,0.1807488203048706,0.1734973043203354,0.1936129033565521,0.1403313130140304,0.2070191204547882,0.1164545640349388,0.2264089286327362,0.157586470246315,0.2322438508272171,0.1688253730535507,0.2309925556182861,0.1754473745822906,0.2276250123977661,0.1709693968296051,0.2158036679029464,0.1904204487800598,0.255615085363388,0.2472610771656036,0.2618831694126129,0.2387271374464035,0.2564597129821777,0.2261968851089477,0.2872382700443268,0.2577661871910095,0.4449023902416229,0.4350398480892181,0.4343624114990234,0.4337854087352752,0.4362580180168152,0.4363211393356323,0.436284989118576,0.4354818165302276,0.4390442073345184,0.4532989859580993,0.4544407427310943,0.4697110950946808,0.4931861460208893,0.5155236124992371,0.5469829440116882,0.544680655002594,0.5646466016769409,0.5533281564712524,0.5753758549690247,0.5510066151618958,0.5668028593063354,0.5480917692184448,0.56320720911026,0.5761578679084778,0.5928701162338257,0.6120439171791077,0.5955142974853516,0.6994629502296448,0.7008965611457825,0.7158390879631042,0.7135750651359558,0.7210951447486877,0.7247493863105774,-0.226201057434082,-0.2102925479412078,-0.2102958858013153,-0.2103283852338791,-0.2229440957307815,-0.2229832708835601,-0.2229845821857452,-0.1081556677818298,-0.1672738045454025,-0.1858297735452652,-0.2029463946819305,-0.0101478397846221,-0.1206223219633102,0.0319689884781837,-0.1354036629199981,-0.0458129979670047,-0.1737920343875885,-0.0592802464962005,-0.1906947344541549,-0.0784770995378494,-0.1924493759870529,-0.0556768178939819,-0.1733396053314209,0.047009028494358,-0.0468918941915035,-0.0736218243837356,-0.2106748819351196,0.0096120703965425,-0.1413486897945404,0.0149624440819025,-0.1351448446512222,-0.041558526456356,-0.1979303508996963,Stand-To-Sit
657,0.9995161294937134,0.9989991784095764,0.9987764954566956,0.9983243942260742,0.9994024634361268,0.9994871020317078,0.9995156526565552,0.9965410828590392,0.9996740818023682,0.9987455010414124,0.9997600317001344,0.999294936656952,0.9999433159828186,0.2024696171283722,0.9955641627311708,0.2036093771457672,0.934373676776886,0.2233496308326721,0.8626183867454529,0.2342383414506912,0.8671751618385315,0.2217606604099273,0.8346922993659973,0.9987745881080629,0.9992256760597228,0.9381751418113708,0.9923202395439148,0.9646747708320618,0.9890615940093994,0.9350980520248412,0.9557782411575316,0.966169774532318,0.9869248867034912,0.1748946011066436,0.17494598031044,0.176340639591217,0.1776372492313385,0.1685067266225814,0.1654772013425827,0.1622962355613708,0.1755774319171905,0.1549565941095352,0.177072674036026,0.1699657142162323,0.1904103457927703,0.1359678357839584,0.2062975913286209,0.1174942031502723,0.2242011576890945,0.1580355763435363,0.2315599024295807,0.1690754145383834,0.2298417091369629,0.1749893724918365,0.2261626422405243,0.1715177446603775,0.2107687443494796,0.1827625483274459,0.2550952434539795,0.2435987740755081,0.2626538276672363,0.2388567179441452,0.25750532746315,0.2287860363721847,0.2857187688350677,0.258739173412323,0.4448141455650329,0.4349854588508606,0.4343217015266418,0.4337876737117767,0.4362255036830902,0.436255395412445,0.4362290799617767,0.4357444941997528,0.4389917552471161,0.4532786607742309,0.4543789625167846,0.4708259701728821,0.4937971532344818,0.5176573991775513,0.547625720500946,0.5440846681594849,0.566426694393158,0.5532244443893433,0.5753089785575867,0.5497621893882751,0.5673266053199768,0.5479142069816589,0.5634899139404297,0.5754839181900024,0.5931339263916016,0.6042422652244568,0.5948055982589722,0.6980082392692566,0.7015925645828247,0.715594470500946,0.7151148915290833,0.7202637791633606,0.7252011895179749,-0.1917253136634826,-0.1778669208288192,-0.1778806447982788,-0.1779282987117767,-0.1902621239423751,-0.1903047114610672,-0.1903146207332611,-0.088420070707798,-0.1463321894407272,-0.1559277474880218,-0.1727345436811447,0.000679260585457,-0.1084729880094528,0.0378179363906383,-0.1094046458601951,-0.0352628044784069,-0.1362423449754715,-0.0489516444504261,-0.1511259973049163,-0.066624566912651,-0.1566642075777053,-0.0447753779590129,-0.1371739357709884,0.0468214079737663,-0.0467309579253196,-0.0998098701238632,-0.2184326201677322,-0.0408201925456523,-0.1630049794912338,-0.0377633683383464,-0.1583595871925354,-0.0964089184999466,-0.2232025414705276,Stand-To-Sit
658,0.9995509386062622,0.999064803123474,0.9988632202148438,0.9984471797943116,0.9994273781776428,0.9995075464248656,0.9995264410972596,0.9967897534370422,0.9996724724769592,0.9988282918930054,0.9997707605361938,0.9993551969528198,0.9999389052391052,0.2512488961219787,0.9948009252548218,0.259656548500061,0.9316489696502686,0.2766909301280975,0.8619826436042786,0.2884080111980438,0.867030143737793,0.2735985517501831,0.8354831337928772,0.9988220930099488,0.9991918802261353,0.9377902150154114,0.9923136234283448,0.9644393920898438,0.9890530705451964,0.9363419413566588,0.9568877220153807,0.964311182498932,0.9866660833358764,0.171405091881752,0.1714269518852234,0.172942578792572,0.174333319067955,0.1648309826850891,0.161771759390831,0.1587352305650711,0.172323003411293,0.1516804993152618,0.1736261546611786,0.1665306836366653,0.1870305389165878,0.1346871107816696,0.2032573223114013,0.1190122216939926,0.2239109575748443,0.1632123291492462,0.2315563410520553,0.1715930998325348,0.2298729121685028,0.1761662513017654,0.2260432243347168,0.1721318662166595,0.2043621242046356,0.1761870980262756,0.249991089105606,0.2424650937318802,0.2582892775535583,0.2451955080032348,0.2450147867202758,0.2355351746082306,0.2745017409324646,0.2663477063179016,0.4447978436946869,0.4351958036422729,0.4345823228359222,0.4340866506099701,0.4363325238227844,0.4364174306392669,0.4364764988422394,0.4361473023891449,0.4398164749145508,0.4532956480979919,0.4543647468090057,0.471697449684143,0.4936465322971344,0.5191131830215454,0.5485961437225342,0.5439850687980652,0.5654780864715576,0.5531131625175476,0.5745919942855835,0.5497766137123108,0.5665487051010132,0.5477306842803955,0.5631746649742126,0.5754786729812622,0.593687117099762,0.6009656190872192,0.5945937633514404,0.6997220516204834,0.7004138231277466,0.7155479192733765,0.7149493098258972,0.7206481695175171,0.7246753573417664,-0.1910270452499389,-0.1764432042837143,-0.1764694452285766,-0.1765099763870239,-0.1885538250207901,-0.1885886341333389,-0.1885932683944702,-0.0841795206069946,-0.1402618438005447,-0.1541399955749511,-0.1703955829143524,0.0090461317449808,-0.1079429015517234,0.0401217080652713,-0.1160269826650619,-0.0458400808274745,-0.1608767807483673,-0.0633178576827049,-0.1803954988718032,-0.0819367915391922,-0.1881236135959625,-0.0559518113732337,-0.1634342968463897,0.049507450312376,-0.0493519678711891,-0.0727448910474777,-0.2164767682552337,-0.0159879177808761,-0.1539054811000824,-0.0133470986038446,-0.149806946516037,-0.0670815259218216,-0.2093175649642944,Stand-To-Sit
659,0.999577820301056,0.9991306662559508,0.998947262763977,0.9985693097114564,0.9994523525238036,0.999526858329773,0.9995406866073608,0.997036874294281,0.9996768236160278,0.9989091753959656,0.999781370162964,0.999411404132843,0.9999383091926576,0.2907050848007202,0.9939759969711304,0.3024232089519501,0.9308961629867554,0.3180156052112579,0.8643270134925842,0.3301009237766266,0.8692768216133118,0.3123165369033813,0.837969183921814,0.9989079236984252,0.9991958141326904,0.9386009573936462,0.9921904802322388,0.9641424417495728,0.9882098436355592,0.9363886713981628,0.9559748768806458,0.9623263478279114,0.9856317043304444,0.1675027161836624,0.1678665429353714,0.1692980080842971,0.1706135720014572,0.16155706346035,0.1585400104522705,0.1555520296096801,0.1688980162143707,0.148181140422821,0.1697517335414886,0.1628795713186264,0.1840210258960724,0.1311650872230529,0.2027909308671951,0.117168441414833,0.223999336361885,0.1631294637918472,0.2318417280912399,0.1713948845863342,0.2296362370252609,0.175415813922882,0.2260809242725372,0.1723294258117675,0.1978403031826019,0.1708546578884124,0.249750331044197,0.2383331060409546,0.2635218203067779,0.2419604510068893,0.2578040957450866,0.2265333384275436,0.2862089276313782,0.2660552859306335,0.444759339094162,0.4351678788661957,0.4345658421516418,0.4340910613536834,0.4363259077072143,0.4364675879478454,0.4365812242031097,0.4363463521003723,0.4402702748775482,0.4533519148826599,0.4544195830821991,0.4729644358158111,0.4928107261657715,0.5206034779548645,0.5482804179191589,0.5441449880599976,0.5633030533790588,0.5535547733306885,0.5737294554710388,0.550156831741333,0.5655114650726318,0.5476791262626648,0.5606945157051086,0.5771778225898743,0.5962785482406616,0.5974931716918945,0.5948741436004639,0.6976317763328552,0.7022124528884888,0.7154407501220703,0.7197217345237732,0.7199323177337646,0.7252981662750244,-0.1643228232860565,-0.1489653289318084,-0.1490131169557571,-0.1490636318922042,-0.1611038744449615,-0.1611301600933075,-0.1611386239528656,-0.0552659444510936,-0.1112222671508789,-0.1269567161798477,-0.1432428210973739,0.0374023094773292,-0.0897505655884742,0.0471461191773414,-0.1174593716859817,-0.055293321609497,-0.1810005903244018,-0.0755988731980323,-0.2036390304565429,-0.0932325273752212,-0.209464281797409,-0.0655493810772895,-0.1831190735101699,0.0522063300013542,-0.05205088108778,-0.0782717913389206,-0.212959736585617,-0.0573457479476928,-0.1726597994565963,-0.0587821006774902,-0.169810950756073,-0.1226171255111694,-0.2346723824739456,Stand-To-Sit
660,0.9995705485343932,0.999150812625885,0.9989856481552124,0.9986451268196106,0.9994009137153624,0.9994555115699768,0.999455451965332,0.9972330331802368,0.999590277671814,0.9989700317382812,0.99977707862854,0.9994646906852722,0.9999263882637024,0.3396729230880737,0.9915211200714112,0.3545363545417785,0.9252058267593384,0.3687341213226318,0.861115574836731,0.3810643851757049,0.8668124675750732,0.36228808760643,0.8364624977111816,0.9989287853240968,0.999066948890686,0.9335682988166808,0.9915510416030884,0.9591299295425416,0.9876498579978944,0.932013750076294,0.956763505935669,0.9534839391708374,0.9844253063201904,0.1651078313589096,0.1650922745466232,0.1664797961711883,0.167732685804367,0.1588461399078369,0.1558499187231063,0.1528255045413971,0.1654172390699386,0.1454885601997375,0.167017787694931,0.1604681313037872,0.1822263151407241,0.1282329708337783,0.2021702975034713,0.1158819049596786,0.2251321971416473,0.1613140702247619,0.2337756156921386,0.17063570022583,0.2316927909851074,0.1749525815248489,0.2279123812913894,0.1725670993328094,0.1917782127857208,0.1626639068126678,0.2469347268342971,0.2379182875156402,0.2464334666728973,0.2518610954284668,0.2336092442274093,0.2446808516979217,0.2717275023460388,0.2824570834636688,0.4459955394268036,0.4359835088253021,0.435389369726181,0.4349069595336914,0.4370973408222198,0.4372805058956146,0.4374264478683471,0.4370037317276001,0.4409590065479278,0.4543847441673279,0.4555951356887817,0.4742418229579925,0.4925923347473144,0.5236931443214417,0.5471298098564148,0.545182466506958,0.5602626800537109,0.5557640790939331,0.5720729231834412,0.5504497289657593,0.5638484358787537,0.5482340455055237,0.559826672077179,0.5861837267875671,0.601003885269165,0.5977237820625305,0.5914145112037659,0.7009751200675964,0.7008649110794067,0.717903733253479,0.7193090915679932,0.7249090075492859,0.7224875688552856,-0.1548494845628738,-0.1410673558712005,-0.1411312073469162,-0.141186773777008,-0.1522552073001861,-0.1522711515426635,-0.1522844135761261,-0.051252793520689,-0.1022922992706298,-0.1186716184020042,-0.1334217935800552,0.0384611710906028,-0.0854438990354538,0.0481127016246318,-0.1110822111368179,-0.0593424551188945,-0.1702408492565155,-0.0790910497307777,-0.1908304095268249,-0.0989749878644943,-0.197087213397026,-0.0703591480851173,-0.1721370965242386,0.053983561694622,-0.053805898874998,-0.0431327335536479,-0.1819800734519958,-0.0490715838968753,-0.1202626600861549,-0.0380857102572917,-0.1136791333556175,-0.1003636345267295,-0.1609308272600174,Stand-To-Sit
661,0.9995939135551452,0.9992193579673768,0.999070167541504,0.9987643957138062,0.9994327425956726,0.9994769096374512,0.9994723796844482,0.9974882006645204,0.9996010661125184,0.9990606904029846,0.9997912049293518,0.9995128512382508,0.9999111890792848,0.3819511532783508,0.9851125478744508,0.3960209488868713,0.9098801612854004,0.4093958437442779,0.8497252464294434,0.421893298625946,0.8562437295913696,0.4029472768306732,0.8258834481239319,0.9990071654319764,0.999062180519104,0.9311482310295104,0.991180658340454,0.9554001688957214,0.9864499568939208,0.9301446676254272,0.9565921425819396,0.9479570984840392,0.9825376272201538,0.1595671623945236,0.1603881418704986,0.1621825397014618,0.1638281345367431,0.1540243923664093,0.1509638726711273,0.1476485431194305,0.1631664335727691,0.1403875052928924,0.1622723340988159,0.1559064835309982,0.1812797337770462,0.1253329962491989,0.2011462450027465,0.1155588030815124,0.2261082381010055,0.1645039618015289,0.234367087483406,0.1721315830945968,0.2330285608768463,0.1757352352142334,0.2291252315044403,0.1735642701387405,0.185985118150711,0.1553425639867782,0.2463619410991668,0.2202719151973724,0.2487719058990478,0.2502254545688629,0.2343892306089401,0.2426146566867828,0.2805023789405823,0.2773861885070801,0.4466198980808258,0.4367234408855438,0.4361179172992706,0.435604989528656,0.4378136098384857,0.4380463063716888,0.4382974505424499,0.4377173483371734,0.4422927498817444,0.455123096704483,0.4564244449138641,0.4757910370826721,0.4926348328590393,0.5273117423057556,0.5491780042648315,0.5467976331710815,0.5602842569351196,0.5568891167640686,0.5712175369262695,0.5513826608657837,0.5634473562240601,0.5494434833526611,0.5585727691650391,0.5910710096359253,0.605066180229187,0.5948291420936584,0.5889094471931458,0.7008741497993469,0.6965218782424927,0.7180782556533813,0.7164378762245178,0.7223199605941772,0.7225896716117859,-0.1590164005756378,-0.1447851955890655,-0.1448666453361511,-0.144949123263359,-0.1544225662946701,-0.1544331610202789,-0.1544282585382461,-0.0534707494080066,-0.096816673874855,-0.1227148175239563,-0.135375514626503,0.032821912318468,-0.0801447182893753,0.0318807363510131,-0.1139535158872604,-0.0934415236115455,-0.1994742751121521,-0.1160346046090126,-0.2244852036237716,-0.13567516207695,-0.2308623343706131,-0.1048095449805259,-0.2026893347501754,0.0528900437057018,-0.0527227632701396,-0.0826741829514503,-0.2064735889434814,-0.0769220739603042,-0.1643280982971191,-0.0783940479159355,-0.1597616076469421,-0.1427391320466995,-0.2186231613159179,Stand-To-Sit
662,0.999610185623169,0.999275267124176,0.9991425275802612,0.9988661408424376,0.9994444847106934,0.9994804859161376,0.9994577765464784,0.9977155923843384,0.9995912909507751,0.9991438388824464,0.9998013973236084,0.9995561838150024,0.999884068965912,0.4241498112678528,0.9819117784500122,0.4381293654441833,0.9004663228988647,0.4491440951824188,0.8420641422271729,0.4614013135433197,0.849186897277832,0.4428145289421081,0.8189079761505127,0.9990860819816588,0.9990625977516174,0.9292093515396118,0.9904676675796508,0.9518828392028807,0.984564483165741,0.9290778040885924,0.955199658870697,0.9427649974822998,0.9798744916915894,0.1558694392442703,0.1570348441600799,0.1589385569095611,0.1608255505561828,0.1501592248678207,0.1469387114048004,0.1435561627149582,0.1610656231641769,0.1365074217319488,0.1590062081813812,0.1517483294010162,0.1778107285499572,0.1246836334466934,0.2001766264438629,0.1393775045871734,0.2254697978496551,0.1850057393312454,0.233644962310791,0.1897865682840347,0.2329656183719635,0.1886551976203918,0.2286151945590973,0.1953209936618805,0.1830917596817016,0.1533702313899994,0.2429663240909576,0.2225795537233352,0.2501128613948822,0.2504416108131408,0.2364840507507324,0.2454788982868194,0.2803882956504822,0.2790274024009704,0.4475908875465393,0.4379356801509857,0.4374135732650757,0.4369168877601623,0.4387778043746948,0.4389519095420837,0.4392094314098358,0.4389060437679291,0.4433026611804962,0.4562917351722717,0.4573885798454284,0.4765864908695221,0.4927296340465545,0.5289161205291748,0.5557615756988525,0.549698531627655,0.5639187693595886,0.5583589673042297,0.5711966156959534,0.5540077090263367,0.5635299682617188,0.5507538318634033,0.5612278580665588,0.5915231704711914,0.6054130792617798,0.5871056318283081,0.5854695439338684,0.6999532580375671,0.6839506030082703,0.7191112637519836,0.7022116184234619,0.7222195267677307,0.7171685695648193,-0.157821387052536,-0.1439703553915023,-0.1440615355968475,-0.1441515386104583,-0.1530430763959884,-0.1530462950468063,-0.1530295312404632,-0.0557217374444007,-0.0958196371793747,-0.1227819100022316,-0.134402185678482,0.0274305436760187,-0.0904266759753227,-0.002804571064189,-0.1412498503923416,-0.1413862109184265,-0.2010721415281295,-0.1677708327770233,-0.2268637716770172,-0.1853232085704803,-0.2304287701845169,-0.1525023281574249,-0.2029606848955154,0.0525250807404518,-0.0523968525230884,-0.0913235694169998,-0.1889149844646453,-0.0918111950159072,-0.1542218029499054,-0.0948228389024734,-0.1495921909809112,-0.1600567102432251,-0.2088359594345092,Stand-To-Sit
663,0.999640703201294,0.9993414878845216,0.9992220401763916,0.9989736080169678,0.9994868636131288,0.9995169639587402,0.999491572380066,0.9979368448257446,0.9996152520179749,0.9992262721061708,0.9998177886009216,0.9995965957641602,0.999862015247345,0.4581219851970672,0.9709745049476624,0.4746026396751404,0.8763469457626343,0.4839482307434082,0.822653591632843,0.4960590004920959,0.8305962085723877,0.4778165817260742,0.8009087443351746,0.9991604089736938,0.99907386302948,0.9281327724456788,0.9892877340316772,0.9501821994781494,0.9815450310707092,0.9295952320098876,0.954197108745575,0.9410960674285888,0.9773616194725036,0.1525471955537796,0.1535008698701858,0.1553811281919479,0.1572971045970916,0.1466679871082306,0.1434645652770996,0.1402378529310226,0.157861441373825,0.1335784494876861,0.1560356169939041,0.1484729200601577,0.1751058101654052,0.1236720532178878,0.1979401856660843,0.1346043199300766,0.224344253540039,0.1786656379699707,0.2335129678249359,0.1850588172674179,0.2328857481479644,0.1866873204708099,0.2275283336639404,0.1907861232757568,0.1818218380212783,0.1513011306524276,0.2415637075901031,0.2134939879179,0.2505185902118683,0.2502703070640564,0.2387030571699142,0.2442655861377716,0.2811779081821441,0.2779466211795807,0.4475004374980926,0.4380050003528595,0.4375174641609192,0.4370527565479278,0.4388719499111175,0.4391036629676819,0.4394475817680359,0.4393711984157562,0.4440562129020691,0.4563111960887909,0.4574567377567291,0.4775888323783874,0.4945145547389984,0.5273541212081909,0.5535563230514526,0.5499517917633057,0.5638872385025024,0.5583927035331726,0.5712170004844666,0.5549805164337158,0.5635983347892761,0.5529251098632812,0.5660458207130432,0.5914058685302734,0.6051221489906311,0.5886965990066528,0.5769532918930054,0.7010120153427124,0.6719937920570374,0.719883143901825,0.6896743774414062,0.7222130298614502,0.6963644027709961,-0.1393215209245681,-0.1247361674904823,-0.1248391643166542,-0.124940201640129,-0.1331617534160614,-0.1331648975610733,-0.1331459581851959,-0.0344130247831344,-0.0714714080095291,-0.1037763580679893,-0.1145571917295456,0.0439739450812339,-0.0678500458598136,0.0121639911085367,-0.1324023753404617,-0.1210681796073913,-0.1981289982795715,-0.1463455557823181,-0.2241078615188598,-0.164383977651596,-0.2287042587995529,-0.1320164054632187,-0.2005462944507599,0.0485282093286514,-0.0483619198203086,-0.1040219888091087,-0.2039876878261566,-0.1361930817365646,-0.2096110582351684,-0.1432232409715652,-0.2101412117481231,-0.2142925560474395,-0.2710339426994324,Stand-To-Sit
664,0.9996601343154908,0.9993942379951476,0.9992868900299072,0.9990634322166444,0.9995130896568298,0.999539077281952,0.9995072484016418,0.9981275200843812,0.9996257424354552,0.9992961287498474,0.999828577041626,0.9996297955513,0.9998409748077391,0.4824185073375702,0.9689314365386964,0.5023019313812256,0.8712306618690491,0.5100347995758057,0.8187715411186218,0.5220821499824524,0.8267711400985718,0.5039395093917847,0.7967864871025085,0.9992148876190186,0.9990472197532654,0.9264487028121948,0.988268494606018,0.945883333683014,0.9793382287025452,0.9273210167884828,0.9527413249015808,0.9367682933807372,0.9753963947296144,0.1520860344171524,0.1519633382558822,0.1536774337291717,0.1552511751651764,0.1455899477005005,0.142413929104805,0.138987511396408,0.1543038934469223,0.1318633407354354,0.1551330387592315,0.1484639346599578,0.1723115742206573,0.1222647875547409,0.1959590166807174,0.1445853263139724,0.2243105918169021,0.1915296614170074,0.2334609031677246,0.195459634065628,0.2324999570846557,0.2055239677429199,0.2274857461452484,0.2025171518325805,0.180973932147026,0.1510967314243316,0.2403654307126999,0.2164431810379028,0.2517313063144684,0.2499449551105499,0.2393667995929718,0.2450534850358963,0.2840103805065155,0.2772659361362457,0.447713702917099,0.4382880628108978,0.4377676844596863,0.4372897148132324,0.439337819814682,0.4396984279155731,0.4402059912681579,0.4398860931396484,0.4453784823417663,0.4564413428306579,0.4582391679286957,0.4787412583827972,0.4954260885715484,0.526348352432251,0.5546783208847046,0.5495506525039673,0.5642722845077515,0.558207094669342,0.5697399377822876,0.5548763871192932,0.5637401938438416,0.552640974521637,0.5658366084098816,0.5911453366279602,0.6052570939064026,0.5894885659217834,0.5776544809341431,0.7010897397994995,0.6814866662025452,0.719832718372345,0.6933765411376953,0.7212411165237427,0.699451744556427,-0.134649783372879,-0.1196500286459922,-0.1197474151849746,-0.1198400259017944,-0.1300781518220901,-0.1300778687000274,-0.1300616264343261,-0.0313627794384956,-0.0770453959703445,-0.0998120158910751,-0.1131234392523765,0.0467535480856895,-0.0806153640151023,0.0137016773223876,-0.1452933996915817,-0.1155289262533187,-0.2028200626373291,-0.1391951590776443,-0.2286605089902877,-0.1562308669090271,-0.2309395521879196,-0.1262836754322052,-0.2041743695735931,0.0483364164829254,-0.0481611117720603,-0.1029847860336303,-0.2014734297990799,-0.1288887113332748,-0.2007108181715011,-0.135010078549385,-0.2013179063796997,-0.2036169320344925,-0.2642636299133301,Stand-To-Sit
665,0.999624252319336,0.9993898868560792,0.9992907643318176,0.9990957975387572,0.9994611144065856,0.9994809031486512,0.999443531036377,0.9982258081436156,0.9995527267456056,0.9993082880973816,0.9998010993003844,0.9996411204338074,0.9998054504394532,0.4815978407859802,0.969371259212494,0.4938844442367553,0.8687258958816528,0.5015466809272766,0.8132631182670593,0.5139636397361755,0.8211444020271301,0.4966650903224945,0.7898063063621521,0.9992336630821228,0.9989774823188782,0.9162672758102416,0.986702561378479,0.9337791204452516,0.9784559607505798,0.9122934937477112,0.9505256414413452,0.9249897599220276,0.9743614792823792,0.1502625644207,0.149528220295906,0.1510967910289764,0.1524758040904998,0.1433548033237457,0.1401482075452804,0.1366872191429138,0.1508435904979705,0.129508376121521,0.1531501859426498,0.1469786465167999,0.1689012795686721,0.1225343495607376,0.1933290362358093,0.1579092592000961,0.2235641032457351,0.2121333181858062,0.2334362715482711,0.2254215776920318,0.2324646413326263,0.2258751392364502,0.2274878025054931,0.2219943106174469,0.1794723570346832,0.1514272391796112,0.2416350543498993,0.2185167968273162,0.2542628645896911,0.2521051466464996,0.2488037645816803,0.2484825402498245,0.2852222323417663,0.2818845808506012,0.4485969245433807,0.4394143521785736,0.4387663304805755,0.4381889998912811,0.4409496486186981,0.4415677189826965,0.4423977136611938,0.4409828186035156,0.4481538236141205,0.4569550156593323,0.4596479833126068,0.479376882314682,0.4980084598064422,0.5258913040161133,0.5554962158203125,0.5493065714836121,0.5648030042648315,0.5573932528495789,0.5712264776229858,0.5545340180397034,0.561954140663147,0.5524166226387024,0.5626328587532043,0.5903791189193726,0.605950653553009,0.5858448147773743,0.5850383043289185,0.6992011666297913,0.6928708553314209,0.7160586714744568,0.719627320766449,0.7196657657623291,0.7085778713226318,-0.2017852514982223,-0.1883503943681717,-0.1884256154298782,-0.1885246932506561,-0.2009697407484054,-0.2009915858507156,-0.2009847909212112,-0.1038481965661048,-0.158401682972908,-0.1675831824541092,-0.1834113299846649,-0.0085526313632726,-0.1636215150356292,-0.0200462974607944,-0.180222675204277,-0.1269611269235611,-0.1851767301559448,-0.1464841365814209,-0.2058981359004974,-0.1643008887767791,-0.2073999941349029,-0.138134092092514,-0.1848958432674408,0.0502739325165748,-0.0501316003501415,-0.095204047858715,-0.1845844388008117,-0.0974877029657363,-0.151889681816101,-0.0988933145999908,-0.1490202248096466,-0.154517263174057,-0.2059036791324615,Stand-To-Sit
666,0.9996283054351808,0.9994152188301086,0.9993153214454652,0.9991453886032104,0.999475598335266,0.9994882941246032,0.9994555115699768,0.998318374156952,0.9995375871658324,0.9993076324462892,0.9997767210006714,0.9996459484100342,0.9997644424438475,0.4763145744800567,0.9696956872940063,0.4888968169689178,0.8694074153900146,0.4970528781414032,0.8124037981033325,0.5092715620994568,0.8199865818023682,0.4920099377632141,0.7866135239601135,0.9992610216140748,0.9989342093467712,0.89170241355896,0.9835604429244996,0.910397171974182,0.978037655353546,0.8940354585647583,0.9493570923805236,0.9071540236473083,0.973810613155365,0.1476552933454513,0.1473446786403656,0.1490765810012817,0.1505819857120514,0.1407216042280197,0.1375221610069275,0.1341373175382614,0.1494098901748657,0.1271549612283706,0.1508977264165878,0.1443948596715927,0.1646670997142791,0.1226328834891319,0.1881641447544098,0.1682832539081573,0.2218502759933471,0.2222259491682052,0.2307396680116653,0.2326007783412933,0.2296514809131622,0.2304914891719818,0.2252487391233444,0.226947471499443,0.1782180666923523,0.153776615858078,0.2423805445432663,0.226305603981018,0.2543263733386993,0.2555131614208221,0.2475996762514114,0.2506534457206726,0.2848066389560699,0.2863625288009643,0.4506837427616119,0.441084086894989,0.4401832520961761,0.4393897950649261,0.4433069825172424,0.4441695809364319,0.4452285766601562,0.441903293132782,0.4510400891304016,0.458565354347229,0.4620528221130371,0.4799615740776062,0.5012338161468506,0.5256685018539429,0.5561538934707642,0.5491419434547424,0.5657642483711243,0.5580933690071106,0.5716654658317566,0.5545386672019958,0.5621169209480286,0.5527980923652649,0.5626718997955322,0.589852511882782,0.6077922582626343,0.5825950503349304,0.5878962278366089,0.6979783773422241,0.6960246562957764,0.716193437576294,0.7229529023170471,0.717254102230072,0.709240198135376,-0.2554478943347931,-0.2408438622951507,-0.2409025132656097,-0.2409985065460205,-0.2545315623283386,-0.254566878080368,-0.2545636296272278,-0.1463858187198639,-0.2065109461545944,-0.21697998046875,-0.2344393730163574,-0.0309236403554677,-0.2054556161165237,-0.0190960206091403,-0.2132279127836227,-0.1081524938344955,-0.1979706585407257,-0.1244956403970718,-0.2180955708026886,-0.1427570134401321,-0.2203900814056396,-0.1187775507569313,-0.1978835165500641,0.057664431631565,-0.0576138198375701,-0.0494258031249046,-0.1734251081943512,-0.0072374842129647,-0.1225260347127914,-0.0050832387059926,-0.1170711889863014,-0.0512411184608936,-0.1634847521781921,Stand-To-Sit
667,0.9995847940444946,0.9993970990180968,0.9993053078651428,0.9991588592529296,0.9994022250175476,0.9994077682495116,0.9993553161621094,0.99838387966156,0.999433696269989,0.9993025660514832,0.9997336864471436,0.9996615648269652,0.999709963798523,0.488540381193161,0.969433069229126,0.5090497136116028,0.8665595650672913,0.5135557651519775,0.8078128099441528,0.526646077632904,0.8153860569000244,0.5096575617790222,0.7817412614822388,0.9992644190788268,0.998820960521698,0.8828219175338745,0.982888400554657,0.9001650810241699,0.9770103096961976,0.8867995142936707,0.94801926612854,0.8976585865020752,0.9723820686340332,0.1475015580654144,0.1462493240833282,0.1475010812282562,0.1486004889011383,0.1406230032444,0.1376350969076156,0.1343849748373031,0.1458735913038253,0.1263041794300079,0.1502786576747894,0.1445134580135345,0.1639240384101867,0.1192018017172813,0.1892465651035308,0.1561838686466217,0.2220315039157867,0.2055318355560302,0.2308406084775924,0.2160713970661163,0.2296847403049469,0.2177199572324752,0.2255286425352096,0.2143254727125167,0.1787503659725189,0.1542182862758636,0.2426674365997314,0.2250939607620239,0.2576980888843536,0.2550505697727203,0.2491113692522049,0.2512308359146118,0.2867147028446197,0.2854050695896148,0.4514020979404449,0.4420574009418487,0.4411955773830414,0.4404229521751404,0.4444383978843689,0.4454756379127502,0.4467114806175232,0.4433721303939819,0.4529484510421753,0.4592382609844208,0.4631368815898895,0.4818007349967956,0.5019950270652771,0.5256423950195312,0.5572869777679443,0.5490369200706482,0.5668700337409973,0.5565983653068542,0.5740464925765991,0.5538238883018494,0.5650428533554077,0.5525903701782227,0.5645293593406677,0.5913779735565186,0.6097490191459656,0.583095133304596,0.590360701084137,0.6979976892471313,0.6960868239402771,0.7178270816802979,0.7204305529594421,0.7168189287185669,0.7108690738677979,-0.218731552362442,-0.2097824513912201,-0.2099250555038452,-0.2101034820079803,-0.2378594428300857,-0.2378376275300979,-0.2377747297286987,-0.1186012774705886,-0.1621001362800598,-0.1942170560359954,-0.2291532307863235,-0.0121492678299546,-0.1607718914747238,-0.007189261727035,-0.1873989999294281,-0.0905018225312233,-0.1941560804843902,-0.1044350266456604,-0.2152465879917144,-0.1253823041915893,-0.2174891978502273,-0.1025562733411789,-0.1945065259933471,0.056175597012043,-0.0560799054801464,-0.0609969198703765,-0.1803369224071502,-0.0417143777012825,-0.133490115404129,-0.0445015169680118,-0.1316439807415008,-0.0873185321688652,-0.1718353778123855,Stand-To-Sit
668,0.9995004534721376,0.9993329048156738,0.999238133430481,0.9991276264190674,0.9992691874504088,0.9992549419403076,0.9991820454597472,0.998342752456665,0.9992566108703612,0.9992636442184448,0.999667763710022,0.9996802806854248,0.999614953994751,0.5011919736862183,0.9687004685401917,0.5289269089698792,0.8618350028991699,0.5306681394577026,0.8023353815078735,0.543934166431427,0.8096776008605957,0.5269908905029297,0.7744767069816589,0.9992958307266236,0.9987031817436218,0.8710030913352966,0.9800220727920532,0.8908457159996033,0.9725095629692078,0.881990373134613,0.9430581331253052,0.8909697532653809,0.9685652852058412,0.1468220651149749,0.1448400765657425,0.1458072066307068,0.1466521471738815,0.1395957171916961,0.1366209089756012,0.1331825852394104,0.1430981606245041,0.1248870864510536,0.1494103223085403,0.1438028663396835,0.1606178432703018,0.1194550544023513,0.1880962550640106,0.1604281961917877,0.2217146605253219,0.2095427066087722,0.23088338971138,0.2210474908351898,0.2293329238891601,0.2232258021831512,0.2252506762742996,0.2190474718809127,0.1792154312133789,0.1551493555307388,0.2429538518190384,0.2200628966093063,0.2593432962894439,0.2545345425605774,0.2502663135528564,0.2499440610408783,0.2889111042022705,0.284608781337738,0.4522364437580108,0.4430804550647735,0.4422601163387298,0.4415053129196167,0.4457481503486633,0.4470546543598175,0.4486671388149261,0.4450303912162781,0.455664187669754,0.4604138731956482,0.46512371301651,0.4820602536201477,0.5047165751457214,0.5263095498085022,0.5591898560523987,0.5484801530838013,0.5676590800285339,0.5552060008049011,0.5750750303268433,0.553526759147644,0.5662749409675598,0.5525566339492798,0.5652900338172913,0.5922026038169861,0.6097363829612732,0.5826292037963867,0.5853144526481628,0.6978666186332703,0.6818774342536926,0.7183026075363159,0.7024322748184204,0.7155689001083374,0.7057854533195496,-0.2157768011093139,-0.2032298296689987,-0.2033214569091797,-0.2034326046705246,-0.2200739383697509,-0.2200873792171478,-0.2200772762298584,-0.1161364465951919,-0.1827768683433532,-0.181628867983818,-0.2031112015247345,-0.0173242390155792,-0.1848966181278228,-0.0144631490111351,-0.2048242837190628,-0.1098769158124923,-0.1998129338026046,-0.1271511763334274,-0.2220085114240646,-0.1474701166152954,-0.2252951562404632,-0.1216577738523483,-0.2006095945835113,0.0561598911881446,-0.0560466349124908,-0.0682000145316124,-0.190734326839447,-0.061094332486391,-0.1363573223352432,-0.063011810183525,-0.1368068158626556,-0.1161872521042823,-0.1886900514364242,Stand-To-Sit
669,0.9995243549346924,0.999380350112915,0.9992944598197936,0.9991962909698486,0.9993035793304444,0.9992848634719848,0.9992020726203918,0.998487949371338,0.9992914795875548,0.9993284344673156,0.999692440032959,0.9997074007987976,0.9996204972267152,0.5316661596298218,0.9603613615036012,0.5643585920333862,0.8534622192382812,0.5646369457244873,0.798652708530426,0.5772849917411804,0.80608731508255,0.56035315990448,0.7701560258865356,0.9993465542793274,0.9987363815307616,0.870154082775116,0.9773274660110474,0.8877968192100525,0.96161949634552,0.8856080174446106,0.9375850558280944,0.8890678882598877,0.9611271619796752,0.1434953510761261,0.1424743235111236,0.1436614543199539,0.1447582095861435,0.1367823034524917,0.1338480710983276,0.1306310296058654,0.142285481095314,0.1227400675415992,0.1462327539920807,0.140460729598999,0.1620367169380188,0.1130893230438232,0.1894930452108383,0.1417185962200164,0.2188286036252975,0.1766260266304016,0.2302769869565963,0.1885673105716705,0.2290910482406616,0.1951761692762375,0.2248177528381347,0.191681295633316,0.1808856129646301,0.1539834141731262,0.2425120323896408,0.2064414471387863,0.2611953318119049,0.2500083446502685,0.2502994835376739,0.2493942528963089,0.2899354696273803,0.2808922529220581,0.4556747674942016,0.4467134475708008,0.4459282159805298,0.4451982080936432,0.4492048919200897,0.4502418637275696,0.4514275789260864,0.4477768242359161,0.4570581316947937,0.4632976949214935,0.4674807786941528,0.4842357635498047,0.5046390891075134,0.5282542109489441,0.5583622455596924,0.5484644770622253,0.5587708353996277,0.5553044676780701,0.5675155520439148,0.5529530644416809,0.5610490441322327,0.5522276759147644,0.5600376129150391,0.5935763716697693,0.6110389828681946,0.588545024394989,0.574725866317749,0.6978819370269775,0.6554126143455505,0.7202354669570923,0.6735326647758484,0.7153002619743347,0.6672400236129761,-0.1422687321901321,-0.1275011152029037,-0.1276036351919174,-0.1276934891939163,-0.1395083367824554,-0.1395183354616165,-0.1395133733749389,-0.0348270460963249,-0.0889333039522171,-0.1055469512939453,-0.1214794963598251,0.0399230942130088,-0.0859275981783866,0.0026170518249273,-0.1563427001237869,-0.1200950965285301,-0.2205261290073394,-0.1454413384199142,-0.2476326674222946,-0.1640120595693588,-0.2509869039058685,-0.1312621980905532,-0.2224609851837158,0.0520162358880043,-0.0518324747681617,-0.0975416749715805,-0.2274564951658249,-0.130088597536087,-0.2233490943908691,-0.136956050992012,-0.2238655537366867,-0.206985518336296,-0.2844459414482116,Stand-To-Sit
670,0.9995046854019164,0.999398410320282,0.9993104934692384,0.9992313385009766,0.9992961883544922,0.99925696849823,0.999173104763031,0.9985558390617372,0.9992474913597108,0.9993213415145874,0.9996369481086732,0.9997222423553468,0.999513566493988,0.5303380489349365,0.943869948387146,0.5722392797470093,0.8242698907852173,0.5709509253501892,0.7719606757164001,0.5833551287651062,0.7794431447982788,0.5658183693885803,0.7426548004150391,0.999386727809906,0.9987066984176636,0.862720251083374,0.9689242243766784,0.8826087117195129,0.9338776469230652,0.8867153525352478,0.9191893935203552,0.8874128460884094,0.9451692700386048,0.1411390751600265,0.1401328146457672,0.1413066834211349,0.1424157172441482,0.1345146298408508,0.1316263228654861,0.1284710764884948,0.1398418247699737,0.1203512921929359,0.143808975815773,0.1383807361125946,0.1570513695478439,0.1138031035661697,0.1869653761386871,0.1547421813011169,0.2150777578353881,0.1941469311714172,0.2269887179136276,0.2047818601131439,0.2218945920467376,0.2063971310853958,0.2181835174560547,0.2026246339082718,0.1812852323055267,0.1548506468534469,0.2410543411970138,0.2012207210063934,0.2619943022727966,0.2438335120677948,0.2517395615577698,0.2432624399662017,0.2909526228904724,0.2764524221420288,0.4598175883293152,0.4503143727779388,0.449458509683609,0.4486790299415588,0.4529557824134826,0.4539975225925445,0.455120712518692,0.4507226049900055,0.4602522850036621,0.4670963883399963,0.4709175527095794,0.4854413568973541,0.5070351958274841,0.5279208421707153,0.5569778680801392,0.5484619736671448,0.5565277934074402,0.5555849671363831,0.5636786818504333,0.5530481338500977,0.5565842390060425,0.5527676343917847,0.5558367371559143,0.5934602618217468,0.6117045283317566,0.588709831237793,0.5748274326324463,0.6972047090530396,0.6433192491531372,0.7201994061470032,0.6593334674835205,0.7124773859977722,0.6480387449264526,-0.1569446623325348,-0.1418493390083313,-0.1419452428817749,-0.1420370638370514,-0.1552205979824066,-0.1552317589521408,-0.1552326381206512,-0.0489110834896564,-0.1091007217764854,-0.1194870248436927,-0.1370448172092437,0.0383570156991481,-0.1077788323163986,0.024693340063095,-0.1451865285634994,-0.0808444693684578,-0.1609431803226471,-0.0994104370474815,-0.1812514364719391,-0.1173513755202293,-0.1868277490139007,-0.091059572994709,-0.1626850962638855,0.0520488210022449,-0.0518774762749671,-0.0909046530723571,-0.2377522438764572,-0.1178505569696426,-0.2152413129806518,-0.1232666224241256,-0.212050125002861,-0.1844470798969268,-0.2577538192272186,Stand-To-Sit
671,0.9994771480560304,0.9994013905525208,0.9993110299110411,0.9992446899414062,0.9992668628692628,0.9992127418518066,0.9991137981414796,0.9985849857330322,0.999206244945526,0.9993257522583008,0.9995967149734496,0.9997376203536988,0.9993936419487,0.5393450260162354,0.9304232001304626,0.5889595150947571,0.8037858605384827,0.5859416723251343,0.7529132962226868,0.5983080267906189,0.7603849768638611,0.5800896883010864,0.7224658727645874,0.9994321465492249,0.9986774921417236,0.8532736301422119,0.9611538648605348,0.8793714046478271,0.8887478709220886,0.8872541785240173,0.8841087818145752,0.8852604031562805,0.9176868200302124,0.1382922232151031,0.137213796377182,0.1384835094213485,0.1396282762289047,0.1312936097383499,0.1282629072666168,0.1248638406395912,0.1370288729667663,0.1171366348862648,0.1412370055913925,0.1354160904884338,0.1536041498184204,0.1121461614966392,0.1869272887706756,0.1569754630327224,0.2157839983701706,0.1996818333864212,0.2272958755493164,0.209799975156784,0.2231801748275756,0.2117692977190017,0.2194567024707794,0.208415538072586,0.1805745810270309,0.1539226174354553,0.2406682521104812,0.1922874599695205,0.2626227438449859,0.2316399067640304,0.253283828496933,0.230220079421997,0.291693776845932,0.2617251873016357,0.4598021209239959,0.4503831267356872,0.4494585692882538,0.4486184418201446,0.4533310234546661,0.4545354843139648,0.4558888673782348,0.451175183057785,0.4615110456943512,0.4673451781272888,0.4714932739734649,0.4869426786899566,0.5079050064086914,0.5268990397453308,0.5559641718864441,0.5435097813606262,0.556645393371582,0.5476741790771484,0.564667820930481,0.5485290288925171,0.5584818720817566,0.5487366318702698,0.5570201873779297,0.5932013988494873,0.6121916174888611,0.5887719988822937,0.5769198536872864,0.6968489289283752,0.6146033406257629,0.7201626300811768,0.625302255153656,0.7112968564033508,0.6103023290634155,-0.1734770834445953,-0.1575448662042617,-0.1576587110757827,-0.1577503085136413,-0.1741440892219543,-0.1741487085819244,-0.1741715520620346,-0.0596296600997448,-0.1353792995214462,-0.1341264098882675,-0.1561880856752395,0.0297217611223459,-0.1416979283094406,0.0123591385781764,-0.1645762026309967,-0.096951849758625,-0.1725614517927169,-0.1144707798957824,-0.1940446496009826,-0.1353542357683181,-0.1961848586797714,-0.1082539334893226,-0.1735435128211975,0.0524183996021747,-0.0522976219654083,-0.0724354237318039,-0.2463331967592239,-0.0973146483302116,-0.1949142962694168,-0.1009102016687393,-0.2040387839078903,-0.1619371026754379,-0.2116227149963379,Stand-To-Sit
672,0.9995213150978088,0.9994574785232544,0.9993752837181092,0.9993162751197816,0.9993343353271484,0.9992845058441162,0.9991961121559144,0.998719334602356,0.9992813467979432,0.9993897676467896,0.9996346831321716,0.9997573494911194,0.9994388818740844,0.5478849411010742,0.931481659412384,0.6012802720069885,0.8076905012130737,0.601292610168457,0.7596851587295532,0.6132010221481323,0.7659730911254883,0.594275176525116,0.727821409702301,0.9994784593582152,0.9987429976463318,0.863479733467102,0.9628666639328004,0.8876261711120605,0.8773292899131775,0.8957712650299072,0.8849674463272095,0.8941610455513,0.9207744002342224,0.1395302712917328,0.137083351612091,0.1377163976430893,0.1382716298103332,0.1327080726623535,0.1299225836992263,0.1270937770605087,0.1337023377418518,0.1186596155166626,0.1413614302873611,0.1365535408258438,0.1559771597385406,0.1089726835489273,0.185951679944992,0.1276195496320724,0.215212732553482,0.1785448491573333,0.225583866238594,0.1865733414888382,0.2231346815824508,0.1883338987827301,0.2183355391025543,0.1873475313186645,0.181811049580574,0.1528984159231186,0.240362212061882,0.1733867228031158,0.263295829296112,0.2263888418674469,0.2551589906215668,0.2308662682771682,0.291841596364975,0.2494412362575531,0.4588429033756256,0.4499097764492035,0.4492209255695343,0.448628157377243,0.4523892700672149,0.4535500109195709,0.4547547698020935,0.4530138373374939,0.4611167311668396,0.4668201804161072,0.4704691171646118,0.4886744320392608,0.5081475377082825,0.5270237326622009,0.5557473301887512,0.540399432182312,0.5574693083763123,0.5456207990646362,0.5650507211685181,0.5450491309165955,0.5578760504722595,0.5430790185928345,0.5560773611068726,0.5936863422393799,0.6117158532142639,0.592438280582428,0.5776827335357666,0.6969297528266907,0.5824491381645203,0.7201237082481384,0.5930145978927612,0.7087582349777222,0.5586601495742798,-0.0926780849695205,-0.0787570104002952,-0.0788677483797073,-0.0789383798837661,-0.0938774049282074,-0.093887910246849,-0.0939043015241622,0.0060240672901272,-0.0634391084313392,-0.0585052743554115,-0.0787286609411239,0.0673685073852539,-0.0721794739365577,0.04053221270442,-0.1352466493844986,-0.084560751914978,-0.1870027631521225,-0.1038433760404586,-0.2108189612627029,-0.1249894052743911,-0.2119227945804596,-0.0960356742143631,-0.1874465495347976,0.0447427555918693,-0.0446552000939846,-0.068392165005207,-0.2624783515930176,-0.1438472718000412,-0.3147309422492981,-0.1546053141355514,-0.3189351260662079,-0.2070734202861786,-0.3526627719402313,Stand-To-Sit
673,0.9995660781860352,0.9995101690292358,0.9994357228279114,0.99938303232193,0.9993984699249268,0.999353051185608,0.999273717403412,0.9988440871238708,0.9993507862091064,0.9994493126869202,0.9996700882911682,0.999779999256134,0.9994887709617616,0.5671701431274414,0.9339212775230408,0.6272494792938232,0.81705242395401,0.6278728246688843,0.7721273303031921,0.6387867331504822,0.7774707078933716,0.6196444630622864,0.7401077747344971,0.9995262026786804,0.9988417625427246,0.8727362155914307,0.9636661410331726,0.8943325877189636,0.8693000078201294,0.9034188389778136,0.88811194896698,0.9019833207130432,0.9250698685646056,0.1404007524251938,0.1370898187160492,0.1372317373752594,0.1373297721147537,0.1338246166706085,0.1313850879669189,0.1287223845720291,0.1303893029689788,0.1201036721467971,0.1415027976036071,0.1376816928386688,0.1516807973384857,0.1093893051147461,0.1828564405441284,0.1333475261926651,0.2128595113754272,0.1778808236122131,0.2230124026536941,0.1874596923589706,0.2214515656232834,0.1901811361312866,0.2161533385515213,0.1865461021661758,0.1819598078727722,0.1533984690904617,0.2428092956542968,0.1804286986589431,0.2646461129188537,0.2279883623123169,0.2570832371711731,0.2327082455158233,0.2920429408550262,0.2478482723236084,0.4586218893527984,0.4493492841720581,0.4487451910972595,0.448284775018692,0.4517213404178619,0.452842116355896,0.4540039896965027,0.4536595046520233,0.4601396024227142,0.4663322865962982,0.470356673002243,0.4881976544857025,0.5079478025436401,0.5262233018875122,0.5556537508964539,0.5386949181556702,0.5579439997673035,0.5450060963630676,0.5653477311134338,0.5442810654640198,0.5583482384681702,0.5432706475257874,0.5562881231307983,0.5917757749557495,0.6114482283592224,0.5896152257919312,0.5783864855766296,0.6965080499649048,0.5921898484230042,0.7195344567298889,0.60535728931427,0.7088525891304016,0.570057213306427,-0.061169795691967,-0.0472337156534194,-0.0473485328257083,-0.0474146381020545,-0.0645646303892135,-0.0645640715956687,-0.0645771771669387,0.0328248813748359,-0.0466504022479057,-0.0288419611752033,-0.0520198419690132,0.0901756808161735,-0.0639110431075096,0.0661659240722656,-0.1268940418958664,-0.051636803895235,-0.1840053796768188,-0.0705303624272346,-0.208207294344902,-0.0914167687296867,-0.2109363824129104,-0.0627528056502342,-0.1849881708621978,0.0448991209268569,-0.0448307916522026,-0.0550510063767433,-0.2728886008262634,-0.1365310400724411,-0.3607920110225677,-0.1478436887264251,-0.3684394955635071,-0.1948552429676056,-0.4037726819515228,Stand-To-Sit
674,0.9995974898338318,0.9995525479316713,0.9994841814041138,0.9994376301765442,0.9994465708732604,0.9994043111801147,0.9993335008621216,0.9989463686943054,0.999405801296234,0.9994985461235046,0.999696969985962,0.9997973442077636,0.9995155334472656,0.5792094469070435,0.9275023341178894,0.6446535587310791,0.8157472014427185,0.6449055671691895,0.7734495997428894,0.6552752256393433,0.7781690359115601,0.6362290978431702,0.7409355640411377,0.999560534954071,0.9988453388214112,0.8830608129501343,0.9630056619644164,0.9008285999298096,0.8386291265487671,0.909850537776947,0.8795091509819031,0.9090844392776488,0.9231524467468262,0.1387540400028228,0.1354304403066635,0.1358934193849563,0.136291816830635,0.1315337717533111,0.1289221346378326,0.1261649578809738,0.131547749042511,0.1185285225510597,0.1405735164880752,0.1360935866832733,0.1524537056684494,0.1086609736084938,0.1830525547266006,0.1373519003391266,0.2117361575365066,0.1803220510482788,0.2231441736221313,0.1882510185241699,0.2193755656480789,0.1927869170904159,0.2158504277467727,0.1894561797380447,0.1846515983343124,0.156357005238533,0.2419451773166656,0.1725836098194122,0.2658791244029999,0.2139416486024856,0.2588340640068054,0.217705637216568,0.2923599183559418,0.2339341938495636,0.4581990838050842,0.4489941895008087,0.448391705751419,0.4479137659072876,0.4513060748577118,0.4524559676647186,0.4537266194820404,0.4531058669090271,0.4606511890888214,0.4659642875194549,0.4697661697864532,0.4877612292766571,0.5074332356452942,0.5256174206733704,0.5530134439468384,0.5388525724411011,0.5565527677536011,0.5459545254707336,0.5649024844169617,0.5448526740074158,0.5570929646492004,0.5435479283332825,0.5548572540283203,0.588913083076477,0.6107881665229797,0.5897036790847778,0.5777517557144165,0.6964091658592224,0.5770742297172546,0.7185404300689697,0.5857597589492798,0.7093229293823242,0.5562317967414856,-0.075093850493431,-0.0604751780629158,-0.0605824366211891,-0.0606504902243614,-0.0753485709428787,-0.0753581002354621,-0.0753807201981544,0.0247459542006254,-0.0432825200259685,-0.0408272743225097,-0.060685820877552,0.0867144614458084,-0.0535093732178211,0.0638066753745079,-0.1035988181829452,-0.0510714426636695,-0.1516037285327911,-0.069885529577732,-0.1741394251585006,-0.0911515578627586,-0.1791302859783172,-0.0622771009802818,-0.153095543384552,0.0390296578407287,-0.0389286391437053,-0.0789875835180282,-0.2658150494098663,-0.1918457895517349,-0.3342598676681518,-0.2064912766218185,-0.3399791121482849,-0.2654497623443603,-0.3779194951057434,Stand-To-Sit
675,0.99962717294693,0.9995892643928528,0.9995269179344176,0.9994865655899048,0.9994852542877196,0.9994449019432068,0.9993806481361388,0.9990369081497192,0.9994484186172484,0.999542236328125,0.9997199177742004,0.9998141527175904,0.9995285868644714,0.6086276769638062,0.9289630651474,0.6720917224884033,0.8217304944992065,0.6715630888938904,0.780543327331543,0.681206226348877,0.785027027130127,0.6628831624984741,0.7488816380500793,0.9995768666267396,0.9987053275108336,0.8907223343849182,0.9610735177993774,0.9049580097198486,0.8188628554344177,0.9146210551261902,0.879661500453949,0.9143176078796388,0.9236061573028564,0.1384951770305633,0.1356338560581207,0.1362471878528595,0.1367934942245483,0.1313898563385009,0.1287238150835037,0.1259611099958419,0.1322550326585769,0.1179443225264549,0.1404329389333725,0.1355686783790588,0.1515679210424423,0.1079567447304725,0.1832279115915298,0.1385163366794586,0.2105618268251419,0.1777968853712082,0.2218810617923736,0.1874023377895355,0.2197623550891876,0.1904275268316269,0.2144784927368164,0.1905445307493209,0.1846652925014495,0.1556306183338165,0.2374922335147857,0.1822184473276138,0.2670415043830871,0.2218255698680877,0.2598558366298675,0.2211847007274627,0.2929705381393432,0.2452458888292312,0.4578045010566711,0.4489337503910064,0.4483782351016998,0.4479342103004455,0.4511454999446869,0.4522716701030731,0.4535055756568908,0.4530787169933319,0.460519790649414,0.4657093286514282,0.4693533182144165,0.4876202642917633,0.507750391960144,0.523783266544342,0.5531647801399231,0.5374627709388733,0.5564768314361572,0.544826328754425,0.5652711987495422,0.5438367128372192,0.5573230385780334,0.5421286821365356,0.5553541779518127,0.5877160429954529,0.6106416583061218,0.5896260142326355,0.5778045058250427,0.6959972381591797,0.6030731797218323,0.717728316783905,0.616155207157135,0.7099230289459229,0.5912726521492004,-0.0848837867379188,-0.0679700374603271,-0.0680862441658973,-0.068167395889759,-0.0820571929216384,-0.0820474326610565,-0.0820548832416534,0.0262531396001577,-0.0373043566942215,-0.0478140637278556,-0.0663570016622543,0.0916192978620529,-0.0422242246568203,0.056006520986557,-0.0990393534302711,-0.0628606081008911,-0.1567891538143158,-0.0943389981985092,-0.1820206493139267,-0.1149502545595169,-0.1885465681552887,-0.0751923993229866,-0.159426599740982,0.04030367359519,-0.0401988700032234,-0.0932471379637718,-0.2574543356895447,-0.206947848200798,-0.3386270999908447,-0.2229090631008148,-0.3471683859825134,-0.282555341720581,-0.3893453180789947,Stand-To-Sit
676,0.9995477795600892,0.9995333552360536,0.9994623064994812,0.9994433522224426,0.9994080662727356,0.9993658661842346,0.999299943447113,0.9989665150642396,0.9993837475776672,0.9994487762451172,0.9996573328971864,0.9998027086257936,0.999540150165558,0.5833289623260498,0.9289615750312804,0.6633602976799011,0.8242925405502319,0.6648858189582825,0.7844974398612976,0.6751195192337036,0.7886274456977844,0.6557022929191589,0.7508255243301392,0.9995511770248412,0.9985201358795166,0.8867902159690857,0.9595473408699036,0.8972766995429993,0.8118854761123657,0.91058748960495,0.8685722351074219,0.905896782875061,0.9133429527282716,0.1387640982866287,0.1358131021261215,0.1364379227161407,0.1369926780462265,0.1315924823284149,0.1289229243993759,0.1260801702737808,0.1332050412893295,0.1186954230070114,0.1408613473176956,0.1360527127981186,0.1531352698802948,0.1090650707483291,0.1834520250558853,0.1369688063859939,0.211476594209671,0.1772374808788299,0.2222373485565185,0.185574471950531,0.2198277413845062,0.1858920753002166,0.2150429189205169,0.1854026019573211,0.1847352236509323,0.1561621725559234,0.2378641068935394,0.2119937688112259,0.2668169438838959,0.2416855990886688,0.2592522799968719,0.2375301122665405,0.2951990067958832,0.2713350355625152,0.457561045885086,0.4488310515880584,0.4482644200325012,0.4478038549423218,0.4510063827037811,0.4520748257637024,0.4532623887062073,0.4527246057987213,0.4603044092655182,0.4651731848716736,0.4689327180385589,0.487901508808136,0.5073112845420837,0.5231596231460571,0.5527659058570862,0.5352096557617188,0.5543391108512878,0.5426541566848755,0.5622119903564453,0.5392838716506958,0.5558375716209412,0.5392502546310425,0.553483784198761,0.5882614850997925,0.6102714538574219,0.5912010073661804,0.5782270431518555,0.698154866695404,0.6542766690254211,0.7192373871803284,0.6715914607048035,0.7165752649307251,0.6689932346343994,-0.084877073764801,-0.0691428780555725,-0.0692276880145073,-0.0692972019314765,-0.0849974751472473,-0.0849965512752533,-0.0850268304347992,0.0171549655497074,-0.053939938545227,-0.0507887974381446,-0.0715997442603111,0.0912062972784042,-0.0663665607571601,0.0631092265248298,-0.1371730715036392,-0.0643320232629776,-0.2074872255325317,-0.0880518779158592,-0.2324002087116241,-0.1048799976706504,-0.2341426610946655,-0.0754870846867561,-0.2082664519548416,0.0497228577733039,-0.0495591759681701,-0.0915346667170524,-0.215005874633789,-0.1642381846904754,-0.2250905334949493,-0.1754772365093231,-0.2266019284725189,-0.230025365948677,-0.2819976210594177,Stand-To-Sit
677,0.9994957447052002,0.9995110630989076,0.9994380474090576,0.99943608045578,0.9993515610694884,0.99929940700531,0.999231219291687,0.998966634273529,0.999328076839447,0.9994102120399476,0.9995989203453064,0.9998071193695068,0.9995015859603882,0.5682780146598816,0.920539617538452,0.6554263830184937,0.8086116909980774,0.6565302014350891,0.7689886689186096,0.6665423512458801,0.7726600170135498,0.6465728878974915,0.7320115566253662,0.9995577335357666,0.998254120349884,0.884678065776825,0.9518599510192872,0.8950290679931641,0.7830854654312134,0.910779356956482,0.8483756184577942,0.9051113128662108,0.8972245454788208,0.1394462883472442,0.136586308479309,0.1372070014476776,0.1377526819705963,0.1323296576738357,0.1296717375516891,0.1268182545900344,0.1336885392665863,0.1193482726812362,0.1415593922138214,0.1367037892341613,0.152336835861206,0.1097335591912269,0.1822983920574188,0.1430647075176239,0.2086272537708282,0.1827655136585235,0.2222311198711395,0.1933295279741287,0.2182952612638473,0.1921184957027435,0.2121235877275467,0.1886274069547653,0.1832102984189987,0.1560533791780471,0.2379825562238693,0.2046109735965728,0.2666986286640167,0.2333275973796844,0.2588456273078918,0.2301047146320343,0.2952437102794647,0.2624898552894592,0.4574648141860962,0.448740154504776,0.4481661915779114,0.4476946890354156,0.4508900940418243,0.451934665441513,0.4530957639217376,0.4524931907653808,0.4601059556007385,0.4650726616382599,0.4687981307506561,0.4880467057228088,0.5071412324905396,0.5232421159744263,0.5486131906509399,0.5365957617759705,0.5437591075897217,0.5445624589920044,0.5486990213394165,0.540214478969574,0.540492832660675,0.5400232076644897,0.5403202176094055,0.5883790254592896,0.6105327606201172,0.5910609364509583,0.5733629465103149,0.6991485953330994,0.6435333490371704,0.7202618718147278,0.6607673764228821,0.7168485522270203,0.6550552248954773,-0.0939554572105407,-0.0780805200338363,-0.0781766846776008,-0.0782545208930969,-0.0943715646862983,-0.0943683013319969,-0.0943894684314727,0.009644640609622,-0.0633156523108482,-0.0588795952498912,-0.0802536457777023,0.0857167840003967,-0.0733096748590469,0.0635096132755279,-0.1378526985645294,-0.0527259111404418,-0.1945732533931732,-0.072171926498413,-0.2196277379989624,-0.0897220969200134,-0.2167957574129104,-0.0633075013756752,-0.1932438462972641,0.0517899468541145,-0.0516659803688526,-0.0920939147472381,-0.2212813198566436,-0.1633123159408569,-0.2330086976289749,-0.1738126873970031,-0.2340652048587799,-0.2381723821163177,-0.2820722162723541,Stand-To-Sit
678,0.9994706511497498,0.9995124340057372,0.9994421601295472,0.9994542598724364,0.9993239641189576,0.9992617964744568,0.999187171459198,0.9990205764770508,0.999297857284546,0.9994238615036012,0.9995855689048768,0.9998173713684082,0.999478042125702,0.5617717504501343,0.9102774858474731,0.6517558693885803,0.7888668179512024,0.6539156436920166,0.7501878142356873,0.6637819409370422,0.7535287141799927,0.643367350101471,0.7104278802871704,0.9995771050453186,0.9982197880744934,0.8801203966140747,0.9447962045669556,0.8928252458572388,0.7671633958816528,0.9117671847343444,0.8383809924125671,0.9053001999855042,0.8884110450744629,0.139885202050209,0.1371193677186966,0.1377496719360351,0.1383049637079239,0.1328152120113372,0.1301546692848205,0.1272809356451034,0.1340793073177337,0.1197701469063758,0.141956478357315,0.1370824426412582,0.1524883955717086,0.1101969853043556,0.1827743202447891,0.1472943127155304,0.2096309959888458,0.1882083266973495,0.2226423472166061,0.1995611041784286,0.2182414978742599,0.1973583251237869,0.2126194238662719,0.1930627673864364,0.1823344975709915,0.1561923623085022,0.2420242577791214,0.2032719403505325,0.2666338086128235,0.2333486527204513,0.2587215006351471,0.2307430505752563,0.2950686812400818,0.2623604536056518,0.4572342038154602,0.4487051665782928,0.4481394588947296,0.4476672410964966,0.4508413672447204,0.4518910646438598,0.4530909657478332,0.4526457190513611,0.4601981937885284,0.4650275409221649,0.4686394035816192,0.4881661534309387,0.5073573589324951,0.5229707956314087,0.5420463681221008,0.5369571447372437,0.5325104594230652,0.544955849647522,0.5351470112800598,0.540942370891571,0.5280774831771851,0.5403313040733337,0.5292227268218994,0.589303731918335,0.6106463074684143,0.5903684496879578,0.5685795545578003,0.7007642388343811,0.6403648853302002,0.7215108871459961,0.6570004224777222,0.7191870808601379,0.6460883617401123,-0.1014961823821067,-0.0856559723615646,-0.0857595279812812,-0.0858412384986877,-0.1016678214073181,-0.1016599163413047,-0.1016729027032852,0.0039036534726619,-0.0683329850435257,-0.0658742785453796,-0.0868719965219497,0.0767616555094719,-0.0743123143911361,0.0309267006814479,-0.1546018421649933,-0.1071974039077758,-0.1991647779941558,-0.1323466151952743,-0.2239281684160232,-0.1483986526727676,-0.2245313823223114,-0.1177834123373031,-0.1994668692350387,0.0517413727939128,-0.0516242757439613,-0.09406079351902,-0.2246181517839431,-0.1649726778268814,-0.2488157004117965,-0.1758292615413665,-0.2531410753726959,-0.2454791814088821,-0.3089483380317688,Stand-To-Sit
679,0.9994298815727234,0.9994979500770568,0.9994291067123412,0.9994595646858216,0.9993016719818116,0.9992366433143616,0.9991702437400818,0.9990506172180176,0.9992499351501464,0.9994062781333924,0.9995625019073486,0.999808132648468,0.9995033144950868,0.5492597818374634,0.9155949354171752,0.6462886333465576,0.7990565299987793,0.6495004296302795,0.759901762008667,0.6594579815864563,0.7629745602607727,0.638908326625824,0.7199262976646423,0.9994928240776062,0.9981369376182556,0.8714349865913391,0.9473479986190796,0.8768748641014099,0.7829044461250305,0.8975514769554138,0.8419254422187805,0.8928002119064331,0.8922243118286133,0.1403480172157287,0.1371620297431945,0.1380008459091186,0.1386807709932327,0.1335310339927673,0.1310822069644928,0.1284838318824768,0.1343523263931274,0.1203898414969444,0.1420656442642212,0.1373900920152664,0.1530621796846389,0.1103053838014602,0.1829954981803894,0.1395979523658752,0.209843561053276,0.1842454373836517,0.2216611355543136,0.1950521320104599,0.2186020165681839,0.1958912163972854,0.2132337987422943,0.1914843767881393,0.1821540892124176,0.1564305126667022,0.2421526461839676,0.2267826795578003,0.2670261561870575,0.2629006206989288,0.2602245211601257,0.2532369792461395,0.2950316369533539,0.2897370457649231,0.4571562707424164,0.448614239692688,0.4480465650558471,0.4475882351398468,0.450824111700058,0.4518255293369293,0.4529552757740021,0.4527429342269897,0.4600919187068939,0.4649518728256225,0.4686020314693451,0.4888396263122558,0.5070019364356995,0.5211603045463562,0.5398681163787842,0.5369435548782349,0.5309011936187744,0.5441267490386963,0.5400713086128235,0.5408000946044922,0.5327388048171997,0.5407900214195251,0.5318020582199097,0.5901497602462769,0.6115739345550537,0.5827113389968872,0.5902075171470642,0.7001987099647522,0.6975484490394592,0.7193188071250916,0.7192984819412231,0.719792366027832,0.7177673578262329,-0.0603439919650554,-0.0462544038891792,-0.0463208854198455,-0.0463668778538703,-0.063438281416893,-0.0634272769093513,-0.0634419098496437,0.0308107081800699,-0.0464022457599639,-0.0297724958509206,-0.0522413253784179,0.0924131497740745,-0.0734551101922988,0.0498480796813964,-0.1540165245532989,-0.0815445110201835,-0.1980256587266922,-0.103210374712944,-0.2205738723278045,-0.1128450185060501,-0.2205116748809814,-0.0897004455327987,-0.1973390281200409,0.0546488538384437,-0.0545251779258251,-0.0796302556991577,-0.1985837370157241,-0.11984683573246,-0.2207529991865158,-0.1266104280948639,-0.2231318056583404,-0.1849075108766555,-0.2801432013511657,Stand-To-Sit
680,0.9993640184402466,0.9994601011276244,0.9993945360183716,0.9994475245475768,0.9992437958717346,0.9991693496704102,0.9991142749786376,0.9990533590316772,0.9991838932037354,0.9993783831596376,0.999539315700531,0.9998005628585817,0.9995294213294984,0.540185272693634,0.9188884496688844,0.6371028423309326,0.8051430583000183,0.6419535875320435,0.7651679515838623,0.6518590450286865,0.768028199672699,0.6313983201980591,0.7244933247566223,0.9994139075279236,0.9980443716049194,0.869347095489502,0.9483981132507324,0.8691181540489197,0.7929021716117859,0.8898057341575623,0.8418840765953064,0.8858522176742554,0.8930914402008057,0.1407950520515442,0.1372192800045013,0.1381682902574539,0.1389371454715728,0.1339469105005264,0.1315658986568451,0.1290265023708343,0.1346456259489059,0.1205648034811019,0.1422499567270279,0.1378426402807235,0.1553582400083542,0.1096924394369125,0.1842077672481537,0.1328967809677124,0.2092806547880172,0.1827776730060577,0.2199811041355133,0.1925788074731826,0.2153971195220947,0.1944220215082168,0.2129170596599578,0.1900485157966613,0.1827342659235,0.1564369946718216,0.2432982623577118,0.2293552458286285,0.2682426273822784,0.2666445076465606,0.2642742097377777,0.2627094686031341,0.2949890494346618,0.292463481426239,0.4570179283618927,0.4485464692115783,0.4479759931564331,0.4475272893905639,0.4507852792739868,0.4518036544322967,0.4529169201850891,0.4526740908622741,0.4600464999675751,0.4646114110946655,0.4680722653865814,0.4891204833984375,0.5068941712379456,0.5212282538414001,0.5408862829208374,0.5370416641235352,0.5287347435951233,0.5443557500839233,0.5356921553611755,0.5408678650856018,0.5274402499198914,0.54127037525177,0.5270810723304749,0.5901421904563904,0.6118078827857971,0.5833198428153992,0.5969167351722717,0.7003944516181946,0.700509250164032,0.7194911241531372,0.7202003598213196,0.7210831046104431,0.723332405090332,-0.0636420100927352,-0.0496756397187709,-0.0497435480356216,-0.0497950799763202,-0.0651711076498031,-0.0651603639125824,-0.0651874244213104,0.0282058361917734,-0.0415964759886264,-0.0326532460749149,-0.0529372990131378,0.0855039879679679,-0.0637446045875549,0.0398229137063026,-0.1506854146718979,-0.0921399593353271,-0.1983917951583862,-0.1149970293045044,-0.2206834107637405,-0.1258466392755508,-0.2193483114242553,-0.1006935089826583,-0.1973914504051208,0.0543397776782512,-0.0542359873652458,-0.0908829346299171,-0.2000545710325241,-0.1395518183708191,-0.2274945080280304,-0.1476114392280578,-0.2306089699268341,-0.2160344123840332,-0.2830731272697449,Stand-To-Sit
681,0.9990828633308412,0.9992322325706482,0.999135434627533,0.9992709159851074,0.9989837408065796,0.9988965392112732,0.9989038705825806,0.998767077922821,0.9989145398139954,0.9990527629852296,0.9993317723274232,0.9996713399887084,0.9995397925376892,0.5048615336418152,0.92173832654953,0.5965256094932556,0.8111218214035034,0.6038181185722351,0.7689402103424072,0.6133878827095032,0.7714970111846924,0.5943869352340698,0.7269729375839233,0.999151349067688,0.9977664947509766,0.8626084923744202,0.9480194449424744,0.8562254309654236,0.801200270652771,0.8758158683776855,0.840970516204834,0.8745160698890686,0.8935620784759521,0.1409460604190826,0.1375089883804321,0.1384377479553222,0.1391674131155014,0.1340433359146118,0.1316208392381668,0.1291151940822601,0.1347558796405792,0.1206672042608261,0.1424829363822937,0.1380108445882797,0.1553016453981399,0.1096394285559654,0.1843451559543609,0.1346375048160553,0.2104445695877075,0.1839193701744079,0.2219808995723724,0.1955342590808868,0.2172425240278244,0.1977519690990448,0.2134142369031906,0.1919964253902435,0.1832678318023681,0.15650175511837,0.243256539106369,0.2300329208374023,0.2687294781208038,0.267591267824173,0.2671709954738617,0.2662888467311859,0.2950218021869659,0.2936947047710418,0.4570136964321136,0.4487038552761078,0.4481783509254455,0.447767823934555,0.4508483707904815,0.4518597722053528,0.4530389606952667,0.452926754951477,0.4599611461162567,0.464691698551178,0.4680107533931732,0.4901297390460968,0.5067948698997498,0.5236037969589233,0.5407793521881104,0.5393291711807251,0.5267323851585388,0.5457680821418762,0.5320731997489929,0.5420141220092773,0.5259647965431213,0.5422782301902771,0.5258200168609619,0.590143084526062,0.6118114590644836,0.5829564929008484,0.5971686244010925,0.7003691792488098,0.6986014246940613,0.7166308164596558,0.7202945947647095,0.721327543258667,0.7216678857803345,-0.0544656589627265,-0.0401390120387077,-0.0401950664818286,-0.040244210511446,-0.0567178912460804,-0.0567127652466297,-0.0567565448582172,0.0353057719767093,-0.0386162176728248,-0.0243911277502775,-0.0459672957658767,0.0974375456571579,-0.0682935491204261,0.0734450444579124,-0.1468701213598251,-0.024399435147643,-0.1719830930233001,-0.0390137024223804,-0.1902665495872497,-0.0515551455318927,-0.185866966843605,-0.0329904332756996,-0.1692123264074325,0.0538578256964683,-0.0537481382489204,-0.0897878408432006,-0.1961827725172042,-0.1390599012374878,-0.2231031954288482,-0.1472851485013961,-0.2262437045574188,-0.2159359008073806,-0.2846261262893677,Stand-To-Sit
682,0.9987685680389404,0.9989565014839172,0.9988454580307008,0.9990487694740297,0.9986467361450196,0.9985776543617249,0.9986177682876588,0.998449206352234,0.9986399412155152,0.9987940788269044,0.999157190322876,0.9995896220207214,0.9995592832565308,0.478847324848175,0.9274920225143432,0.564808189868927,0.8231299519538879,0.5731403827667236,0.7807433009147644,0.5824129581451416,0.7829992771148682,0.5650736689567566,0.7390150427818298,0.9989897012710572,0.9975919723510742,0.8585671782493591,0.949006736278534,0.8497132658958435,0.8103363513946533,0.8685087561607361,0.8428071141242981,0.8678287863731384,0.8954837918281555,0.1411584168672561,0.1377828121185302,0.1385949254035949,0.1392344087362289,0.134457916021347,0.1320094764232635,0.1294892579317093,0.1348102688789367,0.1207747086882591,0.1425451785326004,0.1381909102201461,0.1565639376640319,0.1091348379850387,0.1851979941129684,0.135571077466011,0.2137291431427002,0.1853040903806686,0.2259818017482757,0.1977183222770691,0.2215587198734283,0.2000342905521392,0.2160957157611847,0.1943084001541137,0.183974951505661,0.1565098911523819,0.2429275959730148,0.2271614968776703,0.2693318724632263,0.267914205789566,0.2657384574413299,0.2650111317634582,0.2948879599571228,0.2934924662113189,0.45705047249794,0.4489088058471679,0.448393166065216,0.4479815065860748,0.4509565532207489,0.4519429504871368,0.4530854225158691,0.4530330598354339,0.4599584937095642,0.4648459553718567,0.4680600166320801,0.4902991652488708,0.5067569613456726,0.5269277691841125,0.5410770177841187,0.5460631251335144,0.5259221792221069,0.5521023869514465,0.5300576090812683,0.549111545085907,0.5247451066970825,0.5491270422935486,0.5245357751846313,0.5901756286621094,0.6121072769165039,0.5894092321395874,0.5986480712890625,0.7005587816238403,0.7009308934211731,0.7178846597671509,0.7233301997184753,0.7231429219245911,0.7230474948883057,-0.0681722238659858,-0.0538258664309978,-0.0538869500160217,-0.0539412721991539,-0.0698671117424964,-0.0698625743389129,-0.0699008554220199,0.0251628365367651,-0.0465392507612705,-0.0364452004432678,-0.0573232546448707,0.0922319442033767,-0.0698407292366027,0.0754720717668533,-0.1445662677288055,-0.0209176670759916,-0.1654646098613739,-0.0362115576863288,-0.1842065304517746,-0.0503638908267021,-0.1805565506219864,-0.0301740076392889,-0.1629399955272674,0.0536185093224048,-0.0535292439162731,-0.0946623831987381,-0.2018073052167892,-0.1427588164806366,-0.2283153533935547,-0.1509101688861847,-0.231233075261116,-0.2211870700120926,-0.2912256717681885,Stand-To-Sit
683,0.9981818795204164,0.9985153675079346,0.9983999729156494,0.9987072348594666,0.9980556964874268,0.9980018138885498,0.9980568289756776,0.9980132579803468,0.9982248544692992,0.9984338283538818,0.9988734126091005,0.9995169639587402,0.9995367527008056,0.4607077240943908,0.9317063093185424,0.533281147480011,0.8287101984024048,0.5421414971351624,0.7843554019927979,0.5511279702186584,0.7865648865699768,0.5360886454582214,0.7423901557922363,0.9988638758659364,0.997315526008606,0.8582763671875,0.9483242034912108,0.8502537608146667,0.8153021335601807,0.8675015568733215,0.8429574966430664,0.866549015045166,0.8942669630050659,0.1416383981704712,0.1381966918706894,0.1389181315898895,0.1394873559474945,0.1349758207798004,0.1325848996639251,0.1301282495260238,0.1350641399621963,0.1212386637926101,0.1430260837078094,0.1387636363506317,0.1576228886842727,0.1087509617209434,0.1868318915367126,0.1382787674665451,0.2137248069047927,0.186401754617691,0.2258635312318802,0.1980641186237335,0.2209967374801635,0.1999135017395019,0.2135589867830276,0.1942551434040069,0.1846821159124374,0.1552128046751022,0.2425625771284103,0.2210538834333419,0.2693081498146057,0.2623188197612762,0.2645096182823181,0.2601605653762817,0.2949175238609314,0.2903641164302826,0.45718714594841,0.4490354359149933,0.448515772819519,0.4480981826782226,0.45110884308815,0.4521331787109375,0.453301340341568,0.4532192647457123,0.4603458642959595,0.465042382478714,0.468275249004364,0.4902141988277435,0.507225751876831,0.5268003344535828,0.5414637327194214,0.545598566532135,0.520226240158081,0.5517734885215759,0.5225940942764282,0.5489455461502075,0.5174139142036438,0.5475159287452698,0.5179425477981567,0.5896967053413391,0.6123828291893005,0.5924032330513,0.5962232947349548,0.7008267045021057,0.6927433013916016,0.7194210886955261,0.7119829654693604,0.7236759662628174,0.7139735817909241,-0.117576777935028,-0.1038538664579391,-0.10391815751791,-0.1039960831403732,-0.1198806017637252,-0.1198768392205238,-0.1199116706848144,-0.0222606807947158,-0.0934605523943901,-0.0843500941991806,-0.1050650104880333,0.047173548489809,-0.1072377115488052,0.0257588736712932,-0.1609114110469818,-0.0755080431699752,-0.1710056811571121,-0.0946041792631149,-0.191092386841774,-0.1062090173363685,-0.1896159946918487,-0.0843050330877304,-0.1695761233568191,0.0503191165626049,-0.0501747243106365,-0.1096591204404831,-0.216794416308403,-0.1541651636362075,-0.2297102212905883,-0.1617209017276764,-0.2319402396678924,-0.2389017045497894,-0.304171621799469,Stand-To-Sit
684,0.9979376792907716,0.998355269432068,0.998206913471222,0.9986091256141664,0.9979084730148317,0.9978398680686952,0.997977614402771,0.9978545308113098,0.9981154799461364,0.9983076453208924,0.9987609386444092,0.999445140361786,0.9995637536048888,0.4586644172668457,0.9372897744178772,0.518326461315155,0.8400208353996277,0.5255124568939209,0.7952350974082947,0.5323581099510193,0.7970148324966431,0.5171047449111938,0.753322958946228,0.9987225532531738,0.9971947073936462,0.8584772348403931,0.9500207304954528,0.8486984968185425,0.8235371112823486,0.8652256727218628,0.8456622362136841,0.8648507595062256,0.8957235217094421,0.1416237503290176,0.1383440494537353,0.1390082091093063,0.1395459622144699,0.1350287199020385,0.1326364278793335,0.1301598399877548,0.1351160705089569,0.1213455572724342,0.1430486142635345,0.1387014687061309,0.1577122509479522,0.1087902560830116,0.1871074140071869,0.1385044008493423,0.1947672516107559,0.1863805502653122,0.1979859173297882,0.1979507803916931,0.1902829259634018,0.1992475688457489,0.187694638967514,0.1934736669063568,0.1848098188638687,0.1552813798189163,0.2443945407867431,0.2243620604276657,0.2696097493171692,0.2619418501853943,0.2652147114276886,0.2601368427276611,0.294900506734848,0.2911952137947082,0.4570949971675873,0.4490224719047546,0.4484920501708984,0.4480736553668976,0.451052725315094,0.4520578980445862,0.4531883597373962,0.4533126652240753,0.4602999091148376,0.4649929702281952,0.4681942164897918,0.4901703000068664,0.5074814558029175,0.524913489818573,0.5416638851165771,0.5406726598739624,0.5179725885391235,0.5473695397377014,0.5193773508071899,0.5416736602783203,0.5140650272369385,0.5408236384391785,0.5150302052497864,0.5891836285591125,0.6120272874832153,0.5922887325286865,0.5948718786239624,0.7015653848648071,0.7000541687011719,0.7261009812355042,0.7222749590873718,0.7254234552383423,0.7242683172225952,-0.0206258576363325,-0.005557126365602,-0.0056059267371892,-0.0056447531096637,-0.0211506895720958,-0.0211384035646915,-0.0212028808891773,0.0638083666563034,-0.0045920806005597,0.0059799775481224,-0.0140442000702023,0.105394996702671,-0.0474566109478473,0.0315640643239021,-0.1076404899358749,-0.0788465589284896,-0.0986156910657882,-0.1005460172891616,-0.1110078692436218,-0.1058364361524581,-0.1088494807481765,-0.0836104527115821,-0.0957041084766388,0.0503158457577228,-0.0501716807484626,-0.1034303084015846,-0.1974669694900512,-0.1554793864488601,-0.2312898635864257,-0.1645337790250778,-0.23414346575737,-0.2355220019817352,-0.3011018633842468,Stand-To-Sit
685,0.9977717995643616,0.9982525110244752,0.9980835914611816,0.9985322952270508,0.9978142976760864,0.9977443814277648,0.9979184865951538,0.9977246522903442,0.9980815052986144,0.9982492327690125,0.9987542033195496,0.9994083046913148,0.999584436416626,0.4413315951824188,0.9416003227233888,0.4981448948383331,0.848626971244812,0.5098294615745544,0.8046246767044067,0.5163542628288269,0.8060916662216187,0.502079427242279,0.7630255818367004,0.9986786246299744,0.997158944606781,0.8574956655502319,0.951399028301239,0.8482204675674438,0.8277702927589417,0.8639369606971741,0.8474588990211487,0.8641065955162048,0.8953449726104736,0.1416749060153961,0.1384619772434234,0.1391044408082962,0.1396302580833435,0.1350696980953216,0.1326755285263061,0.130184918642044,0.1351943910121917,0.1213838905096054,0.1431198120117187,0.1387468725442886,0.1580204367637634,0.1088767275214195,0.1871485412120819,0.1354539394378662,0.198666363954544,0.185810849070549,0.2061553001403808,0.1978961527347564,0.2007554471492767,0.1969279050827026,0.1964533627033233,0.1912551969289779,0.1856531500816345,0.1554034352302551,0.2443499863147735,0.2224613428115844,0.2696413695812225,0.2602037787437439,0.2665137052536011,0.2584483623504638,0.2950355410575866,0.289730966091156,0.4569455087184906,0.4489981234073639,0.4484760463237762,0.4480649828910827,0.4510351121425628,0.452025830745697,0.4531549513339996,0.4533616006374359,0.4604593515396118,0.4648997485637665,0.4681383073329925,0.4901248514652252,0.5075974464416504,0.523617148399353,0.5461910963058472,0.5353870987892151,0.5207009315490723,0.544779360294342,0.5221537947654724,0.5374330282211304,0.514445960521698,0.5347844958305359,0.5157024264335632,0.5889566540718079,0.6115132570266724,0.5949650406837463,0.593206524848938,0.7020776867866516,0.6949325799942017,0.7293619513511658,0.7158950567245483,0.7266216278076172,0.7175164818763733,-0.0525519922375679,-0.0378149896860122,-0.037878043949604,-0.0379276014864444,-0.0531801059842109,-0.0531760640442371,-0.0532254502177238,0.0389906391501426,-0.0290987994521856,-0.022294508293271,-0.0421997718513011,0.0945021137595176,-0.057215679436922,0.030739065259695,-0.1258387565612793,-0.1028506308794021,-0.1698610335588455,-0.1276338994503021,-0.1899228394031524,-0.1362060308456421,-0.1858445554971695,-0.1107683405280113,-0.1671674400568008,0.0493574514985084,-0.0492092594504356,-0.1055044084787368,-0.2097903043031692,-0.163145512342453,-0.2498653829097747,-0.1725648790597915,-0.2538337111473083,-0.246516078710556,-0.320009708404541,Stand-To-Sit
